from,to,probability
0,3,0.973241378938998
1,22,0.6125819799156202
1,5,0.973241378938998
2,6,0.8390829025270309
2,7,0.9821508484111854
2,9,0.8281512950581523
3,0,0.973241378938998
3,10,0.8557002973105448
4,8,0.9528713406293264
5,1,0.973241378938998
5,22,0.6149926403546403
5,12,0.812163651662954
6,20,0.7302743149133958
6,2,0.8390829025270309
7,20,0.7016468064205528
7,2,0.9821508484111854
7,9,0.8834518071848676
8,29,0.6496082169488302
8,23,0.6289386137487797
8,24,0.5946527445349019
8,4,0.9528713406293264
9,16,0.6993185784922745
9,7,0.8834518071848676
9,2,0.8281512950581523
9,24,0.7409383427772167
10,3,0.8557002973105448
10,15,0.8351014751889441
10,21,0.7879867647293846
10,13,0.7481188378355574
11,23,0.7591530422777916
12,5,0.812163651662954
12,25,0.7959622431686978
12,14,0.7736114010641876
13,10,0.7481188378355574
13,17,0.9704542354364942
14,29,0.7726021062084778
14,25,0.8237709321350282
14,12,0.7736114010641876
15,40,0.6144266928484532
15,10,0.8351014751889441
15,21,0.8350026288615421
16,20,0.8271844087439152
16,27,0.8203390681062604
16,24,0.7567435035240014
16,9,0.6993185784922745
17,46,0.4031594993745894
17,13,0.9704542354364942
17,37,0.4503841492895968
17,32,0.4171212987883052
18,35,0.7374741616503733
18,19,0.3354810966194647
19,18,0.3354810966194647
19,35,0.3219277618645535
19,47,0.4075565204366543
19,41,0.3718948609895391
20,41,0.3904873276027734
20,26,0.8785606522702517
20,6,0.7302743149133958
20,16,0.8271844087439152
20,7,0.7016468064205528
21,40,0.6124213016296257
21,15,0.8350026288615421
21,43,0.6192045955630067
21,10,0.7879867647293846
21,46,0.3618820344086288
22,32,0.7827065287474073
22,34,0.7609439406523976
22,1,0.6125819799156202
22,5,0.6149926403546403
22,25,0.9623684211445606
23,29,0.9528713406293264
23,11,0.7591530422777916
23,8,0.6289386137487797
24,29,0.9568060828351197
24,16,0.7567435035240014
24,9,0.7409383427772167
24,8,0.5946527445349019
25,28,0.8344947074176731
25,22,0.9623684211445606
25,29,0.9644819118512427
25,12,0.7959622431686978
25,14,0.8237709321350282
26,38,0.7618018734103186
26,30,0.9726999188860621
26,20,0.8785606522702517
27,38,0.8038250238235861
27,29,0.8805701633829723
27,16,0.8203390681062604
28,39,0.7669010407513913
28,34,0.9160272021812753
28,29,0.8958948207707479
28,31,0.710237875523141
28,25,0.8344947074176731
29,38,0.7222553114442288
29,28,0.8958948207707479
29,36,0.7209998538680389
29,31,0.973241378938998
29,25,0.9644819118512427
29,33,0.9366167692420784
29,27,0.8805701633829723
29,14,0.7726021062084778
29,23,0.9528713406293264
29,24,0.9568060828351197
29,8,0.6496082169488302
30,38,0.8138208998674296
30,26,0.9726999188860621
31,28,0.710237875523141
31,29,0.973241378938998
31,36,0.8631998847942346
31,33,0.9200400887774002
32,17,0.4171212987883052
32,37,0.7891930525606974
32,34,0.9635139401772062
32,22,0.7827065287474073
33,29,0.9366167692420784
33,36,0.890700797753449
33,31,0.9200400887774002
34,37,0.8971855320143377
34,39,0.7651735419341986
34,32,0.9635139401772062
34,28,0.9160272021812753
34,22,0.7609439406523976
35,18,0.7374741616503733
35,45,0.6574534055858821
35,19,0.3219277618645535
36,38,0.9680141029402175
36,29,0.7209998538680389
36,31,0.8631998847942346
36,33,0.890700797753449
37,46,0.4848557682306693
37,49,0.456533993588958
37,17,0.4503841492895968
37,39,0.7700971284287468
37,32,0.7891930525606974
37,34,0.8971855320143377
38,44,0.7287410983547898
38,39,0.7006377713000735
38,30,0.8138208998674296
38,29,0.7222553114442288
38,36,0.9680141029402175
38,26,0.7618018734103186
38,27,0.8038250238235861
39,49,0.479789612541983
39,44,0.5179356988807599
39,37,0.7700971284287468
39,38,0.7006377713000735
39,34,0.7651735419341986
39,28,0.7669010407513913
40,15,0.6144266928484532
40,43,0.8891105905770373
40,21,0.6124213016296257
40,48,0.598579336167567
41,19,0.3718948609895391
41,42,0.946200161479398
41,20,0.3904873276027734
42,47,0.5790166301106242
42,41,0.946200161479398
42,44,0.8547885268760969
43,40,0.8891105905770373
43,21,0.6192045955630067
43,48,0.6937781500476513
43,46,0.593184254948443
44,47,0.552855840286945
44,49,0.6364323803298176
44,42,0.8547885268760969
44,39,0.5179356988807599
44,38,0.7287410983547898
45,35,0.6574534055858821
45,48,0.7483093143411574
45,47,0.820193267229137
46,43,0.593184254948443
46,21,0.3618820344086288
46,48,0.8422846823162513
46,49,0.7649808328779844
46,17,0.4031594993745894
46,37,0.4848557682306693
47,45,0.820193267229137
47,19,0.4075565204366543
47,49,0.7911514226724372
47,42,0.5790166301106242
47,44,0.552855840286945
48,40,0.598579336167567
48,43,0.6937781500476513
48,45,0.7483093143411574
48,46,0.8422846823162513
48,49,0.8043045308122134
49,48,0.8043045308122134
49,47,0.7911514226724372
49,46,0.7649808328779844
49,44,0.6364323803298176
49,37,0.456533993588958
49,39,0.479789612541983
