from,to,probability
0,8,0.9528713406293264
1,14,0.913556091857009
1,8,0.9644819118512427
2,8,0.9653197742132931
3,27,0.767231204574202
3,14,0.8966634259111176
3,8,0.973241378938998
4,8,0.9738083407717619
5,70,0.6996296673214696
6,19,0.871232533415451
6,17,0.9550161751648277
7,38,0.4565382248943203
7,149,0.3479295701100223
7,13,0.9437830818422798
7,30,0.8861644353325174
7,19,0.8852182045565662
8,14,0.9722730770907142
8,3,0.973241378938998
8,1,0.9644819118512427
8,0,0.9528713406293264
8,4,0.9738083407717619
8,2,0.9653197742132931
9,36,0.8577507283049174
9,23,0.9117908960763035
9,15,0.9738083407717619
10,55,0.7855153296319987
10,66,0.5168917891978744
11,20,0.8860330970781489
11,24,0.9487936471897895
11,12,0.8941852347710463
12,24,0.9568060828351197
12,11,0.8941852347710463
12,45,0.7809570699330872
13,7,0.9437830818422798
13,31,0.8968398854260691
13,30,0.9218390051298286
14,32,0.8571346208047855
14,27,0.9433113231217994
14,3,0.8966634259111176
14,8,0.9722730770907142
14,1,0.913556091857009
15,9,0.9738083407717619
15,23,0.973241378938998
16,41,0.5416309180163714
16,47,0.6801073657299979
16,40,0.827415984082653
16,32,0.9024314935795051
16,27,0.9183469452717982
17,6,0.9550161751648277
17,19,0.9821508484111854
18,23,0.9828715992216289
18,41,0.7524587356065237
19,7,0.8852182045565662
19,6,0.871232533415451
19,30,0.9414093153986384
19,17,0.9821508484111854
19,20,0.8352712578104647
19,24,0.7482186911930349
20,19,0.8352712578104647
20,24,0.9801847561502938
20,11,0.8860330970781489
21,61,0.5265041775493731
21,35,0.9044711526968143
21,55,0.4234224588153135
22,106,0.5544438027319084
22,102,0.6391877158510738
22,93,0.4796948655063349
23,36,0.9051635970245349
23,37,0.8604167026150135
23,9,0.9117908960763035
23,15,0.973241378938998
23,18,0.9828715992216289
24,19,0.7482186911930349
24,20,0.9801847561502938
24,11,0.9487936471897895
24,51,0.7844278964501494
24,12,0.9568060828351197
24,45,0.8662232126400536
25,41,0.9113150658887325
26,76,0.5925302298575238
26,82,0.5781434847366164
26,65,0.6743154853103562
26,58,0.8338791734074243
27,16,0.9183469452717982
27,32,0.9558012826194622
27,14,0.9433113231217994
27,3,0.767231204574202
28,120,0.5022420385051346
28,54,0.8262851314551057
28,43,0.8931651576203317
28,71,0.4189776397628759
29,48,0.8870305442804773
30,7,0.8861644353325174
30,13,0.9218390051298286
30,31,0.9218390051298286
30,19,0.9414093153986384
30,109,0.6181183347700957
31,149,0.4047315030674359
31,13,0.8968398854260691
31,30,0.9218390051298286
31,150,0.4645709922650271
31,105,0.6548492506145429
32,40,0.9606142271693334
32,16,0.9024314935795051
32,27,0.9558012826194622
32,14,0.8571346208047855
33,34,0.9083775496138666
33,63,0.8372022280064083
34,42,0.9623684211445606
34,33,0.9083775496138666
35,93,0.5613617499497019
35,86,0.7736612386334935
35,21,0.9044711526968143
36,134,0.4781268773818232
36,83,0.6810858475872297
36,54,0.8984018290332583
36,43,0.9483143562269498
36,37,0.9135174329536959
36,9,0.8577507283049174
36,23,0.9051635970245349
37,36,0.9135174329536959
37,43,0.9509530557937554
37,23,0.8604167026150135
38,74,0.8209751297801179
38,7,0.4565382248943203
39,51,0.8386734050855461
39,45,0.8430647329203459
39,57,0.8254241720938666
39,44,0.9545253329684085
39,101,0.7014997349759844
40,47,0.9550161751648277
40,16,0.827415984082653
40,32,0.9606142271693334
41,18,0.7524587356065237
41,59,0.9113150658887325
41,68,0.8487236080441856
41,25,0.9113150658887325
41,16,0.5416309180163714
42,64,0.5346132602550461
42,113,0.6148020704612877
42,71,0.8498075788442305
42,34,0.9623684211445606
43,54,0.9568060828351197
43,28,0.8931651576203317
43,36,0.9483143562269498
43,37,0.9509530557937554
44,151,0.5097472419740731
44,39,0.9545253329684085
45,24,0.8662232126400536
45,51,0.9801847561502938
45,12,0.7809570699330872
45,39,0.8430647329203459
45,101,0.5653949665855419
46,69,0.8910554767773868
47,58,0.9487936471897895
47,53,0.9722730770907142
47,40,0.9550161751648277
47,16,0.6801073657299979
48,29,0.8870305442804773
48,56,0.9625520007466786
49,51,0.9909996972207402
49,80,0.8457903645269026
50,70,0.9027914194981744
50,74,0.8731465126511406
51,24,0.7844278964501494
51,49,0.9909996972207402
51,45,0.9801847561502938
51,57,0.9722730770907142
51,39,0.8386734050855461
52,72,0.8742237826615432
52,53,0.9909996972207402
53,65,0.9020909832238383
53,72,0.9053338104244587
53,52,0.9909996972207402
53,58,0.7842122582127619
53,47,0.9722730770907142
54,81,0.8489846465296593
54,83,0.8629637498073828
54,28,0.8262851314551057
54,36,0.8984018290332583
54,43,0.9568060828351197
55,91,0.8416033052298046
55,21,0.4234224588153135
55,10,0.7855153296319987
56,48,0.9625520007466786
56,144,0.5658804530861721
56,126,0.3307611780606015
57,51,0.9722730770907142
57,80,0.880309421011366
57,39,0.8254241720938666
58,65,0.7438919051980974
58,26,0.8338791734074243
58,53,0.7842122582127619
58,62,0.9590792311168281
58,47,0.9487936471897895
58,69,0.5805073721886025
59,79,0.8854786844658508
59,68,0.9338241719892809
59,41,0.9113150658887325
60,84,0.8692825124236818
60,92,0.8660163495197234
60,111,0.6929068920540855
60,95,0.744075024040134
61,141,0.5919786080887085
61,86,0.4547809662127485
61,99,0.8256994332026625
61,21,0.5265041775493731
62,58,0.9590792311168281
62,75,0.9433113231217994
62,69,0.7421772261176085
63,71,0.9680141029402175
63,33,0.8372022280064083
64,104,0.7371887572395625
64,67,0.8219828262270839
64,129,0.636716040998425
64,113,0.6566677543953099
64,42,0.5346132602550461
65,88,0.9053338104244587
65,72,0.973241378938998
65,26,0.6743154853103562
65,58,0.7438919051980974
65,53,0.9020909832238383
66,91,0.8974596327809835
66,69,0.6917889418969099
66,10,0.5168917891978744
67,97,0.4380733462421967
67,78,0.9433113231217994
67,64,0.8219828262270839
68,79,0.9390851178168478
68,72,0.8547733836298357
68,59,0.9338241719892809
68,41,0.8487236080441856
69,91,0.908065740587924
69,58,0.5805073721886025
69,75,0.9545253329684085
69,62,0.7421772261176085
69,66,0.6917889418969099
69,46,0.8910554767773868
70,5,0.6996296673214696
70,74,0.9747522414139314
70,50,0.9027914194981744
70,119,0.6753743666919042
71,113,0.75649354568232
71,28,0.4189776397628759
71,42,0.8498075788442305
71,63,0.9680141029402175
72,88,0.9300086433468401
72,65,0.973241378938998
72,68,0.8547733836298357
72,52,0.8742237826615432
72,53,0.9053338104244587
73,77,0.8586888004177173
73,82,0.9545253329684085
73,99,0.827492606552381
74,70,0.9747522414139314
74,50,0.8731465126511406
74,119,0.7216613483058246
74,38,0.8209751297801179
75,91,0.939828923888838
75,62,0.9433113231217994
75,69,0.9545253329684085
76,84,0.9680141029402175
76,85,0.8835803223217685
76,95,0.6780327241846922
76,26,0.5925302298575238
77,110,0.8022867751731872
77,100,0.9024042964734219
77,82,0.9004409047055612
77,73,0.8586888004177173
78,174,0.471754901388309
78,121,0.512841860056286
78,97,0.4630936069174821
78,67,0.9433113231217994
79,111,0.8082424102557676
79,95,0.7770938279241071
79,88,0.8188289533557981
79,59,0.8854786844658508
79,68,0.9390851178168478
80,94,0.7433709419053678
80,49,0.8457903645269026
80,57,0.880309421011366
80,151,0.6078409574792413
81,171,0.5064578453241489
81,83,0.96455109796153
81,54,0.8489846465296593
82,100,0.9208299816565608
82,85,0.9872954174986995
82,77,0.9004409047055612
82,73,0.9545253329684085
82,91,0.6427104302178253
82,26,0.5781434847366164
83,124,0.7264977475432276
83,117,0.7191861803723963
83,81,0.96455109796153
83,54,0.8629637498073828
83,36,0.6810858475872297
84,60,0.8692825124236818
84,92,0.9704542354364942
84,76,0.9680141029402175
84,95,0.6756999695495991
85,100,0.9276360025292943
85,76,0.8835803223217685
85,82,0.9872954174986995
86,127,0.6105236864145239
86,141,0.6663791257875488
86,93,0.5892186842373319
86,61,0.4547809662127485
86,35,0.7736612386334935
87,101,0.9179975025927845
87,132,0.4813466077647763
88,95,0.9738083407717619
88,79,0.8188289533557981
88,65,0.9053338104244587
88,72,0.9300086433468401
89,91,0.9909996972207402
90,150,0.6304449716662799
90,109,0.7777638442744967
90,133,0.6144178696207678
90,94,0.8658919262997383
90,151,0.6133930859391227
91,82,0.6427104302178253
91,99,0.9558012826194622
91,75,0.939828923888838
91,89,0.9909996972207402
91,69,0.908065740587924
91,55,0.8416033052298046
91,66,0.8974596327809835
92,103,0.9108202141763784
92,100,0.9055529285211111
92,60,0.8660163495197234
92,84,0.9704542354364942
93,190,0.3875785130373713
93,160,0.3500033080991145
93,127,0.5957533271556267
93,102,0.6118953559310273
93,86,0.5892186842373319
93,22,0.4796948655063349
93,35,0.5613617499497019
94,109,0.8629076147538343
94,90,0.8658919262997383
94,80,0.7433709419053678
95,60,0.744075024040134
95,84,0.6756999695495991
95,111,0.8555072436032191
95,76,0.6780327241846922
95,79,0.7770938279241071
95,88,0.9738083407717619
96,98,0.9909996972207402
96,103,0.7487773476598828
97,136,0.7158527644660084
97,118,0.6782936873469758
97,121,0.663446580274348
97,78,0.4630936069174821
97,67,0.4380733462421967
98,155,0.6348912176147128
98,96,0.9909996972207402
98,103,0.9066741325234148
99,110,0.8839564543228391
99,61,0.8256994332026625
99,73,0.827492606552381
99,91,0.9558012826194622
100,103,0.9567357695710121
100,108,0.8034669132021915
100,92,0.9055529285211111
100,85,0.9276360025292943
100,77,0.9024042964734219
100,82,0.9208299816565608
101,45,0.5653949665855419
101,39,0.7014997349759844
101,181,0.4577714988980296
101,179,0.477485930629661
101,87,0.9179975025927845
102,160,0.6424796222747287
102,106,0.6311717449820828
102,93,0.6118953559310273
102,22,0.6391877158510738
103,155,0.639908768850149
103,96,0.7487773476598828
103,98,0.9066741325234148
103,107,0.767130324029721
103,108,0.9463427450445413
103,100,0.9567357695710121
103,92,0.9108202141763784
104,174,0.5140080283267577
104,146,0.7439862683801087
104,64,0.7371887572395625
105,31,0.6548492506145429
105,109,0.9640719144033315
106,112,0.9558012826194622
106,102,0.6311717449820828
106,22,0.5544438027319084
107,185,0.4785026095946735
107,166,0.5854359996449406
107,103,0.767130324029721
107,138,0.5407456269858409
107,134,0.5019982073495826
108,103,0.9463427450445413
108,110,0.9821508484111854
108,100,0.8034669132021915
109,30,0.6181183347700957
109,150,0.7455418663072035
109,105,0.9640719144033315
109,94,0.8629076147538343
109,90,0.7777638442744967
110,108,0.9821508484111854
110,114,0.9722730770907142
110,77,0.8022867751731872
110,99,0.8839564543228391
111,134,0.8323184737051161
111,60,0.6929068920540855
111,95,0.8555072436032191
111,79,0.8082424102557676
112,160,0.6887909629444436
112,115,0.9817941142516216
112,106,0.9558012826194622
113,64,0.6566677543953099
113,120,0.9398663543806614
113,42,0.6148020704612877
113,71,0.75649354568232
114,110,0.9722730770907142
114,125,0.9061147731289463
115,116,0.9259006636492924
115,160,0.7292975699933091
115,112,0.9817941142516216
116,156,0.669552185098973
116,175,0.6117775770851021
116,115,0.9259006636492924
117,189,0.4833865756552932
117,124,0.8122781248729366
117,134,0.8255010962285488
117,83,0.7191861803723963
118,142,0.8250333795291571
118,136,0.8784429864038392
118,97,0.6782936873469758
119,70,0.6753743666919042
119,126,0.9197180289558177
119,122,0.9872954174986995
119,74,0.7216613483058246
119,123,0.9355153839991557
120,129,0.9230839370295274
120,113,0.9398663543806614
120,28,0.5022420385051346
121,136,0.5692457515872489
121,174,0.6483256266601425
121,97,0.663446580274348
121,78,0.512841860056286
122,126,0.9722730770907142
122,119,0.9872954174986995
123,126,0.9528713406293264
123,119,0.9355153839991557
123,131,0.929611589157715
123,135,0.8932752865895137
124,171,0.4878672149096148
124,168,0.735741807225734
124,117,0.8122781248729366
124,83,0.7264977475432276
125,154,0.7938093504173399
125,141,0.9102351750712515
125,114,0.9061147731289463
126,56,0.3307611780606015
126,128,0.9640502867923578
126,122,0.9722730770907142
126,119,0.9197180289558177
126,131,0.9252426140965927
126,123,0.9528713406293264
127,190,0.4815144624452465
127,130,0.9568060828351197
127,141,0.8683040406886617
127,93,0.5957533271556267
127,86,0.6105236864145239
128,144,0.7565262038412344
128,159,0.836872501946672
128,126,0.9640502867923578
128,139,0.8745595107716905
128,131,0.838931894027123
128,153,0.781515433223275
129,140,0.9509530557937554
129,64,0.636716040998425
129,120,0.9230839370295274
130,152,0.8889241318200837
130,127,0.9568060828351197
130,141,0.9386737058518245
131,128,0.838931894027123
131,126,0.9252426140965927
131,123,0.929611589157715
131,135,0.9801847561502938
131,149,0.7758599286327653
132,177,0.607993794845488
132,87,0.4813466077647763
132,142,0.9568060828351197
133,161,0.7408697411340576
133,90,0.6144178696207678
133,169,0.7778111235630547
134,107,0.5019982073495826
134,145,0.9404329839028461
134,138,0.9742633661702257
134,117,0.8255010962285488
134,111,0.8323184737051161
134,36,0.4781268773818232
135,131,0.9801847561502938
135,123,0.8932752865895137
135,137,0.9909996972207402
135,147,0.8732853485689233
135,149,0.8251401022639973
136,207,0.4673261374997775
136,142,0.8146774057482111
136,158,0.5969605886716206
136,118,0.8784429864038392
136,121,0.5692457515872489
136,97,0.7158527644660084
137,135,0.9909996972207402
137,147,0.9526896076267584
138,166,0.7813713755240965
138,107,0.5407456269858409
138,145,0.9704542354364942
138,134,0.9742633661702257
139,128,0.8745595107716905
139,217,0.4346862021790828
139,153,0.7966471016720644
140,165,0.8269159991621123
140,146,0.973241378938998
140,129,0.9509530557937554
141,154,0.8513524091650486
141,152,0.9308357478120231
141,127,0.8683040406886617
141,130,0.9386737058518245
141,125,0.9102351750712515
141,86,0.6663791257875488
141,61,0.5919786080887085
142,207,0.4781856254054075
142,177,0.5910437054476522
142,132,0.9568060828351197
142,136,0.8146774057482111
142,118,0.8250333795291571
143,155,0.9113150658887325
143,154,0.5084724828329904
144,162,0.8789228713511733
144,56,0.5658804530861721
144,159,0.7491620083664633
144,128,0.7565262038412344
145,189,0.5785939953187302
145,166,0.8018579097096254
145,138,0.9704542354364942
145,134,0.9404329839028461
146,174,0.5402595224290706
146,165,0.8541551869049978
146,104,0.7439862683801087
146,140,0.973241378938998
147,135,0.8732853485689233
147,137,0.9526896076267584
147,149,0.9872954174986995
148,162,0.9076319992126715
148,172,0.7614561432327285
149,131,0.7758599286327653
149,135,0.8251401022639973
149,147,0.9872954174986995
149,7,0.3479295701100223
149,164,0.8910653879558487
149,31,0.4047315030674359
150,31,0.4645709922650271
150,161,0.9380707758593515
150,109,0.7455418663072035
150,90,0.6304449716662799
151,90,0.6133930859391227
151,187,0.6238196777859363
151,80,0.6078409574792413
151,44,0.5097472419740731
151,209,0.5106457651726463
151,181,0.6367585964154391
152,154,0.9821508484111854
152,130,0.8889241318200837
152,141,0.9308357478120231
153,128,0.781515433223275
153,217,0.4734140234901117
153,139,0.7966471016720644
153,184,0.2140153456504194
154,198,0.2543759647497832
154,211,0.5161762919154405
154,143,0.5084724828329904
154,152,0.9821508484111854
154,125,0.7938093504173399
154,141,0.8513524091650486
155,197,0.577496746192436
155,198,0.5851616190648942
155,143,0.9113150658887325
155,98,0.6348912176147128
155,103,0.639908768850149
156,244,0.27088377195918
156,175,0.8056946412745747
156,116,0.669552185098973
157,172,0.8582531907618391
157,170,0.8774647141990275
157,217,0.4763467375064204
158,207,0.5177403404980727
158,173,0.8622286422130082
158,136,0.5969605886716206
158,178,0.5445289242742137
158,174,0.5159337554428877
159,144,0.7491620083664633
159,170,0.8921277978201086
159,128,0.836872501946672
159,217,0.4602821578313623
160,204,0.5689090989903507
160,175,0.6588566380926141
160,190,0.3885319084329607
160,115,0.7292975699933091
160,112,0.6887909629444436
160,102,0.6424796222747287
160,93,0.3500033080991145
161,164,0.9183740444181987
161,163,0.9783511137385126
161,150,0.9380707758593515
161,133,0.7408697411340576
162,167,0.9337653050735132
162,148,0.9076319992126715
162,172,0.7974150215013491
162,144,0.8789228713511733
163,164,0.9255068633269684
163,180,0.7613910155820991
163,161,0.9783511137385126
164,149,0.8910653879558487
164,180,0.7676875257494385
164,163,0.9255068633269684
164,161,0.9183740444181987
165,174,0.4849418701758133
165,171,0.9276360025292943
165,146,0.8541551869049978
165,140,0.8269159991621123
166,185,0.7436723165625293
166,189,0.630527583796373
166,107,0.5854359996449406
166,145,0.8018579097096254
166,138,0.7813713755240965
167,183,0.7629316620821242
167,162,0.9337653050735132
168,203,0.6239126091003442
168,189,0.6149067947685535
168,171,0.6422723420057441
168,124,0.735741807225734
169,133,0.7778111235630547
169,194,0.6685637181744083
169,187,0.6824571630185464
170,172,0.9680141029402175
170,157,0.8774647141990275
170,159,0.8921277978201086
171,176,0.8821342934480713
171,168,0.6422723420057441
171,165,0.9276360025292943
171,124,0.4878672149096148
171,81,0.5064578453241489
172,162,0.7974150215013491
172,148,0.7614561432327285
172,182,0.8360774186324064
172,170,0.9680141029402175
172,157,0.8582531907618391
173,232,0.4057591795885429
173,229,0.5161704388784699
173,207,0.5273911529799983
173,158,0.8622286422130082
174,158,0.5159337554428877
174,178,0.9045398032251166
174,121,0.6483256266601425
174,165,0.4849418701758133
174,146,0.5402595224290706
174,104,0.5140080283267577
174,78,0.471754901388309
175,218,0.5966435848734888
175,156,0.8056946412745747
175,204,0.6459665337086917
175,116,0.6117775770851021
175,160,0.6588566380926141
176,178,0.6192892522630811
176,193,0.7898519283786805
176,216,0.6424796222747287
176,192,0.773872333736473
176,171,0.8821342934480713
177,179,0.823296365159891
177,207,0.7050415378484528
177,132,0.607993794845488
177,142,0.5910437054476522
178,266,0.2235948378518972
178,158,0.5445289242742137
178,192,0.8413690077135583
178,174,0.9045398032251166
178,176,0.6192892522630811
179,191,0.7855153296319987
179,186,0.911117593127841
179,101,0.477485930629661
179,177,0.823296365159891
180,184,0.4400319564843896
180,164,0.7676875257494385
180,163,0.7613910155820991
180,242,0.5289746682937194
180,194,0.4175153585051887
181,151,0.6367585964154391
181,186,0.9201145110339601
181,101,0.4577714988980296
182,183,0.9606142271693334
182,188,0.8895895385572373
182,172,0.8360774186324064
183,167,0.7629316620821242
183,188,0.9151474968755783
183,182,0.9606142271693334
184,217,0.2825719643618371
184,153,0.2140153456504194
184,202,0.6457655772544649
184,233,0.6192867263613275
184,180,0.4400319564843896
184,242,0.5284813090736634
185,196,0.8842887960533009
185,166,0.7436723165625293
185,107,0.4785026095946735
186,191,0.9437830818422798
186,181,0.9201145110339601
186,179,0.911117593127841
187,169,0.6824571630185464
187,194,0.9294248332899009
187,151,0.6238196777859363
187,209,0.6735755472453921
187,243,0.5795726812456163
188,201,0.7665784537377591
188,183,0.9151474968755783
188,208,0.8406492952803297
188,182,0.8895895385572373
188,219,0.4841281073662742
189,200,0.6686760041238323
189,203,0.8955897478075493
189,168,0.6149067947685535
189,166,0.630527583796373
189,145,0.5785939953187302
189,117,0.4833865756552932
190,211,0.6725243712507255
190,221,0.7325411620382747
190,204,0.6212974848826682
190,160,0.3885319084329607
190,127,0.4815144624452465
190,93,0.3875785130373713
191,209,0.8466446622252647
191,186,0.9437830818422798
191,179,0.7855153296319987
192,195,0.9183740444181987
192,178,0.8413690077135583
192,193,0.9872954174986995
192,176,0.773872333736473
193,195,0.9821508484111854
193,216,0.6940582614491045
193,192,0.9872954174986995
193,176,0.7898519283786805
194,180,0.4175153585051887
194,242,0.4263380182421969
194,254,0.5063241894468737
194,169,0.6685637181744083
194,187,0.9294248332899009
194,243,0.5781720750011581
195,234,0.687552689614286
195,193,0.9821508484111854
195,192,0.9183740444181987
196,272,0.2388887737527622
196,200,0.9680141029402175
196,197,0.3314774685531259
196,185,0.8842887960533009
197,272,0.4402004254766168
197,205,0.5701595411223888
197,196,0.3314774685531259
197,155,0.577496746192436
198,227,0.7446071971807753
198,205,0.9302253582882283
198,199,0.5961248393389983
198,155,0.5851616190648942
198,154,0.2543759647497832
199,225,0.6412127610613344
199,227,0.594951368198569
199,198,0.5961248393389983
199,211,0.9003299745241865
200,206,0.9389786190722447
200,196,0.9680141029402175
200,189,0.6686760041238323
201,212,0.8955897478075493
201,188,0.7665784537377591
201,208,0.8861113671811454
202,236,0.6583858303185087
202,246,0.5715845983256885
202,184,0.6457655772544649
202,233,0.6156883853716882
202,259,0.5007605124170406
203,237,0.7218456920015626
203,189,0.8955897478075493
203,168,0.6239126091003442
204,215,0.8573040652033983
204,221,0.8117169834967753
204,213,0.9041228461390493
204,175,0.6459665337086917
204,190,0.6212974848826682
204,160,0.5689090989903507
205,263,0.3231688330403345
205,272,0.3786818624325115
205,227,0.8194838901660526
205,197,0.5701595411223888
205,198,0.9302253582882283
206,222,0.8413690077135583
206,200,0.9389786190722447
207,232,0.8013224435444313
207,177,0.7050415378484528
207,173,0.5273911529799983
207,142,0.4781856254054075
207,158,0.5177403404980727
207,136,0.4673261374997775
208,201,0.8861113671811454
208,212,0.9743504181289488
208,188,0.8406492952803297
208,261,0.506590956334819
209,187,0.6735755472453921
209,151,0.5106457651726463
209,223,0.8616759851482432
209,191,0.8466446622252647
209,232,0.6431526755318246
210,244,0.6353848960902313
210,230,0.8154983165756122
210,218,0.8783054215945475
211,235,0.7858980844102792
211,199,0.9003299745241865
211,190,0.6725243712507255
211,154,0.5161762919154405
212,201,0.8955897478075493
212,262,0.5452085386089554
212,208,0.9743504181289488
213,215,0.9722730770907142
213,204,0.9041228461390493
214,293,0.4359344682104056
214,321,0.4104347536500084
214,263,0.3912699679853037
214,227,0.8188913535267253
215,224,0.8243340491253225
215,218,0.8387446139926907
215,221,0.9386737058518245
215,213,0.9722730770907142
215,204,0.8573040652033983
216,234,0.5999710452133653
216,252,0.6843953094625531
216,237,0.7406888796847605
216,193,0.6940582614491045
216,176,0.6424796222747287
217,157,0.4763467375064204
217,159,0.4602821578313623
217,219,0.731013839620487
217,220,0.9640719144033315
217,139,0.4346862021790828
217,153,0.4734140234901117
217,184,0.2825719643618371
218,228,0.9225797361323311
218,224,0.8536522456009571
218,210,0.8783054215945475
218,215,0.8387446139926907
218,175,0.5966435848734888
219,188,0.4841281073662742
219,261,0.5929385992319964
219,220,0.9872954174986995
219,217,0.731013839620487
220,261,0.6034872757374244
220,219,0.9872954174986995
220,217,0.9640719144033315
220,226,0.9625520007466786
221,235,0.897464648585471
221,224,0.8048118036982119
221,215,0.9386737058518245
221,204,0.8117169834967753
221,190,0.7325411620382747
222,231,0.9306806669134307
222,206,0.8413690077135583
223,209,0.8616759851482432
223,243,0.8337845283511536
223,232,0.7357510837723804
224,241,0.846460926617414
224,238,0.8591382814277096
224,228,0.9301979007459914
224,235,0.8167906718951644
224,218,0.8536522456009571
224,215,0.8243340491253225
224,221,0.8048118036982119
225,321,0.3658465368738678
225,240,0.8650821776131814
225,227,0.3686679884612149
225,199,0.6412127610613344
226,220,0.9625520007466786
226,236,0.906935442825665
227,321,0.4560894535150409
227,214,0.8188913535267253
227,225,0.3686679884612149
227,205,0.8194838901660526
227,198,0.7446071971807753
227,199,0.594951368198569
228,230,0.9695168508703317
228,224,0.9301979007459914
228,218,0.9225797361323311
229,266,0.6307094635895859
229,243,0.7495273604554707
229,232,0.6398945300585438
229,173,0.5161704388784699
230,245,0.8684329576909711
230,244,0.5486094585190584
230,228,0.9695168508703317
230,210,0.8154983165756122
231,252,0.7804121729390757
231,222,0.9306806669134307
231,237,0.8110391062597643
232,223,0.7357510837723804
232,209,0.6431526755318246
232,243,0.8950500608880293
232,229,0.6398945300585438
232,207,0.8013224435444313
232,173,0.4057591795885429
233,202,0.6156883853716882
233,184,0.6192867263613275
233,255,0.7092984980723492
233,242,0.5748085167644008
233,258,0.613642775192408
233,260,0.5897122221936352
234,266,0.2194818390926646
234,278,0.5861337958599229
234,252,0.7071066386229319
234,195,0.687552689614286
234,216,0.5999710452133653
235,240,0.94836449145705
235,238,0.9813602292765327
235,224,0.8167906718951644
235,211,0.7858980844102792
235,221,0.897464648585471
236,226,0.906935442825665
236,239,0.9872954174986995
236,202,0.6583858303185087
237,252,0.8189345904322671
237,231,0.8110391062597643
237,216,0.7406888796847605
237,203,0.7218456920015626
238,240,0.8983839949165131
238,241,0.9509530557937554
238,235,0.9813602292765327
238,224,0.8591382814277096
239,236,0.9872954174986995
239,248,0.8521150196475515
240,247,0.8861113671811454
240,253,0.8270605683989974
240,245,0.8456513965369052
240,241,0.9386737058518245
240,225,0.8650821776131814
240,238,0.8983839949165131
240,235,0.94836449145705
241,245,0.9680141029402175
241,240,0.9386737058518245
241,238,0.9509530557937554
241,224,0.846460926617414
242,184,0.5284813090736634
242,233,0.5748085167644008
242,180,0.5289746682937194
242,260,0.6369465570580376
242,276,0.642567068379619
242,254,0.6007979465204771
242,194,0.4263380182421969
243,194,0.5781720750011581
243,187,0.5795726812456163
243,250,0.890700797753449
243,223,0.8337845283511536
243,232,0.8950500608880293
243,229,0.7495273604554707
244,251,0.2964177952304345
244,312,0.5756811529102741
244,279,0.551879553611559
244,245,0.6556396422810746
244,230,0.5486094585190584
244,210,0.6353848960902313
244,156,0.27088377195918
245,253,0.8821342934480713
245,244,0.6556396422810746
245,240,0.8456513965369052
245,241,0.9680141029402175
245,230,0.8684329576909711
246,249,0.9437830818422798
246,202,0.5715845983256885
246,259,0.3456302504487536
247,287,0.6603148475813733
247,253,0.9446132398187344
247,240,0.8861113671811454
248,339,0.5211040461152187
248,239,0.8521150196475515
248,249,0.9738083407717619
249,339,0.5215565439122061
249,248,0.9738083407717619
249,246,0.9437830818422798
250,257,0.866878158799478
250,243,0.890700797753449
251,268,0.7513251378103962
251,275,0.6627720672489732
251,279,0.7253325323027928
251,244,0.2964177952304345
252,278,0.576568261364765
252,292,0.6904621620971104
252,234,0.7071066386229319
252,231,0.7804121729390757
252,237,0.8189345904322671
252,216,0.6843953094625531
253,287,0.7093811799577605
253,247,0.9446132398187344
253,245,0.8821342934480713
253,240,0.8270605683989974
254,242,0.6007979465204771
254,276,0.7349458514543965
254,194,0.5063241894468737
254,311,0.7080337223593458
254,257,0.5428367740719058
255,233,0.7092984980723492
255,265,0.9252426140965927
256,265,0.9225797361323311
256,258,0.8985061084396518
256,319,0.6970687149509875
256,289,0.7281611435206451
257,254,0.5428367740719058
257,311,0.6962845891939403
257,250,0.866878158799478
257,266,0.9380707758593515
258,233,0.613642775192408
258,265,0.9558491977655615
258,260,0.8752523430789345
258,256,0.8985061084396518
258,289,0.7251757840537641
259,246,0.3456302504487536
259,458,0.2261167116942715
259,202,0.5007605124170406
259,269,0.8622286422130082
259,270,0.9224402074827984
260,233,0.5897122221936352
260,242,0.6369465570580376
260,258,0.8752523430789345
260,276,0.836872501946672
260,289,0.8182585185379041
261,208,0.506590956334819
261,297,0.7473022424338229
261,277,0.8683040406886617
261,219,0.5929385992319964
261,220,0.6034872757374244
262,212,0.5452085386089554
262,303,0.7960865649988783
263,293,0.4319332905001084
263,281,0.832783406746297
263,272,0.9371623956883558
263,214,0.3912699679853037
263,205,0.3231688330403345
264,304,0.7898279415804749
264,283,0.8597294253931992
265,255,0.9252426140965927
265,269,0.9558491977655615
265,258,0.9558491977655615
265,256,0.9225797361323311
266,311,0.7813226412737907
266,257,0.9380707758593515
266,271,0.8854930760859328
266,229,0.6307094635895859
266,234,0.2194818390926646
266,178,0.2235948378518972
267,301,0.851400302505
268,332,0.6973802110644645
268,275,0.8951308561753177
268,251,0.7513251378103962
269,259,0.8622286422130082
269,270,0.8537601815173973
269,265,0.9558491977655615
269,308,0.8306831536070227
270,259,0.9224402074827984
270,269,0.8537601815173973
270,301,0.7629316620821242
270,319,0.7871422964739033
271,311,0.8220694442143999
271,266,0.8854930760859328
271,278,0.6742097549453311
272,305,0.8532685051534865
272,263,0.9371623956883558
272,205,0.3786818624325115
272,197,0.4402004254766168
272,196,0.2388887737527622
273,277,0.9545253329684085
274,286,0.7451416466901299
274,298,0.9083775496138666
274,316,0.8096156368823189
274,284,0.7527914338172744
275,332,0.7110895261916776
275,268,0.8951308561753177
275,282,0.9653197742132931
275,251,0.6627720672489732
276,242,0.642567068379619
276,260,0.836872501946672
276,289,0.8622286422130082
276,254,0.7349458514543965
276,311,0.8723435096301247
277,297,0.7990747310447353
277,361,0.6370960442227724
277,261,0.8683040406886617
277,273,0.9545253329684085
278,271,0.6742097549453311
278,284,0.8289274463528135
278,294,0.8136255417170305
278,295,0.9218390051298286
278,290,0.9605681082362557
278,234,0.5861337958599229
278,252,0.576568261364765
279,282,0.7642020595209109
279,251,0.7253325323027928
279,312,0.8907769766035998
279,244,0.551879553611559
280,320,0.8521150196475515
280,286,0.8961494364929874
280,298,0.8860330970781489
281,326,0.5734577669464345
281,333,0.7667491255716086
281,305,0.9289932672892397
281,263,0.832783406746297
282,345,0.7254896159372274
282,275,0.9653197742132931
282,324,0.7487773476598828
282,285,0.9550161751648277
282,279,0.7642020595209109
283,304,0.68323318155068
283,305,0.9369812483497675
283,264,0.8597294253931992
284,274,0.7527914338172744
284,294,0.9662895600761255
284,278,0.8289274463528135
285,282,0.9550161751648277
285,324,0.8049418788558501
285,312,0.9197180289558177
286,320,0.8816789801934689
286,311,0.6115091919433159
286,280,0.8961494364929874
286,298,0.8137344699798496
286,274,0.7451416466901299
287,324,0.7521691891556024
287,325,0.7721449736457158
287,341,0.7557765989480081
287,312,0.7904620635405635
287,247,0.6603148475813733
287,253,0.7093811799577605
288,303,0.9640719144033315
288,313,0.8861113671811454
289,258,0.7251757840537641
289,260,0.8182585185379041
289,256,0.7281611435206451
289,276,0.8622286422130082
289,320,0.8841284630228493
289,311,0.8959827247084693
290,278,0.9605681082362557
290,295,0.9820803998915989
290,292,0.973241378938998
291,304,0.9653197742132931
292,304,0.9742633661702257
292,299,0.9821508484111854
292,295,0.973241378938998
292,290,0.973241378938998
292,252,0.6904621620971104
293,346,0.5728738914147733
293,326,0.5596410615936311
293,340,0.772050920153229
293,321,0.7887570237224999
293,263,0.4319332905001084
293,214,0.4359344682104056
294,284,0.9662895600761255
294,304,0.9801847561502938
294,299,0.9747522414139314
294,278,0.8136255417170305
294,295,0.9183469452717982
295,294,0.9183469452717982
295,299,0.9899427146690853
295,278,0.9218390051298286
295,292,0.973241378938998
295,290,0.9820803998915989
296,302,0.7442817696775105
296,309,0.8218107985102157
296,300,0.9899427146690853
297,313,0.9386737058518245
297,361,0.6934939640068937
297,261,0.7473022424338229
297,277,0.7990747310447353
298,280,0.8860330970781489
298,286,0.8137344699798496
298,315,0.9411692672390646
298,274,0.9083775496138666
299,294,0.9747522414139314
299,304,0.9909996972207402
299,295,0.9899427146690853
299,292,0.9821508484111854
300,302,0.8977569795193342
300,296,0.9899427146690853
300,360,0.7003592473460616
301,267,0.851400302505
301,270,0.7629316620821242
301,319,0.9183469452717982
302,296,0.7442817696775105
302,300,0.8977569795193342
302,360,0.7028558318972976
303,262,0.7960865649988783
303,288,0.9640719144033315
303,313,0.9501419324278259
304,316,0.9396482109138352
304,307,0.9722730770907142
304,294,0.9801847561502938
304,299,0.9909996972207402
304,305,0.6594036781852072
304,292,0.9742633661702257
304,291,0.9653197742132931
304,283,0.68323318155068
304,264,0.7898279415804749
305,348,0.7696498267034019
305,316,0.5311056866138399
305,333,0.7572931035382925
305,304,0.6594036781852072
305,281,0.9289932672892397
305,283,0.9369812483497675
305,272,0.8532685051534865
306,353,0.6155207390852474
306,317,0.6306006444722183
306,331,0.7221074019716549
306,310,0.938639796006617
306,332,0.8328226382555459
307,316,0.9554942676121773
307,304,0.9722730770907142
308,269,0.8306831536070227
308,319,0.9449487209151111
309,296,0.8218107985102157
309,322,0.9344469060777219
309,328,0.8067264625482348
310,317,0.5317291272523551
310,306,0.938639796006617
310,332,0.8536967001352401
311,276,0.8723435096301247
311,289,0.8959827247084693
311,254,0.7080337223593458
311,320,0.9539728837131289
311,286,0.6115091919433159
311,257,0.6962845891939403
311,266,0.7813226412737907
311,271,0.8220694442143999
312,324,0.9026398343772031
312,285,0.9197180289558177
312,279,0.8907769766035998
312,287,0.7904620635405635
312,244,0.5756811529102741
313,288,0.8861113671811454
313,303,0.9501419324278259
313,297,0.9386737058518245
313,365,0.4964616772660724
313,361,0.7349844992718565
314,319,0.973241378938998
314,318,0.8950298247012302
315,352,0.7782913862172193
315,298,0.9411692672390646
315,316,0.973241378938998
316,352,0.7866767319549768
316,315,0.973241378938998
316,274,0.8096156368823189
316,348,0.7194648804344692
316,307,0.9554942676121773
316,304,0.9396482109138352
316,305,0.5311056866138399
317,329,0.8513524091650486
317,330,0.8861113671811454
317,306,0.6306006444722183
317,310,0.5317291272523551
318,319,0.8755931286005445
318,314,0.8950298247012302
318,320,0.9872954174986995
319,270,0.7871422964739033
319,308,0.9449487209151111
319,301,0.9183469452717982
319,256,0.6970687149509875
319,318,0.8755931286005445
319,314,0.973241378938998
319,376,0.7130181397951286
320,289,0.8841284630228493
320,318,0.9872954174986995
320,376,0.7182117413214333
320,311,0.9539728837131289
320,280,0.8521150196475515
320,286,0.8816789801934689
321,293,0.7887570237224999
321,340,0.8643740486290487
321,214,0.4104347536500084
321,225,0.3658465368738678
321,227,0.4560894535150409
322,309,0.9344469060777219
322,328,0.8288079509177423
322,368,0.7521691891556024
323,345,0.8439167862309399
323,367,0.7802363687372645
323,324,0.8823797506844284
324,367,0.7836460299598862
324,323,0.8823797506844284
324,282,0.7487773476598828
324,285,0.8049418788558501
324,325,0.7854330401571653
324,312,0.9026398343772031
324,287,0.7521691891556024
325,367,0.7264357738728758
325,324,0.7854330401571653
325,341,0.9235808009025567
325,287,0.7721449736457158
326,346,0.8958438796880596
326,344,0.9145164811919109
326,293,0.5596410615936311
326,281,0.5734577669464345
327,334,0.9545253329684085
327,356,0.8457055875723746
328,322,0.8288079509177423
328,309,0.8067264625482348
328,368,0.8027494260014224
329,342,0.9302253582882283
329,351,0.8938493514573204
329,330,0.9722730770907142
329,353,0.6958331698095712
329,317,0.8513524091650486
330,342,0.9299924870255533
330,336,0.9680141029402175
330,329,0.9722730770907142
330,317,0.8861113671811454
331,353,0.6825693593849437
331,364,0.7505005853450638
331,306,0.7221074019716549
331,337,0.9680141029402175
331,332,0.9558012826194622
331,338,0.857156111702291
332,306,0.8328226382555459
332,331,0.9558012826194622
332,310,0.8536967001352401
332,338,0.9747522414139314
332,268,0.6973802110644645
332,275,0.7110895261916776
333,347,0.7843886939848613
333,348,0.9369812483497675
333,281,0.7667491255716086
333,305,0.7572931035382925
334,327,0.9545253329684085
334,356,0.8274047286837951
334,401,0.727689663671051
334,377,0.7365891585437544
335,350,0.7662785493703913
335,342,0.7715526254107783
335,441,0.5502693294040926
335,349,0.9486692155575737
336,342,0.9722730770907142
336,330,0.9680141029402175
337,331,0.9680141029402175
337,338,0.9487936471897895
337,345,0.9621736428131291
338,331,0.857156111702291
338,337,0.9487936471897895
338,332,0.9747522414139314
338,345,0.9644819118512427
339,357,0.8955897478075493
339,248,0.5211040461152187
339,249,0.5215565439122061
340,371,0.5688715301315102
340,390,0.6965912167687998
340,385,0.7872092266064818
340,293,0.772050920153229
340,321,0.8643740486290487
341,428,0.4814240452324176
341,367,0.6758580384021231
341,325,0.9235808009025567
341,363,0.8872204716166371
341,287,0.7557765989480081
342,413,0.4522255816694962
342,335,0.7715526254107783
342,349,0.8024799123731862
342,351,0.9549459937243078
342,336,0.9722730770907142
342,329,0.9302253582882283
342,330,0.9299924870255533
343,380,0.8147134485844969
343,401,0.7537756832182126
344,440,0.5914403191956268
344,422,0.5811678597913804
344,347,0.6815049376336741
344,326,0.9145164811919109
345,337,0.9621736428131291
345,428,0.6577502106024783
345,338,0.9644819118512427
345,323,0.8439167862309399
345,282,0.7254896159372274
346,424,0.672020549429903
346,371,0.729019872520235
346,326,0.8958438796880596
346,293,0.5728738914147733
347,370,0.8697303783880372
347,344,0.6815049376336741
347,348,0.871232533415451
347,333,0.7843886939848613
348,352,0.6741833332239975
348,370,0.87470485049359
348,347,0.871232533415451
348,316,0.7194648804344692
348,333,0.9369812483497675
348,305,0.7696498267034019
349,335,0.9486692155575737
349,342,0.8024799123731862
349,351,0.9564003914512292
349,369,0.8804840751160643
350,388,0.6982706722938644
350,335,0.7662785493703913
350,441,0.5963706123856877
351,342,0.9549459937243078
351,349,0.9564003914512292
351,369,0.9021836302794737
351,329,0.8938493514573204
351,353,0.8146774057482111
352,382,0.7998211772252124
352,375,0.8939501852903369
352,362,0.8661288095432096
352,370,0.7362179758873538
352,315,0.7782913862172193
352,348,0.6741833332239975
352,316,0.7866767319549768
353,351,0.8146774057482111
353,369,0.9014965856039029
353,329,0.6958331698095712
353,386,0.8061130780346074
353,358,0.9747522414139314
353,364,0.8731780843417525
353,306,0.6155207390852474
353,331,0.6825693593849437
354,355,0.9010432565921442
354,372,0.9100851990856139
355,366,0.9433113231217994
355,354,0.9010432565921442
355,359,0.8650750089445786
356,327,0.8457055875723746
356,396,0.8341585829174165
356,334,0.8274047286837951
356,377,0.7819450170288472
357,384,0.8720758153830213
357,339,0.8955897478075493
357,437,0.5050648142678108
357,458,0.4106581314869341
358,369,0.9449487209151111
358,353,0.9747522414139314
358,386,0.8615850875285532
359,366,0.9559100117493947
359,355,0.8650750089445786
359,407,0.6407225365265546
359,421,0.6572969931339554
359,429,0.7089895208538434
360,302,0.7028558318972976
360,300,0.7003592473460616
360,365,0.9821508484111854
360,373,0.9133010884855284
361,313,0.7349844992718565
361,297,0.6934939640068937
361,277,0.6370960442227724
361,384,0.8933666677482186
362,375,0.9463427450445413
362,352,0.8661288095432096
363,341,0.8872204716166371
363,374,0.9487936471897895
364,353,0.8731780843417525
364,386,0.8889241318200837
364,331,0.7505005853450638
365,313,0.4964616772660724
365,360,0.9821508484111854
365,373,0.9558012826194622
365,384,0.7752471177137381
365,393,0.8192878009908494
366,355,0.9433113231217994
366,396,0.8792765746814325
366,359,0.9559100117493947
366,387,0.6765510066390278
367,428,0.7480014336907177
367,323,0.7802363687372645
367,324,0.7836460299598862
367,325,0.7264357738728758
367,341,0.6758580384021231
368,322,0.7521691891556024
368,394,0.8928780748155813
368,328,0.8027494260014224
368,453,0.5485285171985328
369,441,0.5476023650516886
369,443,0.5836825127092531
369,349,0.8804840751160643
369,351,0.9021836302794737
369,353,0.9014965856039029
369,386,0.9183469452717982
369,358,0.9449487209151111
370,422,0.4598640812446237
370,392,0.9117908960763035
370,375,0.7366865014712467
370,352,0.7362179758873538
370,347,0.8697303783880372
370,348,0.87470485049359
371,445,0.6134945236532759
371,432,0.7213788798710549
371,424,0.7495209747471965
371,346,0.729019872520235
371,340,0.5688715301315102
372,354,0.9100851990856139
372,381,0.9558012826194622
373,360,0.9133010884855284
373,365,0.9558012826194622
373,453,0.5204113830775603
373,393,0.9183469452717982
374,391,0.9113150658887325
374,385,0.9386737058518245
374,363,0.9487936471897895
375,408,0.8405957963283339
375,402,0.8860482870402259
375,362,0.9463427450445413
375,352,0.8939501852903369
375,370,0.7366865014712467
376,319,0.7130181397951286
376,320,0.7182117413214333
376,382,0.9606142271693334
