from,to,probability
0,16,0.4787916169565134
0,78,0.5006014491931805
0,130,0.4302654053679238
1,18,0.9392715785638494
1,12,0.9545253329684085
2,9,0.9821508484111854
3,117,0.4645142486581619
3,32,0.7555777764209513
3,123,0.4773217447608314
4,61,0.735809179206257
4,20,0.937672533266641
5,119,0.4938489632843824
5,36,0.5040122016968335
6,57,0.6179197857741795
6,34,0.8767996737047881
7,30,0.903919435030894
8,51,0.7813456040109931
9,2,0.9821508484111854
9,35,0.8811083260575976
9,16,0.7658609333788814
10,181,0.06992991352111699
10,43,0.8400289086635637
11,196,0.3152928824227972
11,116,0.3475816053229548
12,18,0.9821508484111854
12,1,0.9545253329684085
13,29,0.9338241719892809
14,34,0.9094131554181171
14,44,0.8318423087293528
14,97,0.4390507044980099
15,94,0.5127345243650033
15,125,0.4781354636310725
15,58,0.6812481387397865
15,52,0.6876896427870457
16,9,0.7658609333788814
16,35,0.8055108692295839
16,78,0.6905900886605023
16,0,0.4787916169565134
17,21,0.9821508484111854
17,30,0.8891105905770373
18,24,0.9680141029402175
18,32,0.7461703153658658
18,12,0.9821508484111854
18,1,0.9392715785638494
19,30,0.7898032362088437
19,24,0.973241378938998
20,61,0.7829425855306872
20,190,0.2384713859387427
20,4,0.937672533266641
20,149,0.205331432716733
21,99,0.6128816966095074
21,17,0.9821508484111854
22,37,0.9218530484106888
22,23,0.5977463014765256
23,27,0.9680141029402175
23,22,0.5977463014765256
24,19,0.973241378938998
24,18,0.9680141029402175
24,47,0.8529919995128213
24,32,0.8778507136781892
25,31,0.873229376332696
25,62,0.7903561583937099
25,91,0.6464977306012172
26,50,0.8210481689689452
26,38,0.8573040652033983
26,28,0.9872954174986995
27,53,0.7837137487923105
27,64,0.8083926379651613
27,37,0.7404204739206879
27,23,0.9680141029402175
28,38,0.9487936471897895
28,26,0.9872954174986995
29,13,0.9338241719892809
29,33,0.9821508484111854
29,46,0.8285774273060031
29,73,0.7244773528398487
30,17,0.8891105905770373
30,107,0.6009878109659887
30,7,0.903919435030894
30,19,0.7898032362088437
30,39,0.6412932269248011
31,25,0.873229376332696
31,62,0.8202110466052257
32,24,0.8778507136781892
32,18,0.7461703153658658
32,47,0.8560147310618537
32,117,0.5628767457499555
32,3,0.7555777764209513
33,29,0.9821508484111854
33,46,0.8891105905770373
34,6,0.8767996737047881
34,57,0.6238972805341727
34,14,0.9094131554181171
34,44,0.9418929148229418
35,9,0.8811083260575976
35,16,0.8055108692295839
35,70,0.7914595888610684
35,60,0.7477342663442462
36,119,0.5727725870073989
36,5,0.5040122016968335
37,64,0.8389415422332784
37,27,0.7404204739206879
37,41,0.9680141029402175
37,22,0.9218530484106888
38,50,0.9118991160923565
38,26,0.8573040652033983
38,28,0.9487936471897895
39,30,0.6412932269248011
39,86,0.5375093465506354
39,101,0.6096110941806485
39,55,0.8923117456931413
40,116,0.5922608268930184
40,48,0.8723369280356964
41,63,0.8816634702981748
41,64,0.8496976848498543
41,37,0.9680141029402175
42,76,0.797722003541579
42,65,0.6795766165242182
43,293,0.1587544489062338
43,181,0.06356585484695644
43,10,0.8400289086635637
44,57,0.6984115551278587
44,34,0.9418929148229418
44,14,0.8318423087293528
44,71,0.7749075371423844
44,74,0.8194609964444115
45,140,0.3486420614229827
45,184,0.3935143179239728
45,211,0.3280818319278132
45,109,0.3303936975145423
45,177,0.3041052971540999
46,29,0.8285774273060031
46,33,0.8891105905770373
46,73,0.7005883523200256
46,105,0.6945339881811422
47,24,0.8529919995128213
47,55,0.973241378938998
47,32,0.8560147310618537
48,116,0.6443142273631001
48,284,0.1729389721239328
48,40,0.8723369280356964
48,85,0.688387334827295
49,56,0.9635139401772062
49,51,0.9909996972207402
50,59,0.9545253329684085
50,38,0.9118991160923565
50,26,0.8210481689689452
51,56,0.9821508484111854
51,49,0.9909996972207402
51,8,0.7813456040109931
52,15,0.6876896427870457
52,58,0.973241378938998
53,95,0.1866933706862769
53,84,0.8296692882718347
53,64,0.6257503637053569
53,27,0.7837137487923105
54,56,0.9909996972207402
55,39,0.8923117456931413
55,101,0.6430035585573916
55,47,0.973241378938998
55,117,0.6521044669377
56,202,0.3428737286065796
56,54,0.9909996972207402
56,181,0.432136539039765
56,49,0.9635139401772062
56,51,0.9821508484111854
57,87,0.3552503003562393
57,6,0.6179197857741795
57,126,0.5530291693872635
57,34,0.6238972805341727
57,71,0.9117445613737131
57,44,0.6984115551278587
58,125,0.6110907517748581
58,15,0.6812481387397865
58,52,0.973241378938998
58,67,0.5190286062529049
59,153,0.5228761356091776
59,142,0.513213205116393
59,132,0.3893468154456051
59,50,0.9545253329684085
60,35,0.7477342663442462
60,70,0.9276360025292943
60,122,0.4948946155426956
61,81,0.880309421011366
61,65,0.8613101420074077
61,20,0.7829425855306872
61,4,0.735809179206257
62,31,0.8202110466052257
62,25,0.7903561583937099
62,91,0.8026970087482483
62,87,0.7572443959058798
63,104,0.3567979848350645
63,69,0.9398663543806614
63,64,0.9218530484106888
63,41,0.8816634702981748
64,84,0.651562098702136
64,69,0.9463836498442388
64,53,0.6257503637053569
64,63,0.9218530484106888
64,27,0.8083926379651613
64,41,0.8496976848498543
64,37,0.8389415422332784
65,81,0.8985296707828764
65,76,0.7433238768068067
65,42,0.6795766165242182
65,61,0.8613101420074077
66,77,0.840049093709076
66,182,0.4531863256091312
67,58,0.5190286062529049
67,112,0.7349667672185605
68,166,0.4556914032685574
68,185,0.4467474439272718
68,73,0.6374107913064794
69,135,0.3304763184501929
69,75,0.9653197742132931
69,63,0.9398663543806614
69,64,0.9463836498442388
70,35,0.7914595888610684
70,60,0.9276360025292943
70,78,0.9565713105464362
71,57,0.9117445613737131
71,126,0.6601568419867058
71,44,0.7749075371423844
71,74,0.6957230853422598
71,165,0.4274118513479376
72,114,0.6784245909673861
72,139,0.6084795420820677
72,80,0.6432428122262754
73,29,0.7244773528398487
73,68,0.6374107913064794
73,46,0.7005883523200256
73,194,0.4051667808239698
73,100,0.8328226382555459
73,105,0.710221350081351
73,159,0.4130429593128213
74,71,0.6957230853422598
74,44,0.8194609964444115
74,82,0.9558012826194622
75,84,0.9558012826194622
75,69,0.9653197742132931
76,89,0.9020909832238383
76,81,0.8151847151447701
76,42,0.797722003541579
76,65,0.7433238768068067
77,90,0.9021836302794737
77,66,0.840049093709076
77,182,0.3931914911490286
78,16,0.6905900886605023
78,70,0.9565713105464362
78,0,0.5006014491931805
78,93,0.8881253300757229
79,120,0.7462649099911595
79,110,0.8189673524338943
80,139,0.403211472316733
80,72,0.6432428122262754
80,157,0.5737105176225618
80,137,0.5522474937272399
81,92,0.903874518289376
81,89,0.9000856288552439
81,76,0.8151847151447701
81,65,0.8985296707828764
81,61,0.880309421011366
82,74,0.9558012826194622
82,165,0.5628712691677632
82,97,0.6268490691640409
83,113,0.1092702535298195
83,90,0.5420714292047045
83,148,0.6241536087475182
84,363,0.1036155349669705
84,149,0.1450590632895401
84,75,0.9558012826194622
84,53,0.8296692882718347
84,64,0.651562098702136
85,48,0.688387334827295
85,127,0.7060049683598181
86,39,0.5375093465506354
86,101,0.8999321949284648
86,103,0.8011311774261972
87,62,0.7572443959058798
87,91,0.6243917513198833
87,57,0.3552503003562393
87,144,0.665241591534108
88,90,0.9872954174986995
89,112,0.8596763767635417
89,92,0.9545253329684085
89,108,0.9029419021454079
89,81,0.9000856288552439
89,76,0.9020909832238383
90,83,0.5420714292047045
90,88,0.9872954174986995
90,77,0.9021836302794737
90,148,0.6728898856045231
90,259,0.2211463237549384
90,258,0.1960218778508173
91,25,0.6464977306012172
91,62,0.8026970087482483
91,87,0.6243917513198833
91,96,0.9872954174986995
92,393,0.06130021868447218
92,402,0.04010681824856685
92,136,0.7214198684694519
92,111,0.8854786844658508
92,108,0.8449158774862315
92,89,0.9545253329684085
92,81,0.903874518289376
93,78,0.8881253300757229
93,130,0.7444744248686815
93,131,0.7022467310225444
94,177,0.4211841045190693
94,183,0.5486493342802187
94,125,0.5530667900661657
94,15,0.5127345243650033
95,149,0.6778934493164414
95,53,0.1866933706862769
96,91,0.9872954174986995
96,120,0.8410372360722427
96,98,0.8947685340972362
96,144,0.644016751184543
97,14,0.4390507044980099
97,82,0.6268490691640409
97,165,0.4904460264269047
97,208,0.4760000324364311
98,96,0.8947685340972362
98,120,0.841385437676074
98,106,0.9414093153986384
99,21,0.6128816966095074
99,110,0.776021858131974
99,107,0.9428423648840537
100,73,0.8328226382555459
100,105,0.9530151793505801
100,114,0.895162157181291
100,139,0.6749871279362324
101,86,0.8999321949284648
101,39,0.6096110941806485
101,55,0.6430035585573916
101,117,0.8939143582089739
102,113,0.9179975025927845
102,118,0.8348516371250262
103,107,0.507752014026033
103,162,0.5827250039762647
103,86,0.8011311774261972
103,117,0.9029884594874242
104,135,0.771367700180507
104,63,0.3567979848350645
105,46,0.6945339881811422
105,73,0.710221350081351
105,100,0.9530151793505801
105,114,0.9261191283460204
106,120,0.9014965856039029
106,98,0.9414093153986384
106,134,0.7734248104318673
106,145,0.683636250010589
107,110,0.9014965856039029
107,99,0.9428423648840537
107,30,0.6009878109659887
107,124,0.8491267097606369
107,103,0.507752014026033
108,112,0.9722730770907142
108,92,0.8449158774862315
108,89,0.9029419021454079
109,45,0.3303936975145423
109,177,0.5989307162943938
109,119,0.9148743380689991
110,79,0.8189673524338943
110,115,0.9384095649053928
110,99,0.776021858131974
110,107,0.9014965856039029
110,128,0.8195611372715644
111,393,0.07743631064684245
111,136,0.7962448118137382
111,92,0.8854786844658508
112,121,0.9334624079973398
112,67,0.7349667672185605
112,108,0.9722730770907142
112,89,0.8596763767635417
113,137,0.8357342869738311
113,102,0.9179975025927845
113,83,0.1092702535298195
113,314,0.04018885761869079
114,100,0.895162157181291
114,105,0.9261191283460204
114,139,0.8241421284027992
114,72,0.6784245909673861
115,134,0.8441235170757957
115,110,0.9384095649053928
115,128,0.804086104515763
116,252,0.2732825923995525
116,11,0.3475816053229548
116,264,0.328313245503346
116,284,0.2225498547558636
116,40,0.5922608268930184
116,48,0.6443142273631001
117,101,0.8939143582089739
117,103,0.9029884594874242
117,55,0.6521044669377
117,32,0.5628767457499555
117,174,0.6919820101778714
117,123,0.9053338104244587
117,179,0.6572274352634935
117,3,0.4645142486581619
118,163,0.7347390865134563
118,157,0.757099245536724
118,137,0.7792631560567286
118,102,0.8348516371250262
119,109,0.9148743380689991
119,177,0.6942579377351423
119,36,0.5727725870073989
119,5,0.4938489632843824
120,96,0.8410372360722427
120,79,0.7462649099911595
120,98,0.841385437676074
120,106,0.9014965856039029
120,134,0.8659872472849438
121,125,0.6203421576135358
121,168,0.7261908532697696
121,136,0.8577593392054164
121,112,0.9334624079973398
122,242,0.1608918962026797
122,60,0.4948946155426956
122,129,0.9151301083484215
122,131,0.3794814608792361
123,117,0.9053338104244587
123,179,0.6977484508435781
123,3,0.4773217447608314
124,107,0.8491267097606369
124,141,0.8596988796447028
124,128,0.9680141029402175
125,183,0.5751420912917107
125,94,0.5530667900661657
125,15,0.4781354636310725
125,168,0.7490668099315939
125,138,0.9225797361323311
125,58,0.6110907517748581
125,121,0.6203421576135358
126,57,0.5530291693872635
126,144,0.8985420456269431
126,71,0.6601568419867058
127,284,0.1598478506360309
127,85,0.7060049683598181
127,321,0.2205806228596366
127,140,0.9274613640638122
128,134,0.9020909832238383
128,115,0.804086104515763
128,110,0.8195611372715644
128,141,0.9318432884199691
128,124,0.9680141029402175
129,242,0.1660494441674361
129,313,0.1480814547236161
129,122,0.9151301083484215
129,155,0.8566476470714758
129,349,0.123828510006155
130,0,0.4302654053679238
130,93,0.7444744248686815
130,131,0.9338241719892809
130,151,0.9020909832238383
130,133,0.8904787484706886
131,122,0.3794814608792361
131,93,0.7022467310225444
131,130,0.9338241719892809
131,151,0.9044711526968143
132,142,0.6620216728869458
132,143,0.9539728837131289
132,59,0.3893468154456051
133,130,0.8904787484706886
133,151,0.9151474968755783
133,154,0.8548150055969591
133,229,0.221371843862495
134,120,0.8659872472849438
134,106,0.7734248104318673
134,115,0.8441235170757957
134,141,0.973241378938998
134,128,0.9020909832238383
135,413,0.07047391068584669
135,363,0.08001153170162688
135,210,0.4816138160392822
135,156,0.4529724854789807
135,104,0.771367700180507
135,69,0.3304763184501929
136,168,0.8390829025270309
136,121,0.8577593392054164
136,111,0.7962448118137382
136,92,0.7214198684694519
137,80,0.5522474937272399
137,157,0.8854786844658508
137,113,0.8357342869738311
137,118,0.7792631560567286
138,183,0.5838332738514792
138,125,0.9225797361323311
138,168,0.8413690077135583
139,100,0.6749871279362324
139,114,0.8241421284027992
139,72,0.6084795420820677
139,147,0.9652302536595252
139,80,0.403211472316733
140,321,0.2606651859225804
140,127,0.9274613640638122
140,184,0.4236828903289319
140,45,0.3486420614229827
141,134,0.973241378938998
141,128,0.9318432884199691
141,124,0.8596988796447028
141,162,0.8913003794604645
142,176,0.7400263776243483
142,146,0.9738083407717619
142,153,0.8895895385572373
142,143,0.6144029500439654
142,132,0.6620216728869458
142,59,0.513213205116393
143,218,0.6325168997524672
143,146,0.6304249745082132
143,142,0.6144029500439654
143,156,0.8841284630228493
143,132,0.9539728837131289
144,87,0.665241591534108
144,96,0.644016751184543
144,126,0.8985420456269431
144,158,0.9148743380689991
145,106,0.683636250010589
145,158,0.6465694393155345
145,197,0.7357401877168067
145,162,0.544232486369393
146,251,0.4636998047493521
146,223,0.56314886843393
146,218,0.6489032801779669
146,176,0.6618902495769792
146,142,0.9738083407717619
146,143,0.6304249745082132
147,139,0.9652302536595252
147,163,0.9055848988125036
148,83,0.6241536087475182
148,90,0.6728898856045231
148,259,0.4281083844968997
149,363,0.1668155626186479
149,190,0.5324868147506578
149,20,0.205331432716733
149,95,0.6778934493164414
149,84,0.1450590632895401
150,164,0.6838378290932993
150,195,0.7722120986595212
151,130,0.9020909832238383
151,131,0.9044711526968143
151,154,0.9801847561502938
151,133,0.9151474968755783
152,159,0.8344989513270101
152,255,0.428047574486133
152,163,0.9000856288552439
152,160,0.9487936471897895
153,176,0.8824845487878011
153,142,0.8895895385572373
153,59,0.5228761356091776
154,151,0.9801847561502938
154,133,0.8548150055969591
154,192,0.7822472840454919
154,178,0.8843074147709825
155,129,0.8566476470714758
155,172,0.9344469060777219
155,349,0.1395266931548942
156,218,0.6941068298863838
156,210,0.6948822759368321
156,143,0.8841284630228493
156,135,0.4529724854789807
157,163,0.9722730770907142
157,80,0.5737105176225618
157,137,0.8854786844658508
157,118,0.757099245536724
158,144,0.9148743380689991
158,161,0.9872954174986995
158,145,0.6465694393155345
159,194,0.4585606714095813
159,73,0.4130429593128213
159,255,0.393820477665196
159,163,0.9738083407717619
159,152,0.8344989513270101
160,163,0.9680141029402175
160,152,0.9487936471897895
160,173,0.9276360025292943
161,158,0.9872954174986995
161,167,0.973241378938998
162,141,0.8913003794604645
162,145,0.544232486369393
162,197,0.6739353819857512
162,187,0.7410016481523601
162,103,0.5827250039762647
162,164,0.9872954174986995
163,159,0.9738083407717619
163,147,0.9055848988125036
163,152,0.9000856288552439
163,160,0.9680141029402175
163,173,0.9487936471897895
163,157,0.9722730770907142
163,118,0.7347390865134563
164,162,0.9872954174986995
164,174,0.9459776052528531
164,150,0.6838378290932993
165,71,0.4274118513479376
165,82,0.5628712691677632
165,97,0.4904460264269047
165,171,0.9351832516981388
165,175,0.9463836498442388
166,179,0.9231414344942847
166,68,0.4556914032685574
166,185,0.7918641515726547
167,161,0.973241378938998
167,197,0.8328226382555459
168,447,0.04666139758064144
168,183,0.5260592219279304
168,125,0.7490668099315939
168,138,0.8413690077135583
168,136,0.8390829025270309
168,121,0.7261908532697696
169,209,0.7444959034834259
169,275,0.4367335931553237
170,197,0.6379797805193523
170,171,0.9381981204125796
170,180,0.9276360025292943
170,186,0.8089944414962434
171,197,0.703574188672857
171,165,0.9351832516981388
171,175,0.9722730770907142
171,170,0.9381981204125796
171,180,0.9120609597736454
172,155,0.9344469060777219
172,203,0.8040850467630583
173,163,0.9487936471897895
173,160,0.9276360025292943
173,188,0.906935442825665
174,117,0.6919820101778714
174,164,0.9459776052528531
174,179,0.973241378938998
175,165,0.9463836498442388
175,171,0.9722730770907142
175,180,0.9558012826194622
176,251,0.5586871987299746
176,146,0.6618902495769792
176,153,0.8824845487878011
176,142,0.7400263776243483
177,45,0.3041052971540999
177,273,0.4548898324586146
177,109,0.5989307162943938
177,119,0.6942579377351423
177,199,0.4005679873826939
177,94,0.4211841045190693
178,154,0.8843074147709825
178,192,0.9041228461390493
178,213,0.7696902648998935
178,235,0.5501974133315031
179,117,0.6572274352634935
179,174,0.973241378938998
179,123,0.6977484508435781
179,240,0.4810199666704892
179,166,0.9231414344942847
179,262,0.4648055137230527
179,185,0.9414093153986384
180,171,0.9120609597736454
180,175,0.9558012826194622
180,170,0.9276360025292943
180,208,0.8419439849792985
180,189,0.7567435035240014
181,209,0.8405957963283339
181,202,0.7451416466901299
181,56,0.432136539039765
181,10,0.06992991352111699
181,43,0.06356585484695644
182,77,0.3931914911490286
182,66,0.4531863256091312
182,258,0.5262717881537696
182,260,0.4946752774446304
183,205,0.8738937930650665
183,199,0.8788961875278912
183,94,0.5486493342802187
183,125,0.5751420912917107
183,168,0.5260592219279304
183,138,0.5838332738514792
184,321,0.2407236606780553
184,140,0.4236828903289319
184,347,0.2458908979586572
184,45,0.3935143179239728
184,211,0.8258488082435561
185,179,0.9414093153986384
185,166,0.7918641515726547
185,68,0.4467474439272718
185,194,0.9680141029402175
186,170,0.8089944414962434
186,198,0.9471987816790822
187,197,0.9501419324278259
187,162,0.7410016481523601
188,173,0.906935442825665
188,380,0.167998250611621
189,180,0.7567435035240014
189,198,0.9021567821264802
189,230,0.7600813981810118
190,363,0.2132235661780126
190,20,0.2384713859387427
190,149,0.5324868147506578
191,197,0.9644819118512427
191,198,0.9680141029402175
192,203,0.593596904051612
192,154,0.7822472840454919
192,178,0.9041228461390493
192,200,0.9568060828351197
193,226,0.7968707760737225
193,210,0.6919820101778714
194,185,0.9680141029402175
194,73,0.4051667808239698
194,250,0.6321060151012586
194,159,0.4585606714095813
195,197,0.9801847561502938
195,212,0.8789228713511733
195,150,0.7722120986595212
195,215,0.871232533415451
196,238,0.5277203671725043
196,252,0.6234997132813703
196,11,0.3152928824227972
197,145,0.7357401877168067
197,167,0.8328226382555459
197,162,0.6739353819857512
197,171,0.703574188672857
197,170,0.6379797805193523
197,187,0.9501419324278259
197,191,0.9644819118512427
197,198,0.9041228461390493
197,212,0.8959827247084693
197,195,0.9801847561502938
198,197,0.9041228461390493
198,186,0.9471987816790822
198,191,0.9680141029402175
198,189,0.9021567821264802
198,212,0.8985420456269431
199,273,0.4006984705717062
199,177,0.4005679873826939
199,205,0.9463836498442388
199,183,0.8788961875278912
200,192,0.9568060828351197
200,285,0.4700132953244574
201,209,0.9355153839991557
202,209,0.9528713406293264
202,181,0.7451416466901299
202,56,0.3428737286065796
203,172,0.8040850467630583
203,349,0.1431834161844272
203,192,0.593596904051612
203,285,0.4884348041325618
204,212,0.9509530557937554
204,207,0.9261191283460204
204,215,0.9076319992126715
204,224,0.7508158660008408
204,221,0.8491149955114233
205,447,0.05923460189182785
205,273,0.4038023591020391
205,199,0.9463836498442388
205,183,0.8738937930650665
206,239,0.7736612386334935
206,209,0.9820803998915989
206,225,0.8073023259811056
207,212,0.9680141029402175
207,230,0.7855153296319987
207,204,0.9261191283460204
207,224,0.8131219234090075
208,97,0.4760000324364311
208,180,0.8419439849792985
208,214,0.9625520007466786
209,206,0.9820803998915989
209,225,0.8907769766035998
209,201,0.9355153839991557
209,202,0.9528713406293264
209,169,0.7444959034834259
209,181,0.8405957963283339
210,193,0.6919820101778714
210,218,0.9487936471897895
210,156,0.6948822759368321
210,135,0.4816138160392822
211,184,0.8258488082435561
211,45,0.3280818319278132
211,273,0.5738049067023039
212,197,0.8959827247084693
212,198,0.8985420456269431
212,195,0.8789228713511733
212,207,0.9680141029402175
212,215,0.9909996972207402
212,204,0.9509530557937554
213,178,0.7696902648998935
213,235,0.7323011131291901
213,241,0.7956228644383707
214,208,0.9625520007466786
214,219,0.973241378938998
215,212,0.9909996972207402
215,195,0.871232533415451
215,204,0.9076319992126715
215,222,0.9545253329684085
216,231,0.8057215633780309
216,334,0.2646258070277017
216,236,0.8468618649142202
217,242,0.7538513508429571
217,221,0.973241378938998
217,246,0.7102868599304545
218,226,0.9386737058518245
218,223,0.8034669132021915
218,210,0.9487936471897895
218,146,0.6489032801779669
218,156,0.6941068298863838
218,143,0.6325168997524672
219,214,0.973241378938998
219,227,0.9288856069087523
219,228,0.8268484410968164
220,248,0.4904622887833316
220,243,0.5194823507633092
220,239,0.5935714555189187
220,305,0.4687950939970578
220,272,0.4132206503851631
221,204,0.8491149955114233
221,224,0.973241378938998
221,242,0.7724650825967881
221,217,0.973241378938998
222,215,0.9545253329684085
222,233,0.8949310453274003
223,281,0.5691602719494828
223,251,0.639908768850149
223,226,0.8725401872164539
223,218,0.8034669132021915
223,146,0.56314886843393
224,207,0.8131219234090075
224,230,0.9545253329684085
224,204,0.7508158660008408
224,221,0.973241378938998
225,239,0.8752523430789345
225,206,0.8073023259811056
225,209,0.8907769766035998
226,281,0.5804700191544887
226,193,0.7968707760737225
226,223,0.8725401872164539
226,218,0.9386737058518245
227,219,0.9288856069087523
227,230,0.9486475609669087
227,228,0.8894981001052298
227,242,0.880309421011366
228,219,0.8268484410968164
228,227,0.8894981001052298
228,242,0.880309421011366
229,133,0.221371843862495
229,231,0.9653197742132931
229,238,0.7470454626194873
230,189,0.7600813981810118
230,207,0.7855153296319987
230,227,0.9486475609669087
230,224,0.9545253329684085
230,242,0.8475382393341547
230,234,0.9545253329684085
231,229,0.9653197742132931
231,238,0.9386737058518245
231,216,0.8057215633780309
232,256,0.7589305296185435
232,248,0.7155425022329216
232,237,0.8659940730125437
232,243,0.9252426140965927
233,222,0.8949310453274003
233,240,0.9380707758593515
233,266,0.5301211761290978
234,230,0.9545253329684085
234,242,0.9398663543806614
235,178,0.5501974133315031
235,285,0.591736577795832
235,213,0.7323011131291901
235,241,0.9020909832238383
235,267,0.720920269247241
236,238,0.9703267583806774
236,216,0.8468618649142202
237,256,0.8210005058904282
237,247,0.9259006636492924
237,232,0.8659940730125437
237,243,0.9528713406293264
238,229,0.7470454626194873
238,231,0.9386737058518245
238,236,0.9703267583806774
238,196,0.5277203671725043
238,315,0.5246869691973611
239,247,0.8778507136781892
239,244,0.973241378938998
239,206,0.7736612386334935
239,220,0.5935714555189187
239,225,0.8752523430789345
240,179,0.4810199666704892
240,233,0.9380707758593515
240,262,0.783583435689713
241,213,0.7956228644383707
241,235,0.9020909832238383
241,267,0.7631038035722396
242,230,0.8475382393341547
242,227,0.880309421011366
242,228,0.880309421011366
242,221,0.7724650825967881
242,234,0.9398663543806614
242,217,0.7538513508429571
242,246,0.9703267583806774
242,122,0.1608918962026797
242,129,0.1660494441674361
243,247,0.9738083407717619
243,237,0.9528713406293264
243,232,0.9252426140965927
243,220,0.5194823507633092
244,247,0.9821508484111854
244,239,0.973241378938998
245,257,0.8251401022639973
245,249,0.9509530557937554
245,328,0.3575369311162366
246,242,0.9703267583806774
246,217,0.7102868599304545
246,271,0.7766618757531217
247,256,0.8308536670046154
247,253,0.9119948158727124
247,237,0.9259006636492924
247,244,0.9821508484111854
247,243,0.9738083407717619
247,239,0.8778507136781892
248,256,0.7463396185184763
248,269,0.7924522608664298
248,232,0.7155425022329216
248,220,0.4904622887833316
249,258,0.8763458351248615
249,257,0.8643740486290487
249,245,0.9509530557937554
250,262,0.1629703019333153
250,194,0.6321060151012586
250,357,0.293497991763509
250,359,0.3142842889216121
250,255,0.9143865913738085
250,376,0.2856321750503415
251,281,0.741358064628596
251,268,0.8263790442785298
251,223,0.639908768850149
251,176,0.5586871987299746
251,146,0.4636998047493521
252,196,0.6234997132813703
252,315,0.4935030480555684
252,264,0.8690753660559558
252,116,0.2732825923995525
253,256,0.9680141029402175
253,247,0.9119948158727124
254,256,0.973241378938998
254,263,0.8717177368842495
254,270,0.7736612386334935
255,250,0.9143865913738085
255,159,0.393820477665196
255,152,0.428047574486133
255,376,0.302416413663525
256,263,0.9151301083484215
256,254,0.973241378938998
256,270,0.7212403195471876
256,253,0.9680141029402175
256,280,0.6069721570188729
256,248,0.7463396185184763
256,247,0.8308536670046154
256,237,0.8210005058904282
256,232,0.7589305296185435
257,274,0.4331439522933023
257,258,0.9606142271693334
257,249,0.8643740486290487
257,245,0.8251401022639973
258,90,0.1960218778508173
258,182,0.5262717881537696
258,260,0.9487936471897895
258,257,0.9606142271693334
258,265,0.9558491977655615
258,249,0.8763458351248615
258,282,0.7474519235535323
259,90,0.2211463237549384
259,148,0.4281083844968997
259,292,0.7678503049985075
259,287,0.7703309110660849
260,182,0.4946752774446304
260,258,0.9487936471897895
260,265,0.9680141029402175
260,261,0.9487936471897895
261,260,0.9487936471897895
261,265,0.973241378938998
261,263,0.9136075472781886
262,179,0.4648055137230527
262,240,0.783583435689713
262,357,0.4289042802985884
262,250,0.1629703019333153
263,265,0.9558491977655615
263,261,0.9136075472781886
263,256,0.9151301083484215
263,282,0.8355881572606184
263,254,0.8717177368842495
263,277,0.9076319992126715
263,270,0.9623684211445606
264,252,0.8690753660559558
264,279,0.8939143582089739
264,116,0.328313245503346
265,258,0.9558491977655615
265,260,0.9680141029402175
265,261,0.973241378938998
265,263,0.9558491977655615
265,282,0.8604167026150135
266,233,0.5301211761290978
266,271,0.973241378938998
267,235,0.720920269247241
267,241,0.7631038035722396
267,298,0.7648280812876519
268,406,0.1062613169710073
268,293,0.03921599183405746
268,288,0.04314170827214
268,281,0.8808336754947304
268,251,0.8263790442785298
269,316,0.5246962290228877
269,280,0.9044711526968143
269,248,0.7924522608664298
269,297,0.7076966896830303
270,256,0.7212403195471876
270,263,0.9623684211445606
270,254,0.7736612386334935
270,277,0.9640719144033315
271,246,0.7766618757531217
271,266,0.973241378938998
271,296,0.8033358368397909
272,220,0.4132206503851631
272,295,0.8091153289569922
272,275,0.8596629164068988
273,211,0.5738049067023039
273,278,0.9820803998915989
273,177,0.4548898324586146
273,205,0.4038023591020391
273,199,0.4006984705717062
274,283,0.9043681975754079
274,257,0.4331439522933023
274,328,0.3325054658082512
275,272,0.8596629164068988
275,295,0.830557060855678
275,169,0.4367335931553237
276,387,0.2745768947920231
276,284,0.8984768065905253
277,263,0.9076319992126715
277,282,0.9200400887774002
277,270,0.9640719144033315
278,347,0.1901065730477559
278,440,0.1224834271401673
278,273,0.9820803998915989
279,264,0.8939143582089739
279,284,0.9433113231217994
280,256,0.6069721570188729
280,286,0.9509530557937554
280,269,0.9044711526968143
281,351,0.5307789223950417
281,268,0.8808336754947304
281,251,0.741358064628596
281,226,0.5804700191544887
281,223,0.5691602719494828
282,258,0.7474519235535323
282,265,0.8604167026150135
282,263,0.8355881572606184
282,302,0.8663593803641305
282,277,0.9200400887774002
282,316,0.7777751446967094
283,292,0.8659872472849438
283,287,0.973241378938998
283,274,0.9043681975754079
283,328,0.3414161794907588
284,279,0.9433113231217994
284,276,0.8984768065905253
284,116,0.2225498547558636
284,290,0.9510887940112148
284,48,0.1729389721239328
284,127,0.1598478506360309
285,203,0.4884348041325618
285,200,0.4700132953244574
285,291,0.9528713406293264
285,235,0.591736577795832
286,316,0.8183615052466197
286,299,0.8683057494564778
286,280,0.9509530557937554
287,259,0.7703309110660849
287,292,0.9606142271693334
287,283,0.973241378938998
288,293,0.9623684211445606
288,268,0.04314170827214
289,387,0.1530897742941237
289,294,0.963797893235387
290,387,0.1990641815161665
290,284,0.9510887940112148
290,294,0.9722730770907142
291,285,0.9528713406293264
291,300,0.9381081363295531
291,307,0.8064583950337216
292,259,0.7678503049985075
292,304,0.9225797361323311
292,287,0.9606142271693334
292,283,0.8659872472849438
293,301,0.9386737058518245
293,295,0.973241378938998
293,288,0.9623684211445606
293,268,0.03921599183405746
293,43,0.1587544489062338
294,290,0.9722730770907142
294,289,0.963797893235387
294,321,0.8419692589130015
295,319,0.8016157540135661
295,272,0.8091153289569922
295,301,0.9568060828351197
295,293,0.973241378938998
295,275,0.830557060855678
296,271,0.8033358368397909
296,313,0.7581884480031457
296,357,0.5581527090950716
297,269,0.7076966896830303
297,333,0.7682413400554818
297,306,0.9197180289558177
298,308,0.9625520007466786
298,267,0.7648280812876519
299,316,0.9138343777346719
299,286,0.8683057494564778
300,291,0.9381081363295531
300,307,0.973241378938998
300,308,0.8998101462900223
301,319,0.9117908960763035
301,295,0.9568060828351197
301,293,0.9386737058518245
302,282,0.8663593803641305
302,316,0.9231414344942847
303,308,0.9801847561502938
304,314,0.7785114110283501
304,310,0.9722730770907142
304,292,0.9225797361323311
305,306,0.7147989052823661
305,220,0.4687950939970578
305,319,0.9267757202187215
306,333,0.7924622854002534
306,297,0.9197180289558177
306,305,0.7147989052823661
307,291,0.8064583950337216
307,300,0.973241378938998
307,308,0.9909996972207402
308,300,0.8998101462900223
308,307,0.9909996972207402
308,309,0.809772999289624
308,298,0.9625520007466786
308,303,0.9801847561502938
308,327,0.8575310822469285
309,338,0.7012705190000459
309,308,0.809772999289624
309,323,0.8725401872164539
309,320,0.9252426140965927
309,312,0.9113150658887325
309,318,0.913556091857009
310,314,0.789728968602913
310,304,0.9722730770907142
310,388,0.4016394939819987
310,328,0.2739660431592739
311,317,0.9640719144033315
311,327,0.8402079441987049
312,309,0.9113150658887325
312,323,0.8933554828262017
312,318,0.9740254572354989
313,296,0.7581884480031457
313,357,0.6221215861885061
313,129,0.1480814547236161
314,113,0.04018885761869079
314,304,0.7785114110283501
314,310,0.789728968602913
314,388,0.4145439529750937
315,238,0.5246869691973611
315,325,0.9123365375439741
315,252,0.4935030480555684
316,282,0.7777751446967094
316,302,0.9231414344942847
316,299,0.9138343777346719
316,286,0.8183615052466197
316,332,0.846460926617414
316,326,0.8949310453274003
316,269,0.5246962290228877
317,320,0.9625520007466786
317,311,0.9640719144033315
317,327,0.9100851990856139
317,324,0.862417429498283
318,309,0.913556091857009
318,320,0.973241378938998
318,312,0.9740254572354989
318,330,0.8586888004177173
319,335,0.7948590309532689
319,305,0.9267757202187215
319,322,0.9635139401772062
319,329,0.7768206087050091
319,301,0.9117908960763035
319,295,0.8016157540135661
320,309,0.9252426140965927
320,318,0.973241378938998
320,317,0.9625520007466786
320,330,0.8910554767773868
321,294,0.8419692589130015
321,127,0.2205806228596366
321,341,0.7955399327988321
321,140,0.2606651859225804
321,184,0.2407236606780553
322,335,0.8604167026150135
322,319,0.9635139401772062
323,338,0.7045905131916946
323,340,0.7762027794808094
323,309,0.8725401872164539
323,364,0.6263994708946213
323,312,0.8933554828262017
324,317,0.862417429498283
324,327,0.973241378938998
324,330,0.9398663543806614
325,331,0.9338241719892809
325,315,0.9123365375439741
326,316,0.8949310453274003
326,332,0.774550578401058
326,339,0.8757303380065314
326,333,0.8985296707828764
326,337,0.8881253300757229
327,308,0.8575310822469285
327,364,0.6256547446160643
327,311,0.8402079441987049
327,317,0.9100851990856139
327,334,0.6223463872955783
327,324,0.973241378938998
327,365,0.6083798000601623
327,361,0.6436389690988711
327,382,0.5065686029696894
327,384,0.4660536023767251
327,386,0.3682195430075472
328,310,0.2739660431592739
328,274,0.3325054658082512
328,283,0.3414161794907588
328,388,0.2044141799274686
328,245,0.3575369311162366
328,422,0.2312284430969954
328,355,0.5516902134277099
328,379,0.3293960441440029
328,430,0.2023248099229707
329,335,0.9449487209151111
329,367,0.4247509594330539
329,319,0.7768206087050091
329,378,0.3608048076354989
330,364,0.6709408704702865
330,320,0.8910554767773868
330,318,0.8586888004177173
330,324,0.9398663543806614
331,342,0.7613850416366696
331,325,0.9338241719892809
331,373,0.5843333063257399
332,316,0.846460926617414
332,339,0.9431809952265163
332,326,0.774550578401058
333,326,0.8985296707828764
333,297,0.7682413400554818
333,337,0.9623684211445606
333,306,0.7924622854002534
333,335,0.9606142271693334
334,327,0.6223463872955783
334,216,0.2646258070277017
334,365,0.6762333557659277
335,333,0.9606142271693334
335,336,0.9231414344942847
335,337,0.9909996972207402
335,322,0.8604167026150135
335,319,0.7948590309532689
335,329,0.9449487209151111
336,339,0.9801847561502938
336,337,0.9302253582882283
336,335,0.9231414344942847
336,367,0.6295441202471916
337,339,0.9801847561502938
337,326,0.8881253300757229
337,333,0.9623684211445606
337,336,0.9302253582882283
337,335,0.9909996972207402
338,340,0.9380707758593515
338,350,0.8296692882718347
338,309,0.7012705190000459
338,323,0.7045905131916946
339,332,0.9431809952265163
339,344,0.8955897478075493
339,326,0.8757303380065314
339,336,0.9801847561502938
339,337,0.9801847561502938
340,338,0.9380707758593515
340,350,0.8555526205876358
340,323,0.7762027794808094
341,321,0.7955399327988321
341,390,0.5402678595437768
341,347,0.8985296707828764
342,365,0.6562903272685769
342,372,0.6496138747654717
342,331,0.7613850416366696
342,373,0.6648653403226135
343,370,0.7264700339948188
343,352,0.7346005508687314
343,413,0.1214664245123667
344,355,0.9041228461390493
344,339,0.8955897478075493
345,349,0.9623684211445606
345,346,0.9218390051298286
346,345,0.9218390051298286
346,368,0.7907827584876886
347,390,0.4933023120994843
347,341,0.8985296707828764
347,184,0.2458908979586572
347,440,0.2403731189096326
347,442,0.1851770290949521
347,278,0.1901065730477559
348,353,0.7669570948722908
348,354,0.7599666732579925
348,375,0.6207614876932397
348,394,0.5029476929670206
348,397,0.5141285939886007
348,398,0.4147350147331985
349,129,0.123828510006155
349,155,0.1395266931548942
349,359,0.8306861048894179
349,203,0.1431834161844272
349,345,0.9623684211445606
349,368,0.8147016073056995
349,350,0.4625966239176243
350,349,0.4625966239176243
350,338,0.8296692882718347
350,340,0.8555526205876358
350,364,0.8622286422130082
351,406,0.1563198850366906
351,352,0.9909996972207402
351,281,0.5307789223950417
352,366,0.8636472259095533
352,370,0.7371191243541444
352,351,0.9909996972207402
352,343,0.7346005508687314
353,354,0.9872954174986995
353,348,0.7669570948722908
354,364,0.8878252998929191
354,353,0.9872954174986995
354,348,0.7599666732579925
354,375,0.6303002419913312
355,328,0.5516902134277099
355,344,0.9041228461390493
355,379,0.7182665872231823
356,357,0.9872954174986995
357,262,0.4289042802985884
357,296,0.5581527090950716
357,313,0.6221215861885061
357,356,0.9872954174986995
357,359,0.9821508484111854
357,250,0.293497991763509
358,371,0.8284378548455013
358,360,0.9489740375706385
359,357,0.9821508484111854
359,250,0.3142842889216121
359,349,0.8306861048894179
359,362,0.9398663543806614
360,371,0.8731780843417525
360,364,0.926882902535023
360,358,0.9489740375706385
361,327,0.6436389690988711
361,365,0.9471987816790822
361,372,0.8654126672186737
361,369,0.9021836302794737
361,382,0.7598100496711813
362,359,0.9398663543806614
362,376,0.8339009784031988
363,402,0.4895625878953552
363,413,0.4528468064803368
363,190,0.2132235661780126
363,135,0.08001153170162688
363,149,0.1668155626186479
363,84,0.1036155349669705
364,371,0.851400302505
364,350,0.8622286422130082
364,323,0.6263994708946213
364,360,0.926882902535023
364,327,0.6256547446160643
364,330,0.6709408704702865
364,354,0.8878252998929191
364,375,0.8432989432779371
365,327,0.6083798000601623
365,334,0.6762333557659277
365,342,0.6562903272685769
365,372,0.8832317101227493
365,361,0.9471987816790822
366,406,0.1619067930105414
366,401,0.2571709248316602
366,400,0.5307307336047584
366,370,0.7927617104591285
366,352,0.8636472259095533
367,383,0.8034039293784399
367,336,0.6295441202471916
367,329,0.4247509594330539
367,378,0.4618147750150972
368,349,0.8147016073056995
368,346,0.7907827584876886
368,371,0.9355153839991557
369,372,0.9318432884199691
369,361,0.9021836302794737
370,417,0.3750166063291527
370,400,0.5595968460783413
370,391,0.5775676403790071
370,366,0.7927617104591285
370,352,0.7371191243541444
370,343,0.7264700339948188
371,368,0.9355153839991557
371,374,0.9605681082362557
371,364,0.851400302505
371,360,0.8731780843417525
371,358,0.8284378548455013
372,365,0.8832317101227493
372,342,0.6496138747654717
372,361,0.8654126672186737
372,369,0.9318432884199691
372,373,0.9872954174986995
373,342,0.6648653403226135
373,372,0.9872954174986995
373,331,0.5843333063257399
373,377,0.9487936471897895
374,380,0.9386737058518245
374,371,0.9605681082362557
375,364,0.8432989432779371
375,354,0.6303002419913312
375,348,0.6207614876932397
375,386,0.5987204645760016
375,395,0.7545729531505926
375,394,0.6857472966363591
376,250,0.2856321750503415
376,255,0.302416413663525
376,362,0.8339009784031988
376,380,0.9545253329684085
377,373,0.9487936471897895
377,381,0.9775635533426917
378,367,0.4618147750150972
378,329,0.3608048076354989
378,406,0.6089880630251936
379,328,0.3293960441440029
379,355,0.7182665872231823
379,383,0.9625520007466786
380,376,0.9545253329684085
380,188,0.167998250611621
380,374,0.9386737058518245
380,396,0.7876982725499126
381,377,0.9775635533426917
381,385,0.9545253329684085
381,387,0.9148556671723199
382,327,0.5065686029696894
382,361,0.7598100496711813
382,384,0.9722730770907142
383,379,0.9625520007466786
383,430,0.4023780150146983
383,367,0.8034039293784399
384,327,0.4660536023767251
384,382,0.9722730770907142
384,385,0.9909996972207402
385,384,0.9909996972207402
385,381,0.9545253329684085
385,389,0.9136075472781886
385,392,0.8939501852903369
386,327,0.3682195430075472
386,375,0.5987204645760016
386,395,0.6834769379145459
386,389,0.4912225812824958
386,419,0.3881664271708317
386,428,0.4224304233335055
387,381,0.9148556671723199
387,399,0.7104479503968395
387,276,0.2745768947920231
387,290,0.1990641815161665
387,289,0.1530897742941237
387,390,0.1823943541824471
388,314,0.4145439529750937
388,310,0.4016394939819987
388,436,0.4083450772972356
388,408,0.360616386658497
388,328,0.2044141799274686
389,386,0.4912225812824958
389,385,0.9136075472781886
389,392,0.9463836498442388
390,387,0.1823943541824471
390,399,0.232795426849305
390,449,0.1964676389868898
390,341,0.5402678595437768
390,490,0.1662070596906078
390,347,0.4933023120994843
390,442,0.223246708861164
391,487,0.1998440666146354
391,417,0.5245115606919505
391,370,0.5775676403790071
391,413,0.1993643388566875
392,385,0.8939501852903369
392,389,0.9463836498442388
392,399,0.7682095937300372
393,447,0.1466406876376591
393,487,0.2122053019898991
393,402,0.5000735193890675
393,111,0.07743631064684245
393,92,0.06130021868447218
394,348,0.5029476929670206
394,375,0.6857472966363591
394,395,0.9872954174986995
394,398,0.6191187535057251
394,404,0.6837154366924993
394,418,0.6418276261516181
395,375,0.7545729531505926
395,386,0.6834769379145459
395,394,0.9872954174986995
395,428,0.5045297080004673
396,380,0.7876982725499126
396,403,0.81217666323063
397,348,0.5141285939886007
397,407,0.6071979011915016
397,398,0.5690899976063967
397,432,0.5057758050515861
398,348,0.4147350147331985
398,394,0.6191187535057251
398,397,0.5690899976063967
398,404,0.902769691485617
398,432,0.5622287513064739
398,420,0.7155960808890824
399,392,0.7682095937300372
399,387,0.7104479503968395
