from,to,probability
0,9,0.9872954174986995
1,28,0.5115899086358469
1,40,0.8925503413284119
1,58,0.872209036758666
1,9,0.7959297689320973
2,110,0.7164184172636757
2,235,0.6068710400188535
2,166,0.6087853960704023
3,56,0.8426164168423107
3,34,0.799733955831181
3,19,0.9568060828351197
3,15,0.9820803998915989
4,90,0.7893083478605835
4,77,0.7850373684929122
5,23,0.9775635533426917
5,43,0.8725401872164539
6,30,0.7219609516105324
6,39,0.9414093153986384
7,37,0.7114615706966977
7,59,0.8780320077722249
8,116,0.6105236864145239
8,187,0.6663791257875488
8,273,0.4547809662127485
9,58,0.8818698700070238
9,1,0.7959297689320973
9,0,0.9872954174986995
10,21,0.96455109796153
10,72,0.8489846465296593
11,18,0.9872954174986995
12,35,0.9545253329684085
12,19,0.9113150658887325
13,55,0.9027914194981744
13,17,0.9568060828351197
13,51,0.7898293985581549
14,39,0.9528713406293264
15,3,0.9820803998915989
15,19,0.9738083407717619
15,115,0.7008182739895384
15,86,0.8060668693482169
15,67,0.7563599390342294
16,53,0.9113150658887325
16,123,0.5084724828329904
17,55,0.9074848476136496
17,13,0.9568060828351197
18,38,0.9606142271693334
18,11,0.9872954174986995
19,56,0.8767996737047881
19,35,0.9652302536595252
19,3,0.9568060828351197
19,12,0.9113150658887325
19,15,0.9738083407717619
19,67,0.7370122022524226
20,70,0.8664531706716887
21,31,0.7264977475432276
21,100,0.7191861803723963
21,10,0.96455109796153
21,72,0.8629637498073828
21,104,0.6810858475872297
22,144,0.7219210705644076
22,101,0.7691061953823363
22,109,0.6742412799086643
22,71,0.7810567631002444
23,44,0.9319688023041177
23,5,0.9775635533426917
23,43,0.9290041049585714
24,103,0.7872291927355682
25,37,0.9680141029402175
26,48,0.8136518710884932
26,42,0.9446132398187344
27,67,0.8806125115059287
27,48,0.6429215080396816
28,59,0.9049489566006381
28,50,0.445730191032203
28,40,0.4375637567982075
28,58,0.3799116313871985
28,1,0.5115899086358469
29,46,0.9437830818422798
30,130,0.6172661772386928
30,39,0.9801847561502938
30,6,0.7219609516105324
31,100,0.8122781248729366
31,21,0.7264977475432276
32,94,0.823294971744656
32,197,0.6788623452166707
33,52,0.9468729158186302
34,114,0.679113019706605
34,47,0.8024799123731862
34,56,0.9319412935813508
34,65,0.7508623665898849
34,85,0.7476509049625721
34,78,0.7699776618872116
34,3,0.799733955831181
35,56,0.9339123573120692
35,54,0.8955897478075493
35,19,0.9652302536595252
35,12,0.9545253329684085
36,61,0.9252426140965927
37,76,0.8865007864363644
37,25,0.9680141029402175
37,68,0.6374890552134458
37,7,0.7114615706966977
38,51,0.9545253329684085
38,39,0.9230839370295274
38,18,0.9606142271693334
39,198,0.6980480184514087
39,30,0.9801847561502938
39,14,0.9528713406293264
39,38,0.9230839370295274
39,6,0.9414093153986384
40,28,0.4375637567982075
40,58,0.9461885164005041
40,1,0.8925503413284119
41,103,0.8285774273060031
42,227,0.6726355328602593
42,48,0.7736339977483579
42,62,0.9046095216388276
42,26,0.9446132398187344
42,76,0.663446580274348
43,44,0.9722730770907142
43,23,0.9290041049585714
43,5,0.8725401872164539
43,66,0.9386737058518245
44,23,0.9319688023041177
44,66,0.9414093153986384
44,43,0.9722730770907142
45,79,0.8998101462900223
45,56,0.9276130660231213
45,54,0.8888129200748273
46,29,0.9437830818422798
46,130,0.7939027286646286
47,109,0.8355881572606184
47,114,0.7858772589228928
47,65,0.9527396919219954
47,34,0.8024799123731862
48,67,0.5551577664382368
48,27,0.6429215080396816
48,129,0.7973484864036136
48,62,0.8423152155119515
48,42,0.7736339977483579
48,26,0.8136518710884932
49,72,0.8262851314551057
49,80,0.8931651576203317
49,268,0.303472092966814
50,173,0.7525306755096119
50,159,0.6978877032732551
50,59,0.4455511628547633
50,28,0.445730191032203
50,87,0.8667035294451287
51,198,0.7305096666719988
51,55,0.8785045823155184
51,13,0.7898293985581549
51,38,0.9545253329684085
52,60,0.973241378938998
52,33,0.9468729158186302
53,16,0.9113150658887325
53,217,0.6348912176147128
53,270,0.639908768850149
54,56,0.9872954174986995
54,45,0.8888129200748273
54,35,0.8955897478075493
55,244,0.6548476556270676
55,229,0.6510740692657632
55,198,0.7366123951536574
55,17,0.9074848476136496
55,13,0.9027914194981744
55,51,0.8785045823155184
56,114,0.8412358396406283
56,79,0.7618549849186509
56,45,0.9276130660231213
56,54,0.9872954174986995
56,34,0.9319412935813508
56,35,0.9339123573120692
56,3,0.8426164168423107
56,19,0.8767996737047881
57,102,0.4279476650800423
57,66,0.9152682940533224
57,113,0.8423436359554044
58,28,0.3799116313871985
58,118,0.840340438745805
58,106,0.7131794200612196
58,40,0.9461885164005041
58,1,0.872209036758666
58,9,0.8818698700070238
59,68,0.973241378938998
59,7,0.8780320077722249
59,50,0.4455511628547633
59,28,0.9049489566006381
60,103,0.8767996737047881
60,52,0.973241378938998
61,105,0.6595157842005983
61,181,0.7647391661074251
61,36,0.9252426140965927
61,110,0.7477735030457014
62,227,0.7069474127971102
62,129,0.6336489029848882
62,48,0.8423152155119515
62,42,0.9046095216388276
63,182,0.7667027601447558
63,64,0.9821508484111854
64,63,0.9821508484111854
64,75,0.9625520007466786
65,47,0.9527396919219954
65,34,0.7508623665898849
65,85,0.924074310214428
66,44,0.9414093153986384
66,43,0.9386737058518245
66,57,0.9152682940533224
66,213,0.7441058595629507
66,269,0.6122977949203073
66,94,0.826537143621478
66,73,0.7706599135774792
66,154,0.6476019667444165
67,19,0.7370122022524226
67,15,0.7563599390342294
67,84,0.9396482109138352
67,27,0.8806125115059287
67,129,0.5658554486085737
67,48,0.5551577664382368
68,190,0.7760258278246663
68,37,0.6374890552134458
68,59,0.973241378938998
69,138,0.7491356824855265
69,102,0.9014965856039029
70,342,0.5781720955618039
70,263,0.5248595537550457
70,20,0.8664531706716887
71,101,0.7072518064961866
71,201,0.7685680928202417
71,22,0.7810567631002444
71,183,0.5243135728197043
71,171,0.698011225782911
72,10,0.8489846465296593
72,21,0.8629637498073828
72,49,0.8262851314551057
72,104,0.8984018290332583
72,80,0.9568060828351197
73,66,0.7706599135774792
73,94,0.8672050591234559
73,154,0.8170038991134739
73,180,0.794498299811613
74,111,0.5854359996449406
74,174,0.8018579097096254
74,196,0.7813713755240965
75,342,0.5554744959106305
75,352,0.5691484289988535
75,64,0.9625520007466786
76,146,0.8064505144669158
76,42,0.663446580274348
76,139,0.7861319086903465
76,190,0.7931344385027741
76,37,0.8865007864363644
77,4,0.7850373684929122
77,90,0.9563580847229063
77,95,0.9486190642182526
78,34,0.7699776618872116
78,85,0.9722730770907142
79,256,0.7139378132121826
79,228,0.6628740370114589
79,114,0.776939331944544
79,56,0.7618549849186509
79,45,0.8998101462900223
80,72,0.9568060828351197
80,49,0.8931651576203317
80,104,0.9483143562269498
80,83,0.9509530557937554
81,175,0.8390766836438729
81,120,0.8895895385572373
81,93,0.9555628090031205
81,103,0.8332298175832424
82,91,0.7115528678199041
82,98,0.8613101420074077
82,152,0.8330832221981257
82,147,0.8558471932491926
82,145,0.8740875121130267
83,104,0.9135174329536959
83,80,0.9509530557937554
83,156,0.8604167026150135
84,86,0.9872954174986995
84,67,0.9396482109138352
84,129,0.7170974403342107
85,65,0.924074310214428
85,34,0.7476509049625721
85,78,0.9722730770907142
85,151,0.8707834149907014
86,15,0.8060668693482169
86,115,0.6481152446398105
86,84,0.9872954174986995
86,141,0.889398462395082
86,129,0.6607768259360249
87,50,0.8667035294451287
87,118,0.9318432884199691
88,127,0.903874518289376
88,103,0.9680141029402175
88,118,0.8406492952803297
88,106,0.8788961875278912
89,128,0.9126866306140564
89,173,0.631355639275884
90,4,0.7893083478605835
90,95,0.9821508484111854
90,77,0.9563580847229063
90,99,0.9821508484111854
91,214,0.8070155745087665
91,98,0.9625520007466786
91,82,0.7115528678199041
92,103,0.973241378938998
93,120,0.9320649386687456
93,81,0.9555628090031205
94,66,0.826537143621478
94,73,0.8672050591234559
94,32,0.823294971744656
94,180,0.739226050844629
94,197,0.8368845328055563
95,90,0.9821508484111854
95,77,0.9486190642182526
95,99,0.9909996972207402
96,171,0.6675224221662168
96,194,0.8406024216667138
96,151,0.889398462395082
97,103,0.9821508484111854
98,91,0.9625520007466786
98,82,0.8613101420074077
98,133,0.9271479306594969
98,108,0.9635139401772062
99,90,0.9821508484111854
99,95,0.9909996972207402
99,112,0.9640719144033315
100,31,0.8122781248729366
100,208,0.8255010962285488
100,21,0.7191861803723963
101,283,0.7267989646739544
101,144,0.8030726935354587
101,201,0.8239699000771177
101,22,0.7691061953823363
101,71,0.7072518064961866
102,138,0.9113150658887325
102,69,0.9014965856039029
102,157,0.9020909832238383
102,119,0.7378579491205577
102,57,0.4279476650800423
102,113,0.4314145925113517
103,175,0.8589163816465427
103,120,0.9568060828351197
103,81,0.8332298175832424
103,127,0.9252426140965927
103,88,0.9680141029402175
103,106,0.9821508484111854
103,41,0.8285774273060031
103,92,0.973241378938998
103,97,0.9821508484111854
103,24,0.7872291927355682
103,60,0.8767996737047881
104,208,0.4781268773818232
104,21,0.6810858475872297
104,72,0.8984018290332583
104,80,0.9483143562269498
104,83,0.9135174329536959
104,122,0.8577507283049174
104,156,0.9051635970245349
105,253,0.7204461801729296
105,181,0.873229376332696
105,61,0.6595157842005983
106,103,0.9821508484111854
106,118,0.9662032285945363
106,88,0.8788961875278912
106,58,0.7131794200612196
107,193,0.8647583536990829
107,175,0.8328450187603726
108,98,0.9635139401772062
108,133,0.9469419985426921
108,145,0.7730752775936736
109,148,0.9226646423228461
109,22,0.6742412799086643
109,47,0.8355881572606184
110,181,0.7226093543763253
110,61,0.7477735030457014
110,286,0.7345950631892196
110,235,0.6109006608078957
110,2,0.7164184172636757
111,74,0.5854359996449406
111,270,0.767130324029721
111,196,0.5407456269858409
111,208,0.5019982073495826
112,99,0.9640719144033315
112,251,0.7898519283786805
113,102,0.4314145925113517
113,261,0.5189840051951931
113,57,0.8423436359554044
113,213,0.8575310822469285
114,222,0.8443340568628087
114,256,0.6895854003505663
114,199,0.8413690077135583
114,47,0.7858772589228928
114,79,0.776939331944544
114,56,0.8412358396406283
114,34,0.679113019706605
115,151,0.9364430231446151
115,15,0.7008182739895384
115,195,0.8854786844658508
115,86,0.6481152446398105
116,140,0.9568060828351197
116,187,0.8683040406886617
116,8,0.6105236864145239
117,231,0.4808446083549442
117,209,0.5496052539863785
117,441,0.4852081070414841
117,191,0.7078962095693072
117,303,0.4393554506907811
118,127,0.9783511137385126
118,87,0.9318432884199691
118,88,0.8406492952803297
118,106,0.9662032285945363
118,58,0.840340438745805
119,186,0.8794411724354775
119,102,0.7378579491205577
119,157,0.8871526823733374
119,261,0.7864206680773322
120,175,0.6790872426657834
120,164,0.9338241719892809
120,132,0.9298804969197713
120,81,0.8895895385572373
120,93,0.9320649386687456
120,103,0.9568060828351197
121,151,0.8577200631270809
121,158,0.9261191283460204
121,224,0.8491267097606369
121,227,0.8435876500064811
122,104,0.8577507283049174
122,156,0.9117908960763035
122,137,0.9738083407717619
123,16,0.5084724828329904
123,135,0.9821508484111854
123,238,0.7938093504173399
123,187,0.8513524091650486
124,203,0.89037332114638
124,146,0.9623684211445606
125,237,0.7113304190377039
125,246,0.7629316620821242
125,214,0.7834027441434154
125,175,0.9319412935813508
126,153,0.7161690943912122
126,143,0.973241378938998
127,175,0.9226646423228461
127,163,0.9471987816790822
127,103,0.9252426140965927
127,118,0.9783511137385126
127,88,0.903874518289376
128,168,0.9463836498442388
128,210,0.8611481432892399
128,155,0.9588171955615209
128,89,0.9126866306140564
128,173,0.9364430231446151
129,86,0.6607768259360249
129,227,0.7760307309166351
129,84,0.7170974403342107
129,67,0.5658554486085737
129,223,0.8669410130367989
129,48,0.7973484864036136
129,62,0.6336489029848882
130,46,0.7939027286646286
130,166,0.9489740375706385
130,30,0.6172661772386928
131,315,0.7289690472035839
131,274,0.7364908416660945
131,232,0.832143721654529
132,175,0.9380707758593515
132,164,0.8328226382555459
132,120,0.9298804969197713
133,98,0.9271479306594969
133,108,0.9469419985426921
133,145,0.9113150658887325
133,192,0.9168865930767257
134,175,0.9133010884855284
134,164,0.9558012826194622
135,123,0.9821508484111854
135,140,0.8889241318200837
135,187,0.9308357478120231
136,169,0.4526502343774534
136,231,0.6541236702256866
136,404,0.5588641824404786
137,122,0.9738083407717619
137,156,0.973241378938998
138,186,0.9380707758593515
138,69,0.7491356824855265
138,102,0.9113150658887325
139,146,0.9899427146690853
139,188,0.7849354008901915
139,76,0.7861319086903465
139,190,0.8794411724354775
140,135,0.8889241318200837
140,116,0.9568060828351197
140,187,0.9386737058518245
141,195,0.8994855322196585
141,86,0.889398462395082
141,215,0.8998101462900223
142,253,0.7806114500464381
142,319,0.6532327543744176
142,181,0.9463836498442388
142,300,0.5560544926803421
143,175,0.9558491977655615
143,150,0.9722730770907142
143,126,0.973241378938998
143,163,0.9704542354364942
144,364,0.6487656873980654
144,219,0.7415369369579087
144,101,0.8030726935354587
144,22,0.7219210705644076
145,175,0.9606142271693334
145,82,0.8740875121130267
145,133,0.9113150658887325
145,108,0.7730752775936736
145,147,0.8859739034107651
145,149,0.9820803998915989
145,173,0.8390829025270309
145,153,0.8105476885915488
145,150,0.8555686795673674
146,203,0.9218530484106888
146,124,0.9623684211445606
146,188,0.7558753340240318
146,139,0.9899427146690853
146,76,0.8064505144669158
147,175,0.9653197742132931
147,152,0.9899427146690853
147,82,0.8558471932491926
147,145,0.8859739034107651
148,219,0.7194443938997077
148,172,0.8556370901807866
148,199,0.9373283612333432
148,109,0.9226646423228461
149,175,0.9680141029402175
149,145,0.9820803998915989
149,150,0.9558491977655615
150,175,0.9703267583806774
150,145,0.8555686795673674
150,149,0.9558491977655615
150,153,0.7704273491917619
150,143,0.9722730770907142
151,194,0.8658929575842843
151,85,0.8707834149907014
151,96,0.889398462395082
151,158,0.973241378938998
151,115,0.9364430231446151
151,121,0.8577200631270809
151,195,0.9380707758593515
151,227,0.8879253736161481
152,175,0.973241378938998
152,82,0.8330832221981257
152,147,0.9899427146690853
153,145,0.8105476885915488
153,173,0.9775635533426917
153,150,0.7704273491917619
153,126,0.7161690943912122
154,66,0.6476019667444165
154,269,0.8299795122322104
154,73,0.8170038991134739
154,180,0.6990867291429657
154,271,0.7450662533301124
154,301,0.740081865425846
155,190,0.9558012826194622
155,128,0.9588171955615209
156,104,0.9051635970245349
156,83,0.8604167026150135
156,122,0.9117908960763035
156,137,0.973241378938998
156,170,0.9828715992216289
157,186,0.9623684211445606
157,102,0.9020909832238383
157,119,0.8871526823733374
158,151,0.973241378938998
158,179,0.9703267583806774
158,121,0.9261191283460204
159,173,0.9820803998915989
159,50,0.6978877032732551
160,252,0.8557837777127009
160,241,0.8725401872164539
160,203,0.7834027441434154
160,260,0.8387487827035611
160,188,0.7156457240639326
161,191,0.8580088899439088
161,451,0.5066327170950689
161,488,0.4420196970502392
161,293,0.6164567249166159
161,396,0.4114567334633678
162,370,0.6350406843987516
162,272,0.8323156809191884
162,182,0.9463836498442388
162,244,0.8212610317715963
163,175,0.9872954174986995
163,143,0.9704542354364942
163,127,0.9471987816790822
164,175,0.9872954174986995
164,134,0.9558012826194622
164,120,0.9338241719892809
164,132,0.8328226382555459
165,369,0.5736273414707903
165,311,0.7233313900701519
165,184,0.9680141029402175
165,335,0.6493487468418038
165,237,0.8859713415064452
165,309,0.7365190742201351
165,246,0.6427654493990507
166,235,0.5377292686146588
166,2,0.6087853960704023
166,185,0.9738083407717619
166,130,0.9489740375706385
167,193,0.9635139401772062
167,175,0.9509530557937554
168,281,0.7783484061136334
168,260,0.7374413683018286
168,225,0.7726975958695331
168,177,0.9821508484111854
168,210,0.7483093143411574
168,128,0.9463836498442388
169,304,0.7855153296319987
169,334,0.5168917891978744
169,136,0.4526502343774534
169,294,0.4634587783480664
169,383,0.4823542675687842
169,404,0.3925514300974045
170,156,0.9828715992216289
170,328,0.7524587356065237
171,71,0.698011225782911
171,313,0.6628467295173199
171,194,0.9680141029402175
171,96,0.6675224221662168
172,222,0.9002669281017016
172,219,0.9300086433468401
172,148,0.8556370901807866
173,145,0.8390829025270309
173,192,0.9738083407717619
173,128,0.9364430231446151
173,89,0.631355639275884
173,153,0.9775635533426917
173,159,0.9820803998915989
173,50,0.7525306755096119
174,74,0.8018579097096254
174,196,0.9704542354364942
174,208,0.9404329839028461
175,125,0.9319412935813508
175,176,0.9821508484111854
175,200,0.9653197742132931
175,193,0.8742268920617612
175,167,0.9509530557937554
175,107,0.8328450187603726
175,134,0.9133010884855284
175,152,0.973241378938998
175,164,0.9872954174986995
175,147,0.9653197742132931
175,145,0.9606142271693334
175,149,0.9680141029402175
175,120,0.6790872426657834
175,132,0.9380707758593515
175,150,0.9703267583806774
175,143,0.9558491977655615
175,163,0.9872954174986995
175,81,0.8390766836438729
175,127,0.9226646423228461
175,103,0.8589163816465427
176,280,0.8354130354361818
176,221,0.8586888004177173
176,200,0.9020909832238383
176,175,0.9821508484111854
177,226,0.9217493922613557
177,225,0.8659642233130055
177,168,0.9821508484111854
177,190,0.9463427450445413
178,202,0.9680141029402175
178,240,0.8835803223217685
178,366,0.6780327241846922
178,362,0.5925302298575238
179,194,0.9821508484111854
179,158,0.9703267583806774
180,94,0.739226050844629
180,73,0.794498299811613
180,154,0.6990867291429657
180,197,0.8794060850557157
180,253,0.8794411724354775
181,253,0.8810384896357233
181,105,0.873229376332696
181,142,0.9463836498442388
181,61,0.7647391661074251
181,300,0.5651873573495311
181,286,0.6273289536416208
181,110,0.7226093543763253
182,370,0.6759536438183804
182,352,0.6643451902688998
182,162,0.9463836498442388
182,63,0.7667027601447558
183,336,0.7505529078161843
183,201,0.5652483876872798
183,71,0.5243135728197043
183,264,0.7192142864571928
183,313,0.6435194743744302
184,332,0.6065430726884912
184,343,0.7058223646585062
184,311,0.6777379853059604
184,316,0.7357904914968378
184,165,0.9680141029402175
184,237,0.909610259038669
185,166,0.9738083407717619
185,229,0.9244449030381425
186,218,0.7893989156540659
186,138,0.9380707758593515
186,233,0.9056135760428643
186,375,0.6581568582478012
186,157,0.9623684211445606
186,119,0.8794411724354775
186,395,0.5813511994093462
187,123,0.8513524091650486
187,135,0.9308357478120231
187,116,0.8683040406886617
187,140,0.9386737058518245
187,238,0.9102351750712515
187,8,0.6663791257875488
187,273,0.5919786080887085
188,160,0.7156457240639326
188,203,0.6777379853059604
188,146,0.7558753340240318
188,226,0.9338241719892809
188,139,0.7849354008901915
189,305,0.8022867751731872
189,243,0.9024042964734219
189,248,0.9004409047055612
189,275,0.8586888004177173
190,226,0.9344469060777219
190,139,0.8794411724354775
190,177,0.9463427450445413
190,76,0.7931344385027741
190,155,0.9558012826194622
190,68,0.7760258278246663
191,441,0.4094126025940921
191,117,0.7078962095693072
191,451,0.5260970219776578
191,303,0.5976992605548634
191,161,0.8580088899439088
192,133,0.9168865930767257
192,258,0.8790805794053945
192,210,0.9276360025292943
192,173,0.9738083407717619
193,221,0.9545253329684085
193,200,0.9465403344083455
193,167,0.9635139401772062
193,175,0.8742268920617612
193,107,0.8647583536990829
194,171,0.9680141029402175
194,96,0.8406024216667138
194,204,0.9821508484111854
194,151,0.8658929575842843
194,179,0.9821508484111854
195,151,0.9380707758593515
195,115,0.8854786844658508
195,227,0.9386737058518245
195,141,0.8994855322196585
195,215,0.8731868830102759
196,74,0.7813713755240965
196,111,0.5407456269858409
196,174,0.9704542354364942
196,208,0.9742633661702257
197,94,0.8368845328055563
197,32,0.6788623452166707
197,180,0.8794060850557157
197,253,0.8962286099732958
198,229,0.9381981204125796
198,55,0.7366123951536574
198,51,0.7305096666719988
198,39,0.6980480184514087
199,222,0.9558012826194622
199,148,0.9373283612333432
199,114,0.8413690077135583
200,221,0.9640719144033315
200,176,0.9020909832238383
200,193,0.9465403344083455
200,175,0.9653197742132931
201,283,0.7814779262184396
201,345,0.7357401877168067
201,101,0.8239699000771177
201,336,0.7689984777161142
201,71,0.7685680928202417
201,183,0.5652483876872798
202,234,0.8692825124236818
202,220,0.9704542354364942
202,178,0.9680141029402175
202,366,0.6756999695495991
203,252,0.9117908960763035
203,227,0.9119948158727124
203,160,0.7834027441434154
203,124,0.89037332114638
203,146,0.9218530484106888
203,188,0.6777379853059604
204,313,0.8135849783947506
204,194,0.9821508484111854
204,287,0.582315216142555
205,211,0.9143865913738085
205,222,0.9722730770907142
206,254,0.8913003794604645
206,216,0.9742633661702257
206,342,0.7613910155820991
206,263,0.8297885622927706
207,379,0.6254886590492325
207,219,0.9801847561502938
208,111,0.5019982073495826
208,174,0.9404329839028461
208,196,0.9742633661702257
208,100,0.8255010962285488
208,306,0.8323184737051161
208,104,0.4781268773818232
209,231,0.9625520007466786
209,117,0.5496052539863785
210,281,0.7566353446883427
210,258,0.9085443955422927
210,168,0.7483093143411574
210,192,0.9276360025292943
210,128,0.8611481432892399
211,292,0.8452658031014753
211,222,0.9821508484111854
211,205,0.9143865913738085
212,217,0.9909996972207402
212,270,0.7487773476598828
213,66,0.7441058595629507
213,113,0.8575310822469285
213,269,0.9021567821264802
214,246,0.9380707758593515
214,125,0.7834027441434154
214,91,0.8070155745087665
215,195,0.8731868830102759
215,227,0.9719866270833376
215,141,0.8998101462900223
216,206,0.9742633661702257
216,228,0.9722730770907142
216,263,0.8968487814380327
217,53,0.6348912176147128
217,212,0.9909996972207402
217,270,0.9066741325234148
218,268,0.4270853256354755
218,464,0.4475527964270662
218,469,0.5282557961495924
218,186,0.7893989156540659
219,432,0.5829994499541723
219,364,0.5470035208946438
219,207,0.9801847561502938
219,172,0.9300086433468401
219,144,0.7415369369579087
219,148,0.7194443938997077
220,270,0.9108202141763784
220,243,0.9055529285211111
220,234,0.8660163495197234
220,202,0.9704542354364942
221,249,0.9471987816790822
221,280,0.8824845487878011
221,176,0.8586888004177173
221,200,0.9640719144033315
221,193,0.9545253329684085
222,379,0.673763958026545
222,211,0.9821508484111854
222,257,0.9166560322614283
222,205,0.9722730770907142
222,172,0.9002669281017016
222,256,0.7772143311228523
222,242,0.9558012826194622
222,230,0.9528713406293264
222,199,0.9558012826194622
222,114,0.8443340568628087
223,227,0.9872954174986995
223,129,0.8669410130367989
224,287,0.7816772547326211
224,121,0.8491267097606369
224,252,0.8644876699360091
224,227,0.9909996972207402
224,236,0.8622286422130082
225,260,0.9298804969197713
225,226,0.8971855320143377
225,177,0.8659642233130055
225,168,0.7726975958695331
226,260,0.9355153839991557
226,188,0.9338241719892809
226,225,0.8971855320143377
226,177,0.9217493922613557
226,190,0.9344469060777219
227,151,0.8879253736161481
227,121,0.8435876500064811
227,224,0.9909996972207402
227,195,0.9386737058518245
227,252,0.9558012826194622
227,215,0.9719866270833376
227,236,0.9539728837131289
227,223,0.9872954174986995
227,129,0.7760307309166351
227,203,0.9119948158727124
227,62,0.7069474127971102
227,42,0.6726355328602593
228,256,0.8009787043685758
228,216,0.9722730770907142
228,263,0.9352284274973984
228,79,0.6628740370114589
229,244,0.9713339356626279
229,185,0.9244449030381425
229,198,0.9381981204125796
229,55,0.6510740692657632
230,222,0.9528713406293264
230,256,0.9235808009025567
230,242,0.9738083407717619
231,136,0.6541236702256866
231,404,0.5018784551784717
231,209,0.9625520007466786
231,441,0.5830358575613693
231,117,0.4808446083549442
232,315,0.6788391247146187
232,131,0.832143721654529
232,310,0.6236567409136531
232,278,0.9151474968755783
232,356,0.7625981202285265
233,469,0.5126083359454314
233,186,0.9056135760428643
233,375,0.7135949756855373
234,202,0.8692825124236818
234,220,0.8660163495197234
234,306,0.6929068920540855
234,366,0.744075024040134
235,317,0.7054436289361716
235,110,0.6109006608078957
235,2,0.6068710400188535
235,244,0.9821508484111854
235,166,0.5377292686146588
236,224,0.8622286422130082
236,252,0.973241378938998
236,227,0.9539728837131289
237,316,0.8657861773565584
237,184,0.909610259038669
237,165,0.8859713415064452
237,239,0.8741349565474499
237,246,0.700797340351768
237,125,0.7113304190377039
238,123,0.7938093504173399
238,187,0.9102351750712515
238,290,0.9061147731289463
239,323,0.836836737253805
239,316,0.8683573021812527
239,237,0.8741349565474499
239,299,0.8910653879558487
239,280,0.7834322499225513
240,243,0.9276360025292943
240,178,0.8835803223217685
240,248,0.9872954174986995
241,252,0.9820803998915989
241,247,0.71607445737591
241,160,0.8725401872164539
241,260,0.7714511415516696
242,222,0.9558012826194622
242,257,0.8816634702981748
242,256,0.973241378938998
242,230,0.9738083407717619
243,270,0.9567357695710121
243,298,0.8034669132021915
243,220,0.9055529285211111
243,240,0.9276360025292943
243,189,0.9024042964734219
243,248,0.9208299816565608
244,317,0.75882707670619
244,353,0.797689326972725
244,297,0.8196552704818897
244,235,0.9821508484111854
244,162,0.8212610317715963
244,229,0.9713339356626279
244,55,0.6548476556270676
245,281,0.8977845411636981
245,259,0.9558012826194622
245,260,0.9680141029402175
245,250,0.9539728837131289
246,165,0.6427654493990507
246,237,0.700797340351768
246,309,0.8085250323527727
246,326,0.8603603834686566
246,125,0.7629316620821242
246,214,0.9380707758593515
247,296,0.9091856712558638
247,255,0.9276130660231213
247,281,0.8776525933389473
247,241,0.71607445737591
247,259,0.9369812483497675
247,260,0.9133010884855284
248,243,0.9208299816565608
248,240,0.9872954174986995
248,189,0.9004409047055612
248,275,0.9545253329684085
248,371,0.6427104302178253
248,362,0.5781434847366164
249,299,0.9055749385754124
249,280,0.9047796673845155
249,221,0.9471987816790822
250,260,0.9738083407717619
250,245,0.9539728837131289
251,112,0.7898519283786805
251,289,0.9326988262465732
252,287,0.9368838722090432
252,224,0.8644876699360091
252,227,0.9558012826194622
252,236,0.973241378938998
252,255,0.9318432884199691
252,241,0.9820803998915989
252,160,0.8557837777127009
252,203,0.9117908960763035
253,180,0.8794411724354775
253,197,0.8962286099732958
253,301,0.9137040921746717
253,105,0.7204461801729296
253,181,0.8810384896357233
253,142,0.7806114500464381
254,340,0.8292148357300142
254,262,0.7282229367268525
254,324,0.879360719485477
254,206,0.8913003794604645
254,342,0.8314233334892821
255,287,0.9433113231217994
255,296,0.8874240199274379
255,252,0.9318432884199691
255,247,0.9276130660231213
256,222,0.7772143311228523
256,257,0.8737978293116279
256,288,0.9463836498442388
256,262,0.890700797753449
256,242,0.973241378938998
256,230,0.9235808009025567
256,228,0.8009787043685758
256,114,0.6895854003505663
256,79,0.7139378132121826
257,292,0.9386737058518245
257,276,0.9522654392050312
257,222,0.9166560322614283
257,256,0.8737978293116279
257,242,0.8816634702981748
258,281,0.9703267583806774
258,210,0.9085443955422927
258,192,0.8790805794053945
259,281,0.9703267583806774
259,247,0.9369812483497675
259,260,0.9117908960763035
259,245,0.9558012826194622
260,281,0.9726999188860621
260,247,0.9133010884855284
260,241,0.7714511415516696
260,259,0.9117908960763035
260,160,0.8387487827035611
260,245,0.9680141029402175
260,250,0.9738083407717619
260,226,0.9355153839991557
260,225,0.9298804969197713
260,168,0.7374413683018286
261,119,0.7864206680773322
261,395,0.623943755130032
261,393,0.6672566440610929
261,113,0.5189840051951931
261,384,0.7354856884133855
261,302,0.4483878024038948
262,359,0.7642792227075851
262,288,0.9558491977655615
262,256,0.890700797753449
262,254,0.7282229367268525
263,206,0.8297885622927706
263,228,0.9352284274973984
263,216,0.8968487814380327
263,342,0.7724650825967881
263,284,0.9722730770907142
263,70,0.5248595537550457
264,412,0.5645597623992407
264,183,0.7192142864571928
264,265,0.8829652395315079
264,392,0.7132589665392796
264,313,0.8985296707828764
265,327,0.8913003794604645
265,264,0.8829652395315079
266,310,0.6628372784914081
266,341,0.8047904095911388
266,356,0.8138208998674296
266,372,0.7595867675717893
267,346,0.8405957963283339
267,314,0.884351494543376
267,299,0.903874518289376
268,49,0.303472092966814
268,387,0.6064280481993226
268,405,0.6908795291873538
268,464,0.4574379761884151
268,218,0.4270853256354755
269,66,0.6122977949203073
269,213,0.9021567821264802
269,302,0.9183469452717982
269,434,0.6383138149809022
269,154,0.8299795122322104
270,53,0.639908768850149
270,212,0.7487773476598828
270,217,0.9066741325234148
270,111,0.767130324029721
270,298,0.9463427450445413
270,243,0.9567357695710121
270,220,0.9108202141763784
271,154,0.7450662533301124
271,282,0.9474186414973211
271,301,0.9386737058518245
272,297,0.9509530557937554
272,162,0.8323156809191884
273,187,0.5919786080887085
273,8,0.4547809662127485
273,355,0.8256994332026625
274,315,0.9218530484106888
274,131,0.7364908416660945
275,189,0.8586888004177173
275,248,0.9545253329684085
275,355,0.827492606552381
276,359,0.7182652081399524
276,344,0.8303210220617824
276,292,0.9640719144033315
276,257,0.9522654392050312
277,289,0.973241378938998
278,232,0.9151474968755783
278,356,0.8287725463580643
278,279,0.6615295268086671
279,278,0.6615295268086671
279,356,0.8287900069201922
279,346,0.7325307038261554
280,299,0.9568060828351197
280,239,0.7834322499225513
280,249,0.9047796673845155
280,221,0.8824845487878011
280,176,0.8354130354361818
281,296,0.9644819118512427
281,335,0.800005546701329
281,326,0.8034063549453508
281,247,0.8776525933389473
281,259,0.9703267583806774
281,260,0.9726999188860621
281,245,0.8977845411636981
281,258,0.9703267583806774
281,168,0.7783484061136334
281,210,0.7566353446883427
282,271,0.9474186414973211
282,318,0.9296688376153102
282,301,0.8805701633829723
282,307,0.8421644681725391
283,291,0.9738083407717619
283,345,0.8066167467036268
283,101,0.7267989646739544
283,201,0.7814779262184396
284,342,0.8739718768451242
284,263,0.9722730770907142
285,303,0.9622684147519504
285,315,0.9381981204125796
286,181,0.6273289536416208
286,300,0.973241378938998
286,110,0.7345950631892196
287,313,0.9509530557937554
287,204,0.582315216142555
287,224,0.7816772547326211
287,296,0.9085381987743615
287,252,0.9368838722090432
287,255,0.9433113231217994
288,359,0.838637058962534
288,262,0.9558491977655615
288,256,0.9463836498442388
289,251,0.9326988262465732
289,303,0.973241378938998
289,277,0.973241378938998
290,305,0.9722730770907142
290,238,0.9061147731289463
291,381,0.7886049987503896
291,364,0.7234634693461107
291,394,0.7138816449172631
291,338,0.8251401022639973
291,283,0.9738083407717619
291,345,0.7604788663872142
292,379,0.6893465277849008
292,344,0.890700797753449
292,276,0.9640719144033315
292,211,0.8452658031014753
292,257,0.9386737058518245
293,303,0.9333829820808696
293,161,0.6164567249166159
293,320,0.9527396919219954
294,374,0.4297158596356624
294,169,0.4634587783480664
294,383,0.6719616182454718
294,424,0.6962845891939403
295,315,0.9662895600761255
295,361,0.6385766108519211
295,310,0.828431261969649
295,435,0.5832647953876494
296,313,0.8432989432779371
296,287,0.9085381987743615
296,321,0.9558012826194622
296,335,0.8115712690745273
296,255,0.8874240199274379
296,281,0.9644819118512427
296,247,0.9091856712558638
297,312,0.9703267583806774
297,272,0.9509530557937554
297,244,0.8196552704818897
298,270,0.9463427450445413
298,305,0.9821508484111854
298,243,0.8034669132021915
299,314,0.9738083407717619
299,267,0.903874518289376
299,239,0.8910653879558487
299,249,0.9055749385754124
299,280,0.9568060828351197
300,319,0.6934257628211751
300,181,0.5651873573495311
300,142,0.5560544926803421
300,308,0.9626202372877298
300,286,0.973241378938998
300,317,0.9722730770907142
301,154,0.740081865425846
301,271,0.9386737058518245
301,253,0.9137040921746717
301,282,0.8805701633829723
301,307,0.9872954174986995
301,319,0.9558491977655615
302,261,0.4483878024038948
302,413,0.7220909870583528
302,434,0.6673707786453442
302,269,0.9183469452717982
303,117,0.4393554506907811
303,191,0.5976992605548634
303,289,0.973241378938998
303,293,0.9333829820808696
303,285,0.9622684147519504
303,320,0.9703267583806774
303,315,0.8791467206676772
304,371,0.8416033052298046
304,169,0.7855153296319987
305,298,0.9821508484111854
305,290,0.9722730770907142
305,189,0.8022867751731872
305,355,0.8839564543228391
306,208,0.8323184737051161
306,234,0.6929068920540855
306,366,0.8555072436032191
306,325,0.8082424102557676
307,282,0.8421644681725391
307,318,0.9722730770907142
307,301,0.9872954174986995
307,319,0.9821508484111854
308,319,0.6998216596651775
308,370,0.8367171607131421
308,300,0.9626202372877298
308,317,0.9872954174986995
309,335,0.9380707758593515
309,165,0.7365190742201351
309,326,0.9703267583806774
309,246,0.8085250323527727
310,295,0.828431261969649
310,435,0.6961401895809834
310,232,0.6236567409136531
310,341,0.8182159037040304
310,266,0.6628372784914081
310,356,0.6016163255052819
311,363,0.7636139199046116
311,332,0.9558012826194622
311,369,0.7191956385323034
311,184,0.6777379853059604
311,165,0.7233313900701519
312,370,0.8575236525968979
312,349,0.8994855322196585
312,353,0.8866643834626358
312,297,0.9703267583806774
313,183,0.6435194743744302
313,264,0.8985296707828764
313,376,0.8296542552402214
313,171,0.6628467295173199
313,204,0.8135849783947506
313,369,0.7678605176973283
313,287,0.9509530557937554
313,321,0.836872501946672
313,296,0.8432989432779371
314,346,0.9213343061148949
314,267,0.884351494543376
314,299,0.9738083407717619
315,303,0.8791467206676772
315,285,0.9381981204125796
315,320,0.9899427146690853
315,331,0.8089944414962434
315,274,0.9218530484106888
315,329,0.6382957507670711
315,295,0.9662895600761255
315,361,0.6367681948860009
315,131,0.7289690472035839
315,232,0.6788391247146187
316,333,0.9575926614630027
316,323,0.8958948207707479
316,184,0.7357904914968378
316,237,0.8657861773565584
316,239,0.8683573021812527
317,308,0.9872954174986995
317,300,0.9722730770907142
317,353,0.9110087569730583
317,235,0.7054436289361716
317,244,0.75882707670619
318,434,0.7016172552705304
318,282,0.9296688376153102
318,307,0.9722730770907142
318,319,0.9625520007466786
319,434,0.6639019851738014
319,318,0.9625520007466786
319,301,0.9558491977655615
319,307,0.9821508484111854
319,330,0.9704542354364942
319,142,0.6532327543744176
319,370,0.8472567404213924
319,308,0.6998216596651775
319,300,0.6934257628211751
320,303,0.9703267583806774
320,293,0.9527396919219954
320,350,0.8489846465296593
320,331,0.9722730770907142
320,315,0.9899427146690853
321,313,0.836872501946672
321,369,0.873229376332696
321,296,0.9558012826194622
321,335,0.9644819118512427
322,325,0.8854786844658508
322,347,0.9338241719892809
322,328,0.9113150658887325
323,346,0.9364430231446151
323,333,0.9276130660231213
323,316,0.8958948207707479
323,239,0.836836737253805
324,370,0.8746829449141512
324,254,0.879360719485477
324,358,0.8331715135999864
324,342,0.9252426140965927
325,306,0.8082424102557676
325,366,0.7770938279241071
325,373,0.8188289533557981
325,322,0.8854786844658508
325,347,0.9390851178168478
326,335,0.9747522414139314
326,309,0.9703267583806774
326,281,0.8034063549453508
326,246,0.8603603834686566
327,360,0.8994855322196585
327,265,0.8913003794604645
328,170,0.7524587356065237
328,322,0.9113150658887325
328,347,0.8487236080441856
328,357,0.9113150658887325
328,454,0.5416309180163714
329,331,0.708365100997399
329,315,0.6382957507670711
329,388,0.8204451341541233
329,386,0.7008720417325343
329,361,0.709157720016694
330,434,0.7254308357500732
330,319,0.9704542354364942
330,406,0.7347707869221263
330,367,0.7780306109490887
330,370,0.8368845328055563
331,320,0.9722730770907142
331,350,0.8808402216487764
331,315,0.8089944414962434
331,388,0.8251401022639973
331,329,0.708365100997399
332,365,0.9083775496138666
332,363,0.7969568664349977
332,343,0.7443150590000824
332,311,0.9558012826194622
332,184,0.6065430726884912
333,346,0.8733195432352026
333,354,0.8099108555208211
333,343,0.973241378938998
333,323,0.9276130660231213
333,316,0.9575926614630027
334,371,0.8974596327809835
334,374,0.6917889418969099
334,169,0.5168917891978744
335,369,0.9047044656785513
335,321,0.9644819118512427
335,296,0.8115712690745273
335,165,0.6493487468418038
335,309,0.9380707758593515
335,326,0.9747522414139314
335,281,0.800005546701329
336,345,0.9703267583806774
336,360,0.7071704722787725
336,201,0.7689984777161142
336,183,0.7505529078161843
337,374,0.8910554767773868
337,348,0.4039505037451478
337,407,0.3468423652103069
338,381,0.7879688919066438
338,394,0.8155557379901359
338,291,0.8251401022639973
339,415,0.7367981587683995
339,440,0.7238677596025724
340,359,0.7159093023067057
340,370,0.9197180289558177
340,254,0.8292148357300142
341,310,0.8182159037040304
341,435,0.7057805334297244
341,421,0.7030961685638073
341,266,0.8047904095911388
341,372,0.9052388287105422
342,254,0.8314233334892821
342,324,0.9252426140965927
342,206,0.7613910155820991
342,358,0.9471987816790822
342,284,0.8739718768451242
342,263,0.7724650825967881
342,70,0.5781720955618039
342,75,0.5554744959106305
343,365,0.934941452791422
343,351,0.7589195571981172
343,332,0.7443150590000824
343,333,0.973241378938998
343,184,0.7058223646585062
344,443,0.6401680585827189
344,436,0.7528450683402022
344,410,0.7690972715084331
344,359,0.8128733457629274
344,292,0.890700797753449
344,276,0.8303210220617824
345,394,0.8340250132978896
345,291,0.7604788663872142
345,283,0.8066167467036268
345,336,0.9703267583806774
345,360,0.6868616663400534
345,201,0.7357401877168067
346,372,0.916845260592923
346,279,0.7325307038261554
346,354,0.8877843471958379
346,333,0.8733195432352026
346,323,0.9364430231446151
346,314,0.9213343061148949
346,267,0.8405957963283339
347,325,0.9390851178168478
347,391,0.8547733836298357
347,322,0.9338241719892809
347,328,0.8487236080441856
348,337,0.4039505037451478
348,407,0.6109054278862001
348,446,0.7361467819050675
349,370,0.9391156092995281
349,312,0.8994855322196585
350,320,0.8489846465296593
350,396,0.8439980742041584
350,331,0.8808402216487764
350,388,0.6782248105428577
351,372,0.929896539479191
351,365,0.9449487209151111
351,343,0.7589195571981172
352,358,0.973241378938998
352,182,0.6643451902688998
352,75,0.5691484289988535
353,370,0.9463427450445413
353,317,0.9110087569730583
353,312,0.8866643834626358
353,244,0.797689326972725
354,372,0.9374206207082761
354,346,0.8877843471958379
354,333,0.8099108555208211
355,305,0.8839564543228391
355,273,0.8256994332026625
355,275,0.827492606552381
355,371,0.9558012826194622
356,310,0.6016163255052819
356,232,0.7625981202285265
356,278,0.8287725463580643
356,266,0.8138208998674296
356,372,0.9468945298998206
356,279,0.8287900069201922
357,328,0.9113150658887325
357,387,0.7663939693780898
357,418,0.8236579812788786
358,370,0.9722730770907142
358,324,0.8331715135999864
358,342,0.9471987816790822
358,352,0.973241378938998
359,382,0.7031837733315011
359,410,0.84172563604536
359,377,0.7083701754069868
359,344,0.8128733457629274
359,276,0.7182652081399524
359,340,0.7159093023067057
359,288,0.838637058962534
359,262,0.7642792227075851
359,370,0.6568355824042854
360,345,0.6868616663400534
360,417,0.8332898709786215
360,336,0.7071704722787725
360,327,0.8994855322196585
361,315,0.6367681948860009
361,329,0.709157720016694
361,295,0.6385766108519211
361,386,0.8744521619855233
361,435,0.7957093679273358
362,178,0.5925302298575238
362,248,0.5781434847366164
362,389,0.6743154853103562
362,420,0.8338791734074243
363,365,0.685328129476121
363,376,0.9528713406293264
363,332,0.7969568664349977
363,369,0.8395036397404994
363,311,0.7636139199046116
364,432,0.8034669132021915
364,381,0.9281569717878362
364,291,0.7234634693461107
364,219,0.5470035208946438
364,144,0.6487656873980654
365,421,0.8258568935509762
365,390,0.7792874044402035
365,372,0.9703267583806774
365,376,0.6206522589880954
365,351,0.9449487209151111
365,363,0.685328129476121
365,332,0.9083775496138666
