1.200526638806247 2
	a 0 6 0.9615419685147637
	a 6 0 0.9615419685147637
1.516921824400098 2
	a 0 23 0.9519086134670345
	a 23 0 0.9519086134670345
4.421219357192802 2
	a 0 31 0.8723596324911815
	a 31 0 0.8723596324911815
1.277257733339577 2
	a 1 20 0.9591870222090993
	a 20 1 0.9591870222090993
0.3981115513613038 2
	a 2 9 0.986904170385881
	a 9 2 0.986904170385881
4.488112206945186 2
	a 3 4 0.8707027831528318
	a 4 3 0.8707027831528318
2.741943832514826 2
	a 3 13 0.9164689224769048
	a 13 3 0.9164689224769048
0.4518359985116184 2
	a 3 10 0.9851633791903387
	a 10 3 0.9851633791903387
3.655671624588996 2
	a 4 23 0.8918568743961552
	a 23 4 0.8918568743961552
4.69980533654289 2
	a 4 5 0.8655078449798552
	a 5 4 0.8655078449798552
3.67279638622984 2
	a 4 15 0.8914097659608062
	a 15 4 0.8914097659608062
0.6981164340668319 2
	a 4 13 0.9772626664842042
	a 13 4 0.9772626664842042
2.312028244412198 2
	a 5 7 0.9285780558511455
	a 7 5 0.9285780558511455
3.561354525678251 2
	a 5 23 0.8943285572232252
	a 23 5 0.8943285572232252
0.6034558520981271 2
	a 5 15 0.9802840541181279
	a 15 5 0.9802840541181279
2.405925508596202 2
	a 6 20 0.9259036148784782
	a 20 6 0.9259036148784782
1.563030194849834 2
	a 6 28 0.9505216282960721
	a 28 6 0.9505216282960721
6.329602136440902 2
	a 6 31 0.8278757162346794
	a 31 6 0.8278757162346794
0.937918387581039 2
	a 7 23 0.9696934302974852
	a 23 7 0.9696934302974852
1.975247637909123 2
	a 8 34 0.9383093425240365
	a 34 8 0.9383093425240365
3.621229585705272 2
	a 8 32 0.8927576648159994
	a 32 8 0.8927576648159994
0.4217785570495555 2
	a 9 12 0.9861365385453571
	a 12 9 0.9861365385453571
1.027006667447879 2
	a 10 21 0.9669120859946405
	a 21 10 0.9669120859946405
0.4007677214940443 2
	a 10 16 0.9868179579982728
	a 16 10 0.9868179579982728
1.68410134343058 2
	a 10 13 0.9468999193736225
	a 13 10 0.9468999193736225
6.96168091369199 2
	a 10 40 0.8143465492984991
	a 40 10 0.8143465492984991
9.542125660238368 2
	a 10 25 0.764665400282204
	a 25 10 0.764665400282204
1.756468616875567 2
	a 11 32 0.9447490500526149
	a 32 11 0.9447490500526149
0.5424630108730013 2
	a 11 19 0.9822409559256213
	a 19 11 0.9822409559256213
1.088420984350353 2
	a 12 28 0.9650043216734201
	a 28 12 0.9650043216734201
3.369927913618316 2
	a 12 44 0.8993931369820816
	a 44 12 0.8993931369820816
0.8249184195643712 2
	a 13 27 0.9732451478060973
	a 27 13 0.9732451478060973
1.228052871010652 2
	a 13 14 0.9606957777405248
	a 14 13 0.9606957777405248
0.7960384844779068 2
	a 13 16 0.9741571781134749
	a 16 13 0.9741571781134749
1.465260119971778 2
	a 14 23 0.9534677214128324
	a 23 14 0.9534677214128324
0.8136945163095008 2
	a 14 27 0.9735993908395411
	a 27 14 0.9735993908395411
2.37241948059669 2
	a 14 17 0.9268560341049876
	a 17 14 0.9268560341049876
0.4068472581547501 2
	a 15 23 0.986620689469499
	a 23 15 0.986620689469499
0.7671585448709205 2
	a 16 27 0.975070966213913
	a 27 16 0.975070966213913
1.756565993506545 2
	a 16 21 0.9447461628510447
	a 21 16 0.9447461628510447
1.199592341201047 2
	a 17 23 0.9615707172471424
	a 23 17 0.9615707172471424
0.7241308354215087 2
	a 17 27 0.9764356703146633
	a 27 17 0.9764356703146633
1.870644079634174 2
	a 18 31 0.9413766061068276
	a 31 18 0.9413766061068276
0.8266086393752234 2
	a 18 27 0.9731918249221194
	a 27 18 0.9731918249221194
2.129759777694904 2
	a 18 30 0.9338175756978608
	a 30 18 0.9338175756978608
1.248857222541599 2
	a 18 33 0.9600572555169801
	a 33 18 0.9600572555169801
2.27252501659598 2
	a 19 32 0.9297082244800632
	a 32 19 0.9297082244800632
2.142852660404808 2
	a 19 29 0.933439079399739
	a 29 19 0.933439079399739
0.4068472581547501 2
	a 19 24 0.986620689469499
	a 24 19 0.986620689469499
1.927602008656024 2
	a 20 22 0.9397037909595226
	a 22 20 0.9397037909595226
0.7960384844779068 2
	a 20 28 0.9741571781134749
	a 28 20 0.9741571781134749
0.7960384844779068 2
	a 21 27 0.9741571781134749
	a 27 21 0.9741571781134749
1.363828107854099 2
	a 21 35 0.9565445221190134
	a 35 21 0.9565445221190134
0.6780787635912512 2
	a 22 28 0.9779006413097311
	a 28 22 0.9779006413097311
0.3911042311720507 2
	a 23 27 0.9871316830851129
	a 27 23 0.9871316830851129
0.5424630108730013 2
	a 24 29 0.9822409559256213
	a 29 24 0.9822409559256213
4.541334491565813 2
	a 25 29 0.8693898039198049
	a 29 25 0.8693898039198049
5.850992469180388 2
	a 25 40 0.8385060393873531
	a 40 25 0.8385060393873531
0.99986533083179 2
	a 25 36 0.9677576919995778
	a 36 25 0.9677576919995778
4.94657604112628 2
	a 25 26 0.8595439282580053
	a 26 25 0.8595439282580053
0.4068472581547501 2
	a 26 29 0.986620689469499
	a 29 26 0.986620689469499
0.590484815621513 2
	a 27 33 0.980699552539416
	a 33 27 0.980699552539416
2.069519386912158 2
	a 27 35 0.9355633014775413
	a 35 27 0.9355633014775413
1.64751219978562 2
	a 28 43 0.9479913623542346
	a 43 28 0.9479913623542346
0.5424630108730013 2
	a 29 32 0.9822409559256213
	a 32 29 0.9822409559256213
3.752723537207481 2
	a 29 47 0.8893296948570675
	a 47 29 0.8893296948570675
1.220770282487056 2
	a 29 41 0.9609195025649143
	a 41 29 0.9609195025649143
0.6981164340668319 2
	a 29 37 0.9772626664842042
	a 37 29 0.9772626664842042
2.634213757033034 2
	a 29 39 0.9194707711166392
	a 39 29 0.9194707711166392
4.257084122497241 2
	a 29 36 0.8764564953091178
	a 36 29 0.8764564953091178
2.619022261234539 2
	a 30 44 0.9198958122111096
	a 44 30 0.9198958122111096
2.632634077622221 2
	a 30 33 0.9195149487321854
	a 33 30 0.9195149487321854
2.184866642102651 2
	a 30 46 0.9322267445894741
	a 46 30 0.9322267445894741
1.632813622043007 2
	a 31 44 0.9484305665661712
	a 44 31 0.9484305665661712
2.33892697800825 2
	a 32 34 0.9278101974076085
	a 34 32 0.9278101974076085
1.255322192733106 2
	a 32 38 0.9598590144779089
	a 38 32 0.9598590144779089
2.186738306749592 2
	a 32 47 0.9321728157196153
	a 47 32 0.9321728157196153
1.936327367967538 2
	a 33 46 0.9394480937639456
	a 46 33 0.9394480937639456
1.207341673940248 2
	a 33 35 0.9613323211614231
	a 35 33 0.9613323211614231
2.604665358339847 2
	a 34 42 0.920297898164167
	a 42 34 0.920297898164167
0.3002129760370238 2
	a 34 38 0.9900923780751469
	a 38 34 0.9900923780751469
1.69290710932188 2
	a 35 46 0.9466376432947569
	a 46 35 0.9466376432947569
1.944064083921212 2
	a 35 40 0.9392214932019196
	a 40 35 0.9392214932019196
1.77060656361697 2
	a 36 40 0.9443300583142001
	a 40 36 0.9443300583142001
0.4518359985116184 2
	a 36 39 0.9851633791903387
	a 39 36 0.9851633791903387
0.4217785570495555 2
	a 37 39 0.9861365385453571
	a 39 37 0.9861365385453571
2.765771239994866 2
	a 38 42 0.9158078893248713
	a 42 38 0.9158078893248713
5.169165882893317 2
	a 38 49 0.8542479315374009
	a 49 38 0.8542479315374009
1.856596163670476 2
	a 38 47 0.9417901611608843
	a 47 38 0.9417901611608843
3.579538568402 2
	a 38 48 0.8938508143694988
	a 48 38 0.8938508143694988
0.2591518306177774 2
	a 39 41 0.9914357996108145
	a 41 39 0.9914357996108145
3.052367295971379 2
	a 40 48 0.9079387111527326
	a 48 40 0.9079387111527326
2.576699301646753 2
	a 40 45 0.9210822340862695
	a 45 40 0.9210822340862695
2.475863967197359 2
	a 41 47 0.9239224343355954
	a 47 41 0.9239224343355954
0.5488408072586609 2
	a 41 45 0.9820359572016657
	a 45 41 0.9820359572016657
4.97160234610665 2
	a 42 44 0.8589445579976434
	a 44 42 0.8589445579976434
4.000822222885161 2
	a 42 49 0.8829431776307142
	a 49 42 0.8829431776307142
0.1917896373478611 2
	a 43 44 0.9936477087493498
	a 44 43 0.9936477087493498
3.562346930112967 2
	a 44 49 0.8943024691923025
	a 49 44 0.8943024691923025
1.919992373703698 2
	a 45 47 0.9399269132397978
	a 47 45 0.9399269132397978
2.471011450223571 2
	a 45 48 0.9240595959075733
	a 48 45 0.9240595959075733
3.100692418912422 2
	a 46 49 0.9066265800263127
	a 49 46 0.9066265800263127
3.619173917605042 2
	a 46 48 0.8928114937979112
	a 48 46 0.8928114937979112
1.884715995065577 2
	a 47 48 0.9409627326519541
	a 48 47 0.9409627326519541
1.057281840000934 2
	a 48 49 0.9659706467906755
	a 49 48 0.9659706467906755
