from,to,probability
0,20,0.9738083407717619
1,45,0.9528713406293264
2,4,0.9464902956121946
2,49,0.9483143562269498
2,61,0.8937998387472451
2,71,0.8329378449538096
3,56,0.9319412935813508
4,39,0.9613991050788319
4,75,0.8711266029550827
4,30,0.9483143562269498
4,49,0.9501419324278259
4,2,0.9464902956121946
5,136,0.700797340351768
5,161,0.5966243633692134
5,43,0.9059340820418489
6,48,0.9550161751648277
7,67,0.9117908960763035
7,15,0.8082570616457427
8,66,0.8349207204504582
8,31,0.9222614480785846
8,38,0.9644819118512427
9,19,0.7986263602889536
9,14,0.9909996972207402
9,48,0.7058809647088833
10,48,0.9558012826194622
11,36,0.9722730770907142
12,50,0.8132531600526253
12,39,0.8788961875278912
12,76,0.7856229875958226
12,75,0.8932752865895137
13,19,0.8562124954018679
13,48,0.9623684211445606
14,9,0.9909996972207402
14,48,0.9644819118512427
15,67,0.9218390051298286
15,65,0.913556091857009
15,7,0.8082570616457427
16,67,0.9218530484106888
17,67,0.9223900739679414
17,57,0.9451909613112631
18,45,0.7357510837723804
18,70,0.913556091857009
19,9,0.7986263602889536
19,58,0.9282688659415461
19,13,0.8562124954018679
19,48,0.9680141029402175
20,48,0.9703267583806774
20,23,0.9801847561502938
20,22,0.9197180289558177
20,0,0.9738083407717619
21,24,0.912479095619786
21,72,0.9113150658887325
21,79,0.7967701713829776
21,98,0.6958132932714585
22,48,0.973241378938998
22,23,0.9369359881636277
22,20,0.9197180289558177
23,48,0.973241378938998
23,20,0.9801847561502938
23,27,0.9801847561502938
23,22,0.9369359881636277
24,34,0.8291622556281094
24,59,0.7621740466493258
24,72,0.9126058530536908
24,21,0.912479095619786
24,98,0.6821449010860762
25,55,0.9575926614630027
26,41,0.9821508484111854
27,48,0.9775635533426917
27,23,0.9801847561502938
28,82,0.8786626167531131
28,51,0.9004070260427778
28,36,0.9414093153986384
28,112,0.6776117555949227
29,58,0.9554437554669021
29,122,0.5217114610379577
29,88,0.4977975347845062
29,91,0.5594955928236195
30,4,0.9483143562269498
30,75,0.9130890442380269
30,49,0.8894923257020896
30,61,0.9338241719892809
31,48,0.9813602292765327
31,63,0.9417246184471164
31,8,0.9222614480785846
31,38,0.9471987816790822
32,48,0.9821508484111854
33,66,0.9381981204125796
33,42,0.9623684211445606
34,78,0.8937998387472451
34,24,0.8291622556281094
34,59,0.8440751229094912
35,47,0.9571641197707226
35,51,0.9738083407717619
36,51,0.9738083407717619
36,11,0.9722730770907142
36,28,0.9414093153986384
37,48,0.9872954174986995
37,91,0.8144959309729514
37,86,0.8146462253163324
37,63,0.9014965856039029
38,48,0.9909996972207402
38,31,0.9471987816790822
38,8,0.9644819118512427
39,4,0.9613991050788319
39,12,0.8788961875278912
39,75,0.9226646423228461
40,55,0.9747522414139314
40,97,0.7997962212163633
40,89,0.8082368123500906
41,67,0.9468945298998206
41,26,0.9821508484111854
42,160,0.5644106587622554
42,66,0.9398663543806614
42,151,0.6851119040819981
42,33,0.9623684211445606
43,136,0.7295473314485578
43,5,0.9059340820418489
44,89,0.7964293515262266
44,72,0.8148932060802663
44,64,0.9105430772406294
44,83,0.8879253736161481
44,99,0.6927460348114555
45,98,0.8284159739997435
45,130,0.7424766449351407
45,1,0.9528713406293264
45,18,0.7357510837723804
45,110,0.6405132050614489
45,70,0.7490968041442542
46,94,0.8062727012325599
46,73,0.9338241719892809
47,35,0.9571641197707226
47,53,0.9625520007466786
47,82,0.8952195093644754
48,19,0.9680141029402175
48,14,0.9644819118512427
48,9,0.7058809647088833
48,58,0.6268584202117942
48,13,0.9623684211445606
48,86,0.7581900819654539
48,32,0.9821508484111854
48,23,0.973241378938998
48,37,0.9872954174986995
48,20,0.9703267583806774
48,27,0.9775635533426917
48,54,0.9828715992216289
48,22,0.973241378938998
48,31,0.9813602292765327
48,38,0.9909996972207402
48,10,0.9558012826194622
48,6,0.9550161751648277
49,4,0.9501419324278259
49,30,0.8894923257020896
49,2,0.9483143562269498
49,61,0.9736359159965456
50,69,0.7658863552614283
50,115,0.7084958630748017
50,12,0.8132531600526253
50,76,0.9319412935813508
51,35,0.9738083407717619
51,82,0.9059512961069284
51,36,0.9738083407717619
51,28,0.9004070260427778
52,70,0.9583247203620042
52,56,0.9738083407717619
53,47,0.9625520007466786
53,82,0.9117908960763035
54,48,0.9828715992216289
54,63,0.9821508484111854
55,25,0.9575926614630027
55,97,0.869080674762441
55,40,0.9747522414139314
56,70,0.9623684211445606
56,52,0.9738083407717619
56,3,0.9319412935813508
57,67,0.9738083407717619
57,17,0.9451909613112631
58,19,0.9282688659415461
58,29,0.9554437554669021
58,48,0.6268584202117942
58,91,0.8891105905770373
59,89,0.8120961644760827
59,34,0.8440751229094912
59,78,0.8491267097606369
59,24,0.7621740466493258
59,72,0.9623684211445606
60,67,0.9801847561502938
61,30,0.9338241719892809
61,49,0.9736359159965456
61,2,0.8937998387472451
61,108,0.6286930985969982
61,71,0.9703267583806774
61,157,0.5293308005644078
61,123,0.5970239038443468
62,67,0.906935442825665
62,93,0.8841284630228493
62,154,0.4334652124656248
63,91,0.8972305087020932
63,37,0.9014965856039029
63,54,0.9821508484111854
63,31,0.9417246184471164
64,89,0.8196293082976698
64,72,0.9722730770907142
64,44,0.9105430772406294
65,67,0.9909996972207402
65,15,0.913556091857009
66,101,0.8797456091065275
66,81,0.847435813197033
66,160,0.6846709805338818
66,42,0.9398663543806614
66,8,0.8349207204504582
66,33,0.9381981204125796
67,16,0.9218530484106888
67,41,0.9468945298998206
67,17,0.9223900739679414
67,57,0.9738083407717619
67,15,0.9218390051298286
67,65,0.9909996972207402
67,60,0.9801847561502938
67,7,0.9117908960763035
67,62,0.906935442825665
67,93,0.8985296707828764
67,100,0.6900357801922778
68,82,0.900067761584749
68,97,0.8958948207707479
69,112,0.8405957963283339
69,50,0.7658863552614283
69,115,0.8316157786497426
70,45,0.7490968041442542
70,18,0.913556091857009
70,156,0.7205461748445061
70,56,0.9623684211445606
70,52,0.9583247203620042
70,136,0.5907434460205238
71,2,0.8329378449538096
71,61,0.9703267583806774
71,74,0.9300086433468401
71,105,0.8684039299638656
71,123,0.6096118887592809
72,89,0.9300086433468401
72,24,0.9126058530536908
72,59,0.9623684211445606
72,64,0.9722730770907142
72,21,0.9113150658887325
72,44,0.8148932060802663
73,94,0.9131628725751649
73,46,0.9338241719892809
74,71,0.9300086433468401
74,105,0.8811524967810943
74,154,0.43621719086025
75,4,0.8711266029550827
75,39,0.9226646423228461
75,12,0.8932752865895137
75,30,0.9130890442380269
75,108,0.8784429864038392
76,50,0.9319412935813508
76,115,0.7877016287389974
76,12,0.7856229875958226
76,102,0.881925465303908
76,116,0.8481191918151464
76,108,0.8158774223054651
77,82,0.7706775566082174
77,112,0.8766186850480729
77,142,0.7855153296319987
78,89,0.9583247203620042
78,34,0.8937998387472451
78,59,0.8491267097606369
79,21,0.7967701713829776
79,83,0.9223900739679414
79,98,0.9300086433468401
79,90,0.8717177368842495
80,99,0.8285774273060031
80,138,0.8097104818418861
81,91,0.9623684211445606
81,101,0.9338241719892809
81,66,0.847435813197033
82,53,0.9117908960763035
82,68,0.900067761584749
82,47,0.8952195093644754
82,51,0.9059512961069284
82,97,0.9526037180904261
82,92,0.9625520007466786
82,28,0.8786626167531131
82,77,0.7706775566082174
82,142,0.7530375765152064
83,44,0.8879253736161481
83,79,0.9223900739679414
83,90,0.9722730770907142
83,84,0.9381981204125796
84,83,0.9381981204125796
84,99,0.9380543624431085
84,90,0.9738083407717619
84,96,0.9386737058518245
85,93,0.8805701633829723
85,127,0.7286252905581959
85,145,0.8046389685865369
85,154,0.5769821643982475
86,48,0.7581900819654539
86,91,0.9821508484111854
86,37,0.8146462253163324
87,89,0.9703267583806774
87,142,0.8232239345117138
88,133,0.8122523963562355
88,29,0.4977975347845062
88,122,0.8657128398730303
88,91,0.7034066541248469
88,95,0.9801847561502938
89,97,0.8760910752026436
89,40,0.8082368123500906
89,78,0.9583247203620042
89,59,0.8120961644760827
89,87,0.9703267583806774
89,72,0.9300086433468401
89,142,0.7970765664729975
89,64,0.8196293082976698
89,120,0.8871311698008033
89,44,0.7964293515262266
89,99,0.798873293050796
90,79,0.8717177368842495
90,83,0.9722730770907142
90,98,0.973241378938998
90,84,0.9738083407717619
91,133,0.7768206087050091
91,58,0.8891105905770373
91,29,0.5594955928236195
91,88,0.7034066541248469
91,95,0.9872954174986995
91,86,0.9821508484111854
91,37,0.8144959309729514
91,101,0.8895895385572373
91,63,0.8972305087020932
91,81,0.9623684211445606
92,82,0.9625520007466786
92,97,0.9872954174986995
92,142,0.7003935702793387
93,67,0.8985296707828764
93,62,0.8841284630228493
93,100,0.7832739769738057
93,106,0.9550161751648277
93,127,0.775322738517044
93,85,0.8805701633829723
93,154,0.474904575131969
94,118,0.6292679544362881
94,134,0.8594968681014021
94,109,0.7958554703985748
94,46,0.8062727012325599
94,73,0.9131628725751649
95,133,0.8615850875285532
95,88,0.9801847561502938
95,91,0.9872954174986995
96,99,0.9384095649053928
96,84,0.9386737058518245
96,113,0.9392715785638494
96,103,0.51743018572875
97,68,0.8958948207707479
97,55,0.869080674762441
97,82,0.9526037180904261
97,40,0.7997962212163633
97,92,0.9872954174986995
97,89,0.8760910752026436
97,142,0.8498130428640799
98,24,0.6821449010860762
98,21,0.6958132932714585
98,79,0.9300086433468401
98,90,0.973241378938998
98,130,0.8835803223217685
98,45,0.8284159739997435
98,113,0.6314640898932472
99,89,0.798873293050796
99,120,0.8296415794888238
99,149,0.8279117604747706
99,44,0.6927460348114555
99,131,0.868085311112483
99,84,0.9380543624431085
99,96,0.9384095649053928
99,80,0.8285774273060031
99,138,0.6755086227043691
99,103,0.621449820365821
100,67,0.6900357801922778
100,93,0.7832739769738057
100,106,0.973241378938998
100,127,0.851197759339207
101,133,0.8732853485689233
101,91,0.8895895385572373
101,153,0.815346176689049
101,81,0.9338241719892809
101,66,0.8797456091065275
102,115,0.8835803223217685
102,142,0.8643456314392306
102,76,0.881925465303908
102,149,0.778659389714135
102,116,0.8798538264795956
102,124,0.8478448686711907
103,99,0.621449820365821
103,96,0.51743018572875
103,113,0.5235039637017691
103,138,0.8854786844658508
103,121,0.7597316539344737
104,105,0.9558012826194622
104,111,0.9738083407717619
104,170,0.7492958890111747
105,74,0.8811524967810943
105,71,0.8684039299638656
105,104,0.9558012826194622
105,111,0.9820803998915989
105,123,0.6307637477906777
105,144,0.6892885656317232
106,93,0.9550161751648277
106,100,0.973241378938998
106,127,0.9218530484106888
107,150,0.8020783761177636
107,183,0.6772192584613399
107,212,0.6376160704474502
107,117,0.9558012826194622
107,119,0.8057549332231082
108,76,0.8158774223054651
108,75,0.8784429864038392
108,116,0.8421644681725391
108,61,0.6286930985969982
108,140,0.8886601166284003
108,157,0.6770120787747063
109,134,0.9047796673845155
109,126,0.9373283612333432
109,94,0.7958554703985748
110,130,0.8447426884288686
110,45,0.6405132050614489
110,158,0.7834027441434154
110,162,0.8137344699798496
110,156,0.8316157786497426
111,105,0.9820803998915989
111,104,0.9738083407717619
111,170,0.7343403757443604
111,144,0.768428717833342
111,159,0.8329151210771079
112,28,0.6776117555949227
112,77,0.8766186850480729
112,69,0.8405957963283339
112,115,0.9801847561502938
112,142,0.855620394815217
113,98,0.6314640898932472
113,96,0.9392715785638494
113,130,0.7800376037060716
113,103,0.5235039637017691
113,162,0.8170988248023133
113,121,0.6004628975345173
114,135,0.6846771438823549
114,125,0.9117908960763035
114,133,0.9218992617024054
115,69,0.8316157786497426
115,112,0.9801847561502938
115,50,0.7084958630748017
115,142,0.9197180289558177
115,102,0.8835803223217685
115,76,0.7877016287389974
116,102,0.8798538264795956
116,76,0.8481191918151464
116,124,0.9640719144033315
116,108,0.8421644681725391
117,143,0.8241239744691455
117,107,0.9558012826194622
117,139,0.9200400887774002
117,126,0.9680141029402175
117,119,0.8731780843417525
118,173,0.5563735043822406
118,148,0.5333270285680712
118,146,0.9117908960763035
118,143,0.9302253582882283
118,134,0.8971855320143377
118,94,0.6292679544362881
119,212,0.6735160727314173
119,107,0.8057549332231082
119,117,0.8731780843417525
120,89,0.8871311698008033
120,142,0.8894981001052298
120,131,0.9644819118512427
120,99,0.8296415794888238
121,113,0.6004628975345173
121,103,0.7597316539344737
121,167,0.7220010013147904
121,162,0.7420381248166928
121,175,0.7979220328153631
121,180,0.757099245536724
121,165,0.8491267097606369
121,186,0.7461537359543483
122,125,0.7848326172793865
122,133,0.9623684211445606
122,29,0.5217114610379577
122,88,0.8657128398730303
123,61,0.5970239038443468
123,71,0.6096118887592809
123,105,0.6307637477906777
123,157,0.5723091363871935
123,132,0.8611481432892399
123,144,0.815346176689049
123,209,0.6896163220479905
124,102,0.8478448686711907
124,149,0.9218390051298286
124,116,0.9640719144033315
124,129,0.9828715992216289
125,114,0.9117908960763035
125,133,0.9704542354364942
125,122,0.7848326172793865
126,143,0.9528713406293264
126,134,0.9355153839991557
126,117,0.9680141029402175
126,139,0.9183469452717982
126,109,0.9373283612333432
127,93,0.775322738517044
127,100,0.851197759339207
127,106,0.9218530484106888
127,85,0.7286252905581959
127,135,0.9738083407717619
128,145,0.5170902979793688
128,133,0.6315538257896239
128,178,0.4216242393652183
128,168,0.4712739758243773
128,163,0.8721632060948366
128,153,0.7316922294187772
129,149,0.8389415422332784
129,124,0.9828715992216289
129,137,0.9722730770907142
129,140,0.9703267583806774
130,98,0.8835803223217685
130,45,0.7424766449351407
130,113,0.7800376037060716
130,110,0.8447426884288686
130,158,0.9024314935795051
131,142,0.8594164489601263
131,120,0.9644819118512427
131,149,0.866878158799478
131,141,0.973241378938998
131,99,0.868085311112483
132,123,0.8611481432892399
132,209,0.7088857828620945
133,135,0.5281713943246434
133,114,0.9218992617024054
133,145,0.5066554385234926
133,125,0.9704542354364942
133,122,0.9623684211445606
133,88,0.8122523963562355
133,91,0.7768206087050091
133,95,0.8615850875285532
133,128,0.6315538257896239
133,153,0.9300086433468401
133,101,0.8732853485689233
134,118,0.8971855320143377
134,143,0.9817941142516216
134,126,0.9355153839991557
134,94,0.8594968681014021
134,109,0.9047796673845155
135,127,0.9738083407717619
135,114,0.6846771438823549
135,145,0.9747522414139314
135,133,0.5281713943246434
136,70,0.5907434460205238
136,156,0.8891105905770373
136,152,0.9338241719892809
136,161,0.7935838882910949
136,43,0.7295473314485578
136,5,0.700797340351768
137,149,0.9545253329684085
137,129,0.9722730770907142
138,149,0.817652834234018
138,99,0.6755086227043691
138,80,0.8097104818418861
138,103,0.8854786844658508
138,167,0.8872204716166371
139,143,0.9872954174986995
139,117,0.9200400887774002
139,126,0.9183469452717982
140,149,0.7529129906182356
140,108,0.8886601166284003
140,129,0.9703267583806774
140,157,0.9355153839991557
141,149,0.9644819118512427
141,131,0.973241378938998
142,82,0.7530375765152064
142,97,0.8498130428640799
142,92,0.7003935702793387
142,89,0.7970765664729975
142,77,0.7855153296319987
142,112,0.855620394815217
142,87,0.8232239345117138
142,115,0.9197180289558177
142,102,0.8643456314392306
142,120,0.8894981001052298
142,149,0.9644819118512427
142,131,0.8594164489601263
143,150,0.9044711526968143
143,118,0.9302253582882283
143,147,0.9821508484111854
143,134,0.9817941142516216
143,117,0.8241239744691455
143,139,0.9872954174986995
143,126,0.9528713406293264
144,105,0.6892885656317232
144,111,0.768428717833342
144,123,0.815346176689049
144,159,0.7993312834574418
144,172,0.7908794152376614
144,209,0.7260289052273523
145,85,0.8046389685865369
145,135,0.9747522414139314
145,133,0.5066554385234926
145,154,0.9225797361323311
145,178,0.8645248909828307
145,128,0.5170902979793688
146,164,0.913556091857009
146,150,0.973241378938998
146,118,0.9117908960763035
146,147,0.9384095649053928
147,150,0.9738083407717619
147,146,0.9384095649053928
147,143,0.9821508484111854
148,173,0.9066741325234148
148,161,0.8910653879558487
148,118,0.5333270285680712
149,142,0.9644819118512427
149,102,0.778659389714135
149,124,0.9218390051298286
149,131,0.866878158799478
149,141,0.9644819118512427
149,137,0.9545253329684085
149,129,0.8389415422332784
149,99,0.8279117604747706
149,140,0.7529129906182356
149,157,0.7387796078396099
149,155,0.973241378938998
149,138,0.817652834234018
150,206,0.7752539111465508
150,164,0.906935442825665
150,171,0.8588400234542769
150,182,0.857156111702291
150,146,0.973241378938998
150,147,0.9738083407717619
150,143,0.9044711526968143
150,107,0.8020783761177636
151,160,0.5547885890458131
151,218,0.7316922294187772
151,42,0.6851119040819981
152,156,0.8731780843417525
152,173,0.9270200912468285
152,136,0.9338241719892809
152,161,0.929937759415283
153,133,0.9300086433468401
153,128,0.7316922294187772
153,163,0.7832977864480255
153,177,0.8696423710275877
153,101,0.815346176689049
153,160,0.9635139401772062
154,62,0.4334652124656248
154,93,0.474904575131969
154,85,0.5769821643982475
154,74,0.43621719086025
154,145,0.9225797361323311
154,178,0.9066741325234148
155,149,0.973241378938998
155,157,0.7190878565160107
155,192,0.8486737452493667
156,110,0.8316157786497426
156,70,0.7205461748445061
156,162,0.9640719144033315
156,173,0.8038468830738279
156,136,0.8891105905770373
156,152,0.8731780843417525
157,149,0.7387796078396099
157,108,0.6770120787747063
157,61,0.5293308005644078
157,140,0.9355153839991557
157,123,0.5723091363871935
157,155,0.7190878565160107
157,194,0.8437810908292679
158,130,0.9024314935795051
158,110,0.7834027441434154
158,162,0.973241378938998
159,111,0.8329151210771079
159,178,0.7358709355106509
159,170,0.7297081022634394
159,144,0.7993312834574418
159,172,0.9487936471897895
160,153,0.9635139401772062
160,184,0.9179975025927845
160,188,0.8650188134587647
160,66,0.6846709805338818
160,218,0.6850407665279796
160,42,0.5644106587622554
160,151,0.5547885890458131
161,173,0.9680141029402175
161,136,0.7935838882910949
161,152,0.929937759415283
161,148,0.8910653879558487
161,5,0.5966243633692134
162,113,0.8170988248023133
162,110,0.8137344699798496
162,158,0.973241378938998
162,121,0.7420381248166928
162,180,0.9381981204125796
162,156,0.9640719144033315
162,173,0.7763617667518676
163,168,0.5055949867106562
163,128,0.8721632060948366
163,153,0.7832977864480255
163,177,0.9487936471897895
164,173,0.8667035294451287
164,179,0.9432706301424608
164,171,0.9302253582882283
164,150,0.906935442825665
164,146,0.913556091857009
165,121,0.8491267097606369
165,175,0.9049780072443506
165,190,0.8965121575282293
166,168,0.4959619682231751
166,169,0.8864639042455559
166,200,0.6028657412375691
166,211,0.8041143556304131
166,185,0.9230839370295274
167,138,0.8872204716166371
167,121,0.7220010013147904
167,175,0.9747522414139314
168,178,0.9623684211445606
168,128,0.4712739758243773
168,163,0.5055949867106562
168,169,0.5077448548649459
168,200,0.520545761252097
168,166,0.4959619682231751
169,168,0.5077448548649459
169,177,0.9386737058518245
169,166,0.8864639042455559
169,185,0.9465403344083455
170,104,0.7492958890111747
170,111,0.7343403757443604
170,178,0.9722730770907142
170,159,0.7297081022634394
171,179,0.9680141029402175
171,206,0.8353189639505656
171,164,0.9302253582882283
171,150,0.8588400234542769
172,178,0.973241378938998
172,144,0.7908794152376614
172,159,0.9487936471897895
172,209,0.6728593539716233
172,176,0.8106312945009045
172,207,0.7609470117711171
173,162,0.7763617667518676
173,180,0.7746630077852659
173,156,0.8038468830738279
173,186,0.9463836498442388
173,152,0.9270200912468285
173,161,0.9680141029402175
173,148,0.9066741325234148
173,179,0.8888129200748273
173,164,0.8667035294451287
173,118,0.5563735043822406
174,175,0.9314733060428629
174,187,0.8463120980238722
174,199,0.8595712591974698
174,202,0.7839282926620899
175,167,0.9747522414139314
175,192,0.8368166082121535
175,121,0.7979220328153631
175,165,0.9049780072443506
175,174,0.9314733060428629
175,187,0.9318432884199691
175,190,0.8860330970781489
176,172,0.8106312945009045
176,209,0.670588030277363
176,223,0.6162514619409221
176,207,0.7205461748445061
176,210,0.8432989432779371
176,204,0.8255163256790522
177,163,0.9487936471897895
177,153,0.8696423710275877
177,169,0.9386737058518245
177,185,0.9750654443044591
177,184,0.9150619573547046
178,145,0.8645248909828307
178,154,0.9066741325234148
178,170,0.9722730770907142
178,159,0.7358709355106509
178,172,0.973241378938998
178,168,0.9623684211445606
178,128,0.4216242393652183
178,207,0.8604167026150135
178,219,0.7363519863783612
178,200,0.5275932691229297
179,173,0.8888129200748273
179,190,0.8855444368360365
179,181,0.9828715992216289
179,206,0.8683040406886617
179,164,0.9432706301424608
179,171,0.9680141029402175
180,162,0.9381981204125796
180,121,0.757099245536724
180,186,0.9775635533426917
180,173,0.7746630077852659
181,186,0.9000856288552439
181,190,0.9558012826194622
181,179,0.9828715992216289
182,206,0.8732781937716566
182,150,0.857156111702291
182,183,0.9390851178168478
183,206,0.8804715257414827
183,182,0.9390851178168478
183,212,0.759714200585284
183,107,0.6772192584613399
184,177,0.9150619573547046
184,185,0.884351494543376
184,160,0.9179975025927845
184,188,0.973241378938998
185,169,0.9465403344083455
185,177,0.9750654443044591
185,166,0.9230839370295274
185,211,0.8645156191802411
185,184,0.884351494543376
185,189,0.7798358500536573
186,121,0.7461537359543483
186,180,0.9775635533426917
186,173,0.9463836498442388
186,190,0.973241378938998
186,181,0.9000856288552439
187,192,0.8248380050311721
187,175,0.9318432884199691
187,195,0.8328226382555459
187,174,0.8463120980238722
187,231,0.7593371280551582
187,202,0.800842342186223
188,160,0.8650188134587647
188,184,0.973241378938998
188,189,0.9371623956883558
188,218,0.8560147310618537
189,211,0.7843680538707227
189,185,0.7798358500536573
189,188,0.9371623956883558
189,208,0.903919435030894
190,175,0.8860330970781489
190,165,0.8965121575282293
190,186,0.973241378938998
190,199,0.9302253582882283
190,181,0.9558012826194622
190,179,0.8855444368360365
190,206,0.8923387335546354
191,194,0.9201145110339601
191,213,0.8879253736161481
191,209,0.7764510874564435
191,217,0.8526504719938727
192,155,0.8486737452493667
192,197,0.9487936471897895
192,175,0.8368166082121535
192,195,0.9872954174986995
192,187,0.8248380050311721
193,199,0.9369812483497675
193,202,0.9381981204125796
194,157,0.8437810908292679
194,191,0.9201145110339601
194,197,0.7902820417122149
194,213,0.9021836302794737
195,192,0.9872954174986995
195,197,0.9722730770907142
195,187,0.8328226382555459
196,201,0.9680141029402175
196,198,0.973241378938998
197,194,0.7902820417122149
197,192,0.9487936471897895
197,195,0.9722730770907142
197,231,0.8076863590277523
198,224,0.8432989432779371
198,201,0.9653197742132931
198,196,0.973241378938998
198,203,0.8889241318200837
199,174,0.8595712591974698
199,190,0.9302253582882283
199,202,0.8643724851396429
199,193,0.9369812483497675
199,206,0.9821508484111854
200,178,0.5275932691229297
200,168,0.520545761252097
200,219,0.7880943657268585
200,166,0.6028657412375691
200,211,0.7539521931428093
200,216,0.9300086433468401
201,235,0.7848326172793865
201,212,0.8664119698036599
201,224,0.8151847151447701
201,196,0.9680141029402175
201,198,0.9653197742132931
202,174,0.7839282926620899
202,187,0.800842342186223
202,199,0.8643724851396429
202,193,0.9381981204125796
202,206,0.8900355924815211
202,229,0.8387446139926907
203,224,0.8429623764181786
203,240,0.7555777764209513
203,198,0.8889241318200837
204,176,0.8255163256790522
204,207,0.631885964337364
204,210,0.9680141029402175
204,241,0.7545938662310289
204,226,0.5621813874323778
204,244,0.6929156195404621
205,211,0.8187948426770481
205,208,0.8730929737215269
205,220,0.9148743380689991
206,190,0.8923387335546354
206,199,0.9821508484111854
206,202,0.8900355924815211
206,179,0.8683040406886617
206,229,0.8500698942479261
206,171,0.8353189639505656
206,150,0.7752539111465508
206,182,0.8732781937716566
206,183,0.8804715257414827
207,178,0.8604167026150135
207,172,0.7609470117711171
207,176,0.7205461748445061
207,204,0.631885964337364
207,219,0.9252426140965927
207,226,0.6778934493164414
208,205,0.8730929737215269
208,189,0.903919435030894
208,220,0.9014965856039029
208,218,0.9487936471897895
209,132,0.7088857828620945
209,123,0.6896163220479905
209,144,0.7260289052273523
209,191,0.7764510874564435
209,172,0.6728593539716233
209,217,0.9640719144033315
209,176,0.670588030277363
210,223,0.6718585619518287
210,176,0.8432989432779371
210,233,0.7816772547326211
210,204,0.9680141029402175
210,241,0.7785114110283501
211,200,0.7539521931428093
211,166,0.8041143556304131
211,185,0.8645156191802411
211,216,0.9680141029402175
211,205,0.8187948426770481
211,189,0.7843680538707227
212,183,0.759714200585284
212,235,0.8186616170670366
212,107,0.6376160704474502
212,201,0.8664119698036599
212,119,0.6735160727314173
213,194,0.9021836302794737
213,191,0.8879253736161481
213,217,0.7843141238386152
213,231,0.8667035294451287
214,222,0.9437830818422798
214,216,0.9386737058518245
215,220,0.9623684211445606
215,218,0.8745595107716905
216,200,0.9300086433468401
216,222,0.9179975025927845
216,214,0.9386737058518245
216,211,0.9680141029402175
216,221,0.9653197742132931
216,227,0.855020089792744
217,191,0.8526504719938727
217,213,0.7843141238386152
217,209,0.9640719144033315
217,231,0.8572516335801534
217,223,0.9558012826194622
218,160,0.6850407665279796
218,188,0.8560147310618537
218,208,0.9487936471897895
218,220,0.9722730770907142
218,215,0.8745595107716905
218,151,0.7316922294187772
219,178,0.7363519863783612
219,207,0.9252426140965927
219,200,0.7880943657268585
219,222,0.9821508484111854
219,226,0.7150439477083169
220,205,0.9148743380689991
220,227,0.9309041576090206
220,208,0.9014965856039029
220,215,0.9623684211445606
220,218,0.9722730770907142
221,222,0.9909996972207402
221,216,0.9653197742132931
221,227,0.8871392358849483
222,219,0.9821508484111854
222,214,0.9437830818422798
222,226,0.9218390051298286
222,216,0.9179975025927845
222,221,0.9909996972207402
222,238,0.8491149955114233
223,217,0.9558012826194622
223,231,0.9288856069087523
223,176,0.6162514619409221
223,233,0.8595712591974698
223,210,0.6718585619518287
224,228,0.9722730770907142
224,230,0.8752523430789345
224,201,0.8151847151447701
224,240,0.7495273604554707
224,198,0.8432989432779371
224,203,0.8429623764181786
225,232,0.9680141029402175
225,243,0.8172133897330325
226,207,0.6778934493164414
226,204,0.5621813874323778
226,219,0.7150439477083169
226,222,0.9218390051298286
226,244,0.5865942289091804
226,238,0.897573921915672
226,247,0.5634564419580861
227,216,0.855020089792744
227,221,0.8871392358849483
227,232,0.973241378938998
227,220,0.9309041576090206
228,237,0.9045398032251166
228,235,0.9113150658887325
228,230,0.8368845328055563
228,224,0.9722730770907142
229,202,0.8387446139926907
229,206,0.8500698942479261
229,234,0.9235117528329919
229,237,0.9047796673845155
230,237,0.9117908960763035
230,228,0.8368845328055563
230,224,0.8752523430789345
230,240,0.8604167026150135
231,197,0.8076863590277523
231,213,0.8667035294451287
231,217,0.8572516335801534
231,187,0.7593371280551582
231,223,0.9288856069087523
231,233,0.9471987816790822
231,234,0.9653197742132931
231,237,0.8890784712129699
232,238,0.8860183386102447
232,227,0.973241378938998
232,243,0.8530120646833418
232,225,0.9680141029402175
233,231,0.9471987816790822
233,223,0.8595712591974698
233,210,0.7816772547326211
233,237,0.9118984515838298
233,241,0.9276360025292943
234,231,0.9653197742132931
234,237,0.9510887940112148
234,229,0.9235117528329919
235,237,0.9644819118512427
235,212,0.8186616170670366
235,228,0.9113150658887325
235,201,0.7848326172793865
236,237,0.9471987816790822
236,239,0.9300086433468401
236,244,0.8224470091292366
236,242,0.9558491977655615
237,231,0.8890784712129699
237,233,0.9118984515838298
237,234,0.9510887940112148
237,229,0.9047796673845155
237,241,0.8959827247084693
237,239,0.8495462545592452
237,236,0.9471987816790822
237,242,0.9635139401772062
237,235,0.9644819118512427
237,228,0.9045398032251166
237,230,0.9117908960763035
237,240,0.6560817354867509
238,222,0.8491149955114233
238,226,0.897573921915672
238,247,0.580282704363805
238,232,0.8860183386102447
238,243,0.9225797361323311
239,237,0.8495462545592452
239,241,0.9909996972207402
239,244,0.8344947074176731
239,236,0.9300086433468401
240,237,0.6560817354867509
240,242,0.6951844645548141
240,230,0.8604167026150135
240,245,0.8319914543753202
240,224,0.7495273604554707
240,246,0.869988180542376
240,203,0.7555777764209513
241,233,0.9276360025292943
241,210,0.7785114110283501
241,204,0.7545938662310289
241,237,0.8959827247084693
241,239,0.9909996972207402
241,244,0.9151474968755783
242,237,0.9635139401772062
242,244,0.8137298632758454
242,236,0.9558491977655615
242,247,0.8794411724354775
242,245,0.8270635222644824
242,240,0.6951844645548141
243,238,0.9225797361323311
243,247,0.7208418604175695
243,232,0.8530120646833418
243,225,0.8172133897330325
243,249,0.7741176854979724
244,204,0.6929156195404621
244,241,0.9151474968755783
244,239,0.8344947074176731
244,226,0.5865942289091804
244,236,0.8224470091292366
244,242,0.8137298632758454
244,247,0.9355153839991557
245,242,0.8270635222644824
245,247,0.9738083407717619
245,240,0.8319914543753202
245,246,0.8904787484706886
246,245,0.8904787484706886
246,248,0.8631998847942346
246,240,0.869988180542376
247,226,0.5634564419580861
247,244,0.9355153839991557
247,242,0.8794411724354775
247,238,0.580282704363805
247,243,0.7208418604175695
247,245,0.9738083407717619
247,248,0.8810088321396153
247,249,0.8239699000771177
248,247,0.8810088321396153
248,249,0.9558012826194622
248,246,0.8631998847942346
249,247,0.8239699000771177
249,243,0.7741176854979724
249,248,0.9558012826194622
