0.4068472581547501 2
	a 0 3 0.986620689469499
	a 3 0 0.986620689469499
7.351087511392042 2
	a 1 22 0.8062909899578101
	a 22 1 0.8062909899578101
0.4068472581547501 2
	a 1 5 0.986620689469499
	a 5 1 0.986620689469499
2.631686494193778 2
	a 2 6 0.9195414512635154
	a 6 2 0.9195414512635154
0.2701555345749592 2
	a 2 7 0.9910754242055927
	a 7 2 0.9910754242055927
2.828391266828983 2
	a 2 9 0.9140756475290761
	a 9 2 0.9140756475290761
2.33752626166525 2
	a 3 10 0.9278501486552724
	a 10 3 0.9278501486552724
0.7241308354215087 2
	a 4 8 0.9764356703146633
	a 8 4 0.9764356703146633
7.292174672253705 2
	a 5 22 0.8074963201773202
	a 22 5 0.8074963201773202
3.120801265055553 2
	a 5 12 0.906081825831477
	a 12 5 0.906081825831477
4.715025623565688 2
	a 6 20 0.8651371574566979
	a 20 6 0.8651371574566979
5.314876894846539 2
	a 7 20 0.8508234032102764
	a 20 7 0.8508234032102764
1.858778044831234 2
	a 7 9 0.9417259035924338
	a 9 7 0.9417259035924338
6.470787614561716 2
	a 8 29 0.8248041084744151
	a 29 8 0.8248041084744151
6.955824306726127 2
	a 8 23 0.8144693068743898
	a 23 8 0.8144693068743898
7.796664996613564 2
	a 8 24 0.797326372267451
	a 24 8 0.797326372267451
5.364733160320496 2
	a 9 16 0.8496592892461372
	a 16 9 0.8496592892461372
4.497567979139268 2
	a 9 24 0.8704691713886084
	a 24 9 0.8704691713886084
2.703030515140831 2
	a 10 15 0.917550737594472
	a 15 10 0.917550737594472
3.574109779410189 2
	a 10 21 0.8939933823646923
	a 21 10 0.8939933823646923
4.352901592726607 2
	a 10 13 0.8740594189177787
	a 13 10 0.8740594189177787
4.133278277742407 2
	a 11 23 0.8795765211388957
	a 23 11 0.8795765211388957
3.423052912018465 2
	a 12 25 0.897981121584349
	a 25 12 0.897981121584349
3.850283959172885 2
	a 12 14 0.8868057005320937
	a 14 12 0.8868057005320937
0.4498654971040983 2
	a 13 17 0.9852271177182471
	a 17 13 0.9852271177182471
3.869866539346542 2
	a 14 29 0.8863010531042389
	a 29 14 0.8863010531042389
2.907941740532925 2
	a 14 25 0.9118854660675141
	a 25 14 0.9118854660675141
7.305984790515535 2
	a 15 40 0.8072133464242266
	a 40 15 0.8072133464242266
2.704806086985921 2
	a 15 21 0.9175013144307711
	a 21 15 0.9175013144307711
2.845914354538187 2
	a 16 20 0.9135922043719575
	a 20 16 0.9135922043719575
2.970562897498311 2
	a 16 27 0.9101695340531302
	a 27 16 0.9101695340531302
4.180963737342076 2
	a 16 24 0.8783717517620007
	a 24 16 0.8783717517620007
13.62634522874855 2
	a 17 46 0.7015797496872946
	a 46 17 0.7015797496872946
11.96481592941877 2
	a 17 37 0.7251920746447984
	a 37 17 0.7251920746447984
13.11567322646356 2
	a 17 32 0.7085606493941525
	a 32 17 0.7085606493941525
4.567863396483678 2
	a 18 35 0.8687370808251866
	a 35 18 0.8687370808251866
16.3828450209599 2
	a 18 19 0.6677405483097324
	a 19 18 0.6677405483097324
17.00142150962574 2
	a 19 35 0.6609638809322768
	a 35 19 0.6609638809322768
13.46363483191787 2
	a 19 47 0.7037782602183271
	a 47 19 0.7037782602183271
14.83716144608132 2
	a 19 41 0.6859474304947696
	a 41 19 0.6859474304947696
14.10539642925624 2
	a 20 41 0.6952436638013867
	a 41 20 0.6952436638013867
1.942054995311517 2
	a 20 26 0.9392803261351259
	a 26 20 0.9392803261351259
7.355022479306086 2
	a 21 40 0.8062106508148128
	a 40 21 0.8062106508148128
7.189793024389191 2
	a 21 43 0.8096022977815034
	a 43 21 0.8096022977815034
15.2465548809523 2
	a 21 46 0.6809410172043144
	a 46 21 0.6809410172043144
3.674961853363993 2
	a 22 32 0.8913532643737037
	a 32 22 0.8913532643737037
4.09793383807852 2
	a 22 34 0.8804719703261987
	a 34 22 0.8804719703261987
0.5753689120435835 2
	a 22 25 0.9811842105722803
	a 25 22 0.9811842105722803
0.7241308354215087 2
	a 23 29 0.9764356703146633
	a 29 23 0.9764356703146633
0.6623180749170225 2
	a 24 29 0.9784030414175598
	a 29 24 0.9784030414175598
2.71393317180066 2
	a 25 28 0.9172473537088366
	a 28 25 0.9172473537088366
0.5424630108730013 2
	a 25 29 0.9822409559256213
	a 29 25 0.9822409559256213
4.081031486272133 2
	a 26 38 0.8809009367051592
	a 38 26 0.8809009367051592
0.4151947874586657 2
	a 26 30 0.9863499594430311
	a 30 26 0.9863499594430311
3.275604983230204 2
	a 27 38 0.901912511911793
	a 38 27 0.901912511911793
1.907785025694843 2
	a 27 29 0.9402850816914862
	a 29 27 0.9402850816914862
3.980962606851849 2
	a 28 39 0.8834505203756957
	a 39 28 0.8834505203756957
1.315638270667442 2
	a 28 34 0.9580136010906377
	a 34 28 0.9580136010906377
1.648983906454645 2
	a 28 29 0.947947410385374
	a 29 28 0.947947410385374
5.13232993666051 2
	a 28 31 0.8551189377615704
	a 31 28 0.8551189377615704
4.880648784574297 2
	a 29 38 0.8611276557221144
	a 38 29 0.8611276557221144
4.906745165651493 2
	a 29 36 0.8604999269340194
	a 36 29 0.8604999269340194
0.4068472581547501 2
	a 29 31 0.986620689469499
	a 31 29 0.986620689469499
0.9822161701983351 2
	a 29 33 0.9683083846210392
	a 33 29 0.9683083846210392
3.090224428822154 2
	a 30 38 0.9069104499337148
	a 38 30 0.9069104499337148
2.206634977527071 2
	a 31 36 0.9315999423971173
	a 36 31 0.9315999423971173
1.250070526955394 2
	a 31 33 0.9600200443887001
	a 33 31 0.9600200443887001
3.551164620209456 2
	a 32 37 0.8945965262803487
	a 37 32 0.8945965262803487
0.5575248444503217 2
	a 32 34 0.9817569700886031
	a 34 32 0.9817569700886031
1.736200693454497 2
	a 33 36 0.9453503988767245
	a 36 33 0.9453503988767245
1.627389032619001 2
	a 34 37 0.9485927660071689
	a 37 34 0.9485927660071689
4.014789280216564 2
	a 34 39 0.8825867709670994
	a 39 34 0.8825867709670994
6.290720752056147 2
	a 35 45 0.828726702792941
	a 45 35 0.828726702792941
0.487629339878578 2
	a 36 38 0.9840070514701087
	a 38 36 0.9840070514701087
10.85855726045659 2
	a 37 46 0.7424278841153347
	a 46 37 0.7424278841153347
11.76138174039479 2
	a 37 49 0.728266996794479
	a 49 37 0.728266996794479
3.918579469094057 2
	a 37 39 0.8850485642143734
	a 39 37 0.8850485642143734
4.746551345138756 2
	a 38 44 0.864370549177395
	a 44 38 0.864370549177395
5.336463853242748 2
	a 38 39 0.8503188856500368
	a 39 38 0.8503188856500368
11.01611367553624 2
	a 39 49 0.7398948062709916
	a 49 39 0.7398948062709916
9.868562667940095 2
	a 39 44 0.75896784944038
	a 44 39 0.75896784944038
1.763004785337253 2
	a 40 43 0.9445552952885187
	a 43 40 0.9445552952885187
7.697943066410857 2
	a 40 48 0.7992896680837835
	a 48 40 0.7992896680837835
0.8295171768621959 2
	a 41 42 0.973100080739699
	a 42 41 0.973100080739699
8.196361195442757 2
	a 42 47 0.7895083150553122
	a 47 42 0.7895083150553122
2.353517664378528 2
	a 42 44 0.9273942634380484
	a 44 42 0.9273942634380484
5.484045571491592 2
	a 43 48 0.8468890750238256
	a 48 43 0.8468890750238256
7.833753174584851 2
	a 43 46 0.7965921274742215
	a 46 43 0.7965921274742215
8.889869971297855 2
	a 44 47 0.7764279201434725
	a 47 44 0.7764279201434725
6.778156550173499 2
	a 44 49 0.8182161901649088
	a 49 44 0.8182161901649088
4.349082969566818 2
	a 45 48 0.8741546571705787
	a 48 45 0.8741546571705787
2.973229121278854 2
	a 45 47 0.9100966336145685
	a 47 45 0.9100966336145685
2.574558290553338 2
	a 46 48 0.9211423411581257
	a 48 46 0.9211423411581257
4.018567507964144 2
	a 46 49 0.8824904164389922
	a 49 46 0.8824904164389922
3.513988463778855 2
	a 47 49 0.8955757113362186
	a 49 47 0.8955757113362186
3.266659677770406 2
	a 48 49 0.9021522654061067
	a 49 48 0.9021522654061067
