from,to,probability
0,6,0.7620668658068188
0,22,0.890669425932625
0,13,0.8329177529656445
0,24,0.9302253582882283
1,12,0.9545253329684085
1,5,0.973241378938998
2,19,0.9437830818422798
3,17,0.9513485652273294
4,20,0.9463836498442388
4,9,0.9738083407717619
5,25,0.9218530484106888
5,12,0.9623684211445606
5,1,0.973241378938998
6,22,0.9463836498442388
6,0,0.7620668658068188
7,20,0.9545253329684085
7,21,0.7572668442929218
7,19,0.9640719144033315
8,27,0.8248380050311721
8,39,0.7839487974053503
8,40,0.8511796022471902
8,45,0.8002833726369838
9,4,0.9738083407717619
9,27,0.9501419324278259
10,46,0.7349393766829722
10,23,0.9703267583806774
10,22,0.9205396406312979
10,32,0.9139564950051602
11,34,0.9244204137251427
11,31,0.902732007022098
11,25,0.8332142185817009
12,31,0.884351494543376
12,44,0.836148925715985
12,14,0.7173930178150792
12,25,0.9680141029402175
12,5,0.9623684211445606
12,1,0.9545253329684085
13,22,0.9463427450445413
13,32,0.9386737058518245
13,0,0.8329177529656445
13,24,0.9640719144033315
14,44,0.8212452979680089
14,36,0.8888019274332389
14,28,0.8943066002331957
14,12,0.7173930178150792
15,49,0.6915317665793949
15,43,0.783172346514672
15,33,0.9298804969197713
16,21,0.9510887940112148
16,19,0.9625520007466786
16,29,0.9653197742132931
17,24,0.9742633661702257
17,26,0.973241378938998
17,3,0.9513485652273294
18,19,0.8089944414962434
18,39,0.8805701633829723
19,7,0.9640719144033315
19,21,0.8998101462900223
19,16,0.9625520007466786
19,39,0.8866643834626358
19,2,0.9437830818422798
19,18,0.8089944414962434
20,7,0.9545253329684085
20,4,0.9463836498442388
20,21,0.9044616776288923
20,29,0.973241378938998
20,39,0.848587828954415
21,7,0.7572668442929218
21,20,0.9044616776288923
21,19,0.8998101462900223
21,29,0.973241378938998
21,16,0.9510887940112148
22,6,0.9463836498442388
22,10,0.9205396406312979
22,32,0.9558012826194622
22,0,0.890669425932625
22,13,0.9463427450445413
23,46,0.8373721253087295
23,10,0.9703267583806774
24,32,0.9623684211445606
24,0,0.9302253582882283
24,13,0.9640719144033315
24,26,0.9558012826194622
24,17,0.9742633661702257
25,11,0.8332142185817009
25,31,0.9722730770907142
25,12,0.9680141029402175
25,5,0.9218530484106888
26,32,0.9722730770907142
26,24,0.9558012826194622
26,17,0.973241378938998
27,9,0.9501419324278259
27,37,0.9218530484106888
27,8,0.8248380050311721
27,40,0.8958948207707479
28,32,0.7972936975275895
28,41,0.7898451591295682
28,47,0.8430260628775251
28,14,0.8943066002331957
29,20,0.973241378938998
29,21,0.973241378938998
29,16,0.9653197742132931
29,39,0.9115925663617311
30,37,0.9362995338225456
31,47,0.8595344796342276
31,34,0.8848621732428472
31,11,0.902732007022098
31,44,0.7349164883038372
31,25,0.9722730770907142
31,12,0.884351494543376
32,46,0.8717177368842495
32,22,0.9558012826194622
32,10,0.9139564950051602
32,13,0.9386737058518245
32,24,0.9623684211445606
32,41,0.8185468915393743
32,26,0.9722730770907142
32,28,0.7972936975275895
33,15,0.9298804969197713
33,43,0.8613101420074077
33,35,0.9644819118512427
34,43,0.8725585043968773
34,35,0.9644819118512427
34,11,0.9244204137251427
34,31,0.8848621732428472
35,43,0.9386737058518245
35,33,0.9644819118512427
35,34,0.9644819118512427
36,47,0.9119948158727124
36,44,0.8835803223217685
36,14,0.8888019274332389
37,27,0.9218530484106888
37,30,0.9362995338225456
37,40,0.9738083407717619
38,43,0.9545253329684085
38,48,0.8694163142678701
38,47,0.8463082564443137
39,20,0.848587828954415
39,19,0.8866643834626358
39,29,0.9115925663617311
39,8,0.7839487974053503
39,45,0.9558491977655615
39,46,0.8268993381442635
39,18,0.8805701633829723
40,27,0.8958948207707479
40,37,0.9738083407717619
40,8,0.8511796022471902
40,46,0.9471987816790822
41,46,0.9471987816790822
41,32,0.8185468915393743
41,47,0.8789228713511733
41,28,0.7898451591295682
42,46,0.9605681082362557
43,15,0.783172346514672
43,49,0.913556091857009
43,33,0.8613101420074077
43,35,0.9386737058518245
43,34,0.8725585043968773
43,38,0.9545253329684085
44,47,0.9652146743072774
44,31,0.7349164883038372
44,36,0.8835803223217685
44,14,0.8212452979680089
44,12,0.836148925715985
45,39,0.9558491977655615
45,8,0.8002833726369838
45,46,0.9801847561502938
46,39,0.8268993381442635
46,40,0.9471987816790822
46,45,0.9801847561502938
46,23,0.8373721253087295
46,42,0.9605681082362557
46,10,0.7349393766829722
46,32,0.8717177368842495
46,49,0.9368838722090432
46,41,0.9471987816790822
47,49,0.9218530484106888
47,41,0.8789228713511733
47,48,0.973241378938998
47,38,0.8463082564443137
47,31,0.8595344796342276
47,44,0.9652146743072774
47,36,0.9119948158727124
47,28,0.8430260628775251
48,49,0.973241378938998
48,47,0.973241378938998
48,38,0.8694163142678701
49,46,0.9368838722090432
49,15,0.6915317665793949
49,43,0.913556091857009
49,48,0.973241378938998
49,47,0.9218530484106888
