from,to,probability
0,26,0.9653197742132931
0,6,0.9899427146690853
1,215,0.6348912176147128
1,262,0.639908768850149
2,26,0.9680141029402175
2,3,0.9558491977655615
3,26,0.9703267583806774
3,2,0.9558491977655615
3,7,0.7704273491917619
4,63,0.9136075472781886
4,43,0.8448846547135488
5,44,0.8658929575842843
5,28,0.8707834149907014
5,11,0.973241378938998
5,46,0.9380707758593515
5,81,0.8879253736161481
6,26,0.973241378938998
6,0,0.9899427146690853
7,25,0.9775635533426917
7,3,0.7704273491917619
8,39,0.9558012826194622
9,108,0.7699776618872116
9,28,0.9722730770907142
10,182,0.706139762657145
10,95,0.8721632060948366
10,88,0.7959658830830523
10,51,0.6657344333060965
11,5,0.973241378938998
11,31,0.9703267583806774
12,206,0.7267989646739544
12,70,0.8030726935354587
12,56,0.8239699000771177
13,25,0.9820803998915989
14,129,0.834584732969052
14,69,0.8257360107066222
15,47,0.9528713406293264
16,112,0.8557837777127009
16,97,0.8725401872164539
16,53,0.7834027441434154
16,122,0.8387487827035611
16,38,0.7156457240639326
17,57,0.7204737203752265
17,161,0.7879710989454721
17,47,0.8089580295048331
18,26,0.9872954174986995
19,26,0.9872954174986995
20,258,0.5736273414707903
20,174,0.7233313900701519
20,34,0.9680141029402175
20,207,0.6493487468418038
20,92,0.8859713415064452
20,170,0.7365190742201351
20,101,0.6427654493990507
21,42,0.9635139401772062
21,26,0.9509530557937554
22,140,0.7783484061136334
22,122,0.7374413683018286
22,77,0.7726975958695331
22,30,0.9821508484111854
22,59,0.7483093143411574
23,248,0.6790313687207385
23,37,0.9125817092696491
23,36,0.9680141029402175
23,29,0.9872954174986995
24,176,0.6628467295173199
24,44,0.9680141029402175
25,40,0.9738083407717619
25,7,0.9775635533426917
25,13,0.9820803998915989
26,27,0.9821508484111854
26,52,0.9653197742132931
26,42,0.8742268920617612
26,21,0.9509530557937554
26,6,0.973241378938998
26,19,0.9872954174986995
26,0,0.9653197742132931
26,2,0.9680141029402175
26,3,0.9703267583806774
26,18,0.9872954174986995
27,139,0.8354130354361818
27,72,0.8586888004177173
27,52,0.9020909832238383
27,26,0.9821508484111854
28,78,0.924074310214428
28,108,0.7476509049625721
28,9,0.9722730770907142
28,5,0.8707834149907014
29,36,0.9117908960763035
29,23,0.9872954174986995
29,95,0.8959827247084693
29,88,0.903874518289376
30,79,0.9217493922613557
30,77,0.8659642233130055
30,22,0.9821508484111854
30,39,0.9463427450445413
31,44,0.9821508484111854
31,11,0.9703267583806774
32,61,0.9197180289558177
32,82,0.9218530484106888
32,35,0.8722445795824325
33,208,0.7505529078161843
33,56,0.5652483876872798
33,125,0.7192142864571928
33,176,0.6435194743744302
34,203,0.6065430726884912
34,219,0.7058223646585062
34,174,0.6777379853059604
34,179,0.7357904914968378
34,20,0.9680141029402175
34,92,0.909610259038669
35,32,0.8722445795824325
35,82,0.9290041049585714
36,37,0.8871622627262947
36,48,0.973241378938998
36,23,0.9680141029402175
36,29,0.9117908960763035
36,88,0.9197180289558177
36,61,0.8432989432779371
37,248,0.7009959733051261
37,99,0.8851391159892805
37,36,0.8871622627262947
37,23,0.9125817092696491
38,16,0.7156457240639326
38,53,0.6777379853059604
38,79,0.9338241719892809
39,79,0.9344469060777219
39,30,0.9463427450445413
39,8,0.9558012826194622
40,120,0.8790805794053945
40,59,0.9276360025292943
40,25,0.9738083407717619
41,196,0.7783097966860292
41,57,0.8544457212682095
41,161,0.7854833336944008
41,224,0.7383791147906026
42,72,0.9545253329684085
42,52,0.9465403344083455
42,21,0.9635139401772062
42,26,0.8742268920617612
43,63,0.9653197742132931
43,4,0.8448846547135488
44,24,0.9680141029402175
44,54,0.9821508484111854
44,5,0.8658929575842843
44,31,0.9821508484111854
45,103,0.8984018290332583
45,71,0.9568060828351197
46,5,0.9380707758593515
46,81,0.9386737058518245
46,65,0.8731868830102759
47,161,0.7458043729272625
47,224,0.7426465779776735
47,17,0.8089580295048331
47,48,0.6652002713170546
47,15,0.9528713406293264
48,47,0.6652002713170546
48,99,0.9117908960763035
48,36,0.973241378938998
49,117,0.5854359996449406
49,172,0.8018579097096254
49,197,0.7813713755240965
50,188,0.7927241145233797
50,212,0.4455837427897081
50,55,0.5685447692755906
51,182,0.7972183618225142
51,98,0.7582435291664443
51,10,0.6657344333060965
52,72,0.9640719144033315
52,27,0.9020909832238383
52,42,0.9465403344083455
52,26,0.9653197742132931
53,112,0.9117908960763035
53,81,0.9119948158727124
53,16,0.7834027441434154
53,38,0.6777379853059604
54,176,0.8135849783947506
54,44,0.9821508484111854
54,150,0.582315216142555
55,50,0.5685447692755906
55,212,0.6497984817003916
55,181,0.6673214860764233
55,196,0.7956900991420076
55,200,0.7840633012749046
56,206,0.7814779262184396
56,225,0.7357401877168067
56,12,0.8239699000771177
56,208,0.7689984777161142
56,33,0.5652483876872798
57,41,0.8544457212682095
57,161,0.841295574551026
57,17,0.7204737203752265
58,152,0.8426164168423107
58,108,0.799733955831181
58,87,0.9568060828351197
58,74,0.9820803998915989
59,140,0.7566353446883427
59,120,0.9085443955422927
59,22,0.7483093143411574
59,40,0.9276360025292943
60,230,0.4303045366528039
60,87,0.8632036349967067
60,80,0.9680141029402175
60,115,0.4940853968362552
61,36,0.8432989432779371
61,88,0.9558012826194622
61,32,0.9197180289558177
61,82,0.8745595107716905
62,101,0.9380707758593515
63,131,0.8966541985524791
63,96,0.8100532302707908
63,4,0.9136075472781886
63,43,0.9653197742132931
64,171,0.4808446083549442
64,154,0.5496052539863785
64,388,0.4852081070414841
64,133,0.7078962095693072
64,163,0.4393554506907811
65,46,0.8731868830102759
65,81,0.9719866270833376
66,83,0.8201330217196902
66,238,0.7451416466901299
67,85,0.9680141029402175
68,111,0.9355153839991557
68,89,0.8921277978201086
69,286,0.5211670113188734
69,129,0.9119948158727124
69,14,0.8257360107066222
70,294,0.6487656873980654
70,222,0.7415369369579087
70,12,0.8030726935354587
71,45,0.9568060828351197
71,103,0.9483143562269498
71,73,0.9509530557937554
72,104,0.9471987816790822
72,139,0.8824845487878011
72,27,0.8586888004177173
72,52,0.9640719144033315
72,42,0.9545253329684085
73,103,0.9135174329536959
73,71,0.9509530557937554
73,160,0.8604167026150135
74,58,0.9820803998915989
74,87,0.9738083407717619
75,81,0.9872954174986995
76,150,0.7816772547326211
76,112,0.8644876699360091
76,81,0.9909996972207402
76,91,0.8622286422130082
77,122,0.9298804969197713
77,79,0.8971855320143377
77,30,0.8659642233130055
77,22,0.7726975958695331
78,107,0.9527396919219954
78,108,0.7508623665898849
78,28,0.924074310214428
79,122,0.9355153839991557
79,38,0.9338241719892809
79,77,0.8971855320143377
79,30,0.9217493922613557
79,39,0.9344469060777219
80,113,0.9545253329684085
80,87,0.9113150658887325
80,60,0.9680141029402175
81,5,0.8879253736161481
81,76,0.9909996972207402
81,46,0.9386737058518245
81,112,0.9558012826194622
81,65,0.9719866270833376
81,91,0.9539728837131289
81,75,0.9872954174986995
81,53,0.9119948158727124
82,88,0.9899427146690853
82,61,0.8745595107716905
82,32,0.9218530484106888
82,35,0.9290041049585714
83,66,0.8201330217196902
83,159,0.7986547887958011
83,238,0.7688979825683688
83,303,0.5016255942541644
84,178,0.6788391247146187
84,173,0.6236567409136531
84,137,0.9151474968755783
84,242,0.7625981202285265
85,67,0.9680141029402175
85,271,0.7052395886712765
86,168,0.4526502343774534
86,171,0.6541236702256866
86,347,0.5588641824404786
87,152,0.8767996737047881
87,113,0.9652302536595252
87,58,0.9568060828351197
87,80,0.9113150658887325
87,74,0.9738083407717619
87,60,0.8632036349967067
88,36,0.9197180289558177
88,29,0.903874518289376
88,95,0.9872954174986995
88,61,0.9558012826194622
88,10,0.7959658830830523
88,82,0.9899427146690853
89,124,0.9468945298998206
89,111,0.8962677980928349
89,68,0.8921277978201086
90,114,0.9652302536595252
91,76,0.8622286422130082
91,112,0.973241378938998
91,81,0.9539728837131289
92,179,0.8657861773565584
92,34,0.909610259038669
92,20,0.8859713415064452
92,94,0.8741349565474499
92,101,0.700797340351768
93,209,0.8255010962285488
94,190,0.836836737253805
94,179,0.8683573021812527
94,92,0.8741349565474499
94,162,0.8910653879558487
94,139,0.7834322499225513
95,248,0.7711439594265072
95,182,0.7429389353901936
95,29,0.8959827247084693
95,88,0.9872954174986995
95,10,0.8721632060948366
96,182,0.851400302505
96,141,0.8567049991255056
96,131,0.9483143562269498
96,98,0.9625520007466786
96,63,0.8100532302707908
97,112,0.9820803998915989
97,102,0.71607445737591
97,16,0.8725401872164539
97,122,0.7714511415516696
98,182,0.8666796947627151
98,96,0.9625520007466786
98,51,0.7582435291664443
99,224,0.8151391913938317
99,248,0.6275012616196739
99,37,0.8851391159892805
99,48,0.9117908960763035
100,140,0.8977845411636981
100,121,0.9558012826194622
100,122,0.9680141029402175
100,105,0.9539728837131289
101,20,0.6427654493990507
101,92,0.700797340351768
101,170,0.8085250323527727
101,194,0.8603603834686566
101,62,0.9380707758593515
102,158,0.9091856712558638
102,116,0.9276130660231213
102,140,0.8776525933389473
102,97,0.71607445737591
102,121,0.9369812483497675
102,122,0.9133010884855284
103,209,0.4781268773818232
103,45,0.8984018290332583
103,71,0.9483143562269498
103,73,0.9135174329536959
103,130,0.8577507283049174
103,160,0.9051635970245349
104,162,0.9055749385754124
104,139,0.9047796673845155
104,72,0.9471987816790822
105,122,0.9738083407717619
105,100,0.9539728837131289
106,226,0.8165719069521307
106,143,0.928551779393621
106,114,0.9644819118512427
107,213,0.8355881572606184
107,227,0.7858772589228928
107,78,0.9527396919219954
107,108,0.8024799123731862
108,227,0.679113019706605
108,107,0.8024799123731862
108,152,0.9319412935813508
108,78,0.7508623665898849
108,28,0.7476509049625721
108,9,0.7699776618872116
108,58,0.799733955831181
109,133,0.8580088899439088
109,399,0.5066327170950689
109,384,0.4420196970502392
109,156,0.6164567249166159
109,296,0.4114567334633678
110,153,0.9326988262465732
111,166,0.9020909832238383
111,124,0.9722730770907142
111,89,0.8962677980928349
111,68,0.9355153839991557
112,150,0.9368838722090432
112,76,0.8644876699360091
112,81,0.9558012826194622
112,91,0.973241378938998
112,116,0.9318432884199691
112,97,0.9820803998915989
112,16,0.8557837777127009
112,53,0.9117908960763035
113,152,0.9339123573120692
113,144,0.8955897478075493
113,87,0.9652302536595252
113,80,0.9545253329684085
114,143,0.9527396919219954
114,106,0.9644819118512427
114,90,0.9652302536595252
114,155,0.7124886490132488
115,230,0.4655367498079009
115,129,0.9801847561502938
115,60,0.4940853968362552
116,150,0.9433113231217994
116,158,0.8874240199274379
116,112,0.9318432884199691
116,102,0.9276130660231213
117,49,0.5854359996449406
117,262,0.767130324029721
117,197,0.5407456269858409
117,209,0.5019982073495826
118,252,0.7911191187235402
118,230,0.7960051174461502
119,166,0.7426806943686903
119,188,0.7196127747613811
119,196,0.7357722036128744
119,142,0.9680141029402175
120,140,0.9703267583806774
120,59,0.9085443955422927
120,40,0.8790805794053945
121,140,0.9703267583806774
121,102,0.9369812483497675
121,122,0.9117908960763035
121,100,0.9558012826194622
122,140,0.9726999188860621
122,102,0.9133010884855284
122,97,0.7714511415516696
122,121,0.9117908960763035
122,16,0.8387487827035611
122,100,0.9680141029402175
122,105,0.9738083407717619
122,79,0.9355153839991557
122,77,0.9298804969197713
122,22,0.7374413683018286
123,151,0.9568060828351197
123,187,0.8683040406886617
124,166,0.9225797361323311
124,111,0.9722730770907142
124,89,0.9468945298998206
125,307,0.5645597623992407
125,33,0.7192142864571928
125,126,0.8829652395315079
125,289,0.7132589665392796
125,176,0.8985296707828764
126,195,0.8913003794604645
126,125,0.8829652395315079
127,173,0.6628372784914081
127,218,0.8047904095911388
127,242,0.8138208998674296
127,267,0.7595867675717893
128,229,0.8405957963283339
128,177,0.884351494543376
128,162,0.903874518289376
129,280,0.7283831101237943
129,230,0.7799605459142436
129,69,0.9119948158727124
129,14,0.834584732969052
129,115,0.9801847561502938
130,103,0.8577507283049174
130,160,0.9117908960763035
130,149,0.9738083407717619
131,141,0.9872954174986995
131,96,0.9483143562269498
131,63,0.8966541985524791
132,178,0.9218530484106888
133,388,0.4094126025940921
133,64,0.7078962095693072
133,399,0.5260970219776578
133,163,0.5976992605548634
133,109,0.8580088899439088
134,166,0.9386737058518245
135,146,0.9821508484111854
135,239,0.7938093504173399
135,187,0.8513524091650486
136,153,0.973241378938998
137,84,0.9151474968755783
137,242,0.8287725463580643
137,138,0.6615295268086671
138,137,0.6615295268086671
138,242,0.8287900069201922
138,229,0.7325307038261554
139,162,0.9568060828351197
139,94,0.7834322499225513
139,104,0.9047796673845155
139,72,0.8824845487878011
139,27,0.8354130354361818
140,158,0.9644819118512427
140,207,0.800005546701329
140,194,0.8034063549453508
140,102,0.8776525933389473
140,121,0.9703267583806774
140,122,0.9726999188860621
140,100,0.8977845411636981
140,120,0.9703267583806774
140,22,0.7783484061136334
140,59,0.7566353446883427
141,182,0.9252426140965927
141,164,0.9218390051298286
141,148,0.9414093153986384
141,131,0.9872954174986995
141,96,0.8567049991255056
142,119,0.9680141029402175
142,196,0.913556091857009
143,165,0.9545253329684085
143,106,0.928551779393621
143,114,0.9527396919219954
144,152,0.9872954174986995
144,198,0.8888129200748273
144,113,0.8955897478075493
145,200,0.7369269700913117
145,333,0.5875925780448406
145,183,0.8844537091600784
145,236,0.5873976829788808
145,248,0.834004569596536
146,135,0.9821508484111854
146,151,0.8889241318200837
146,187,0.9308357478120231
147,163,0.9622684147519504
147,178,0.9381981204125796
148,164,0.9625520007466786
148,141,0.9414093153986384
149,130,0.9738083407717619
149,160,0.973241378938998
150,176,0.9509530557937554
150,54,0.582315216142555
150,76,0.7816772547326211
150,158,0.9085381987743615
150,112,0.9368838722090432
150,116,0.9433113231217994
151,146,0.8889241318200837
151,123,0.9568060828351197
151,187,0.9386737058518245
152,227,0.8412358396406283
152,252,0.7618549849186509
152,198,0.9276130660231213
152,144,0.9872954174986995
152,108,0.9319412935813508
152,113,0.9339123573120692
152,58,0.8426164168423107
152,87,0.8767996737047881
153,110,0.9326988262465732
153,163,0.973241378938998
153,136,0.973241378938998
154,171,0.9625520007466786
154,64,0.5496052539863785
155,114,0.7124886490132488
155,228,0.8645248909828307
155,217,0.8891105905770373
155,164,0.9801847561502938
156,163,0.9333829820808696
156,109,0.6164567249166159
156,185,0.9527396919219954
157,178,0.9662895600761255
157,251,0.6385766108519211
157,173,0.828431261969649
157,328,0.5832647953876494
158,176,0.8432989432779371
158,150,0.9085381987743615
158,186,0.9558012826194622
158,207,0.8115712690745273
158,116,0.8874240199274379
158,140,0.9644819118512427
158,102,0.9091856712558638
159,276,0.7892958996126659
159,83,0.7986547887958011
159,303,0.4591651200741276
160,103,0.9051635970245349
160,73,0.8604167026150135
160,130,0.9117908960763035
160,149,0.973241378938998
160,169,0.9828715992216289
161,41,0.7854833336944008
161,57,0.841295574551026
161,224,0.9028137422550702
161,17,0.7879710989454721
161,47,0.7458043729272625
162,177,0.9738083407717619
162,128,0.903874518289376
162,94,0.8910653879558487
162,104,0.9055749385754124
162,139,0.9568060828351197
163,64,0.4393554506907811
163,133,0.5976992605548634
163,153,0.973241378938998
163,156,0.9333829820808696
163,147,0.9622684147519504
163,185,0.9703267583806774
163,178,0.8791467206676772
164,155,0.9801847561502938
164,182,0.9722730770907142
164,148,0.9625520007466786
164,141,0.9218390051298286
165,286,0.6499184969947057
165,184,0.9738083407717619
165,226,0.8151847151447701
165,143,0.9545253329684085
166,134,0.9386737058518245
166,188,0.973241378938998
166,124,0.9225797361323311
166,111,0.9020909832238383
166,119,0.7426806943686903
167,189,0.9713339356626279
168,281,0.7855153296319987
168,304,0.5168917891978744
168,86,0.4526502343774534
168,243,0.4634587783480664
168,326,0.4823542675687842
168,347,0.3925514300974045
169,160,0.9828715992216289
169,301,0.7524587356065237
170,207,0.9380707758593515
170,20,0.7365190742201351
170,194,0.9703267583806774
170,101,0.8085250323527727
171,86,0.6541236702256866
171,347,0.5018784551784717
171,154,0.9625520007466786
171,388,0.5830358575613693
171,64,0.4808446083549442
172,49,0.8018579097096254
172,197,0.9704542354364942
172,209,0.9404329839028461
173,157,0.828431261969649
173,328,0.6961401895809834
173,84,0.6236567409136531
173,218,0.8182159037040304
173,127,0.6628372784914081
173,242,0.6016163255052819
174,254,0.7636139199046116
174,203,0.9558012826194622
174,258,0.7191956385323034
174,34,0.6777379853059604
174,20,0.7233313900701519
175,259,0.757099245536724
175,250,0.7000668334747592
175,291,0.7802922913885577
175,193,0.973241378938998
176,33,0.6435194743744302
176,125,0.8985296707828764
176,270,0.8296542552402214
176,24,0.6628467295173199
176,54,0.8135849783947506
176,258,0.7678605176973283
176,150,0.9509530557937554
176,186,0.836872501946672
176,158,0.8432989432779371
177,229,0.9213343061148949
177,128,0.884351494543376
177,162,0.9738083407717619
178,163,0.8791467206676772
178,147,0.9381981204125796
178,185,0.9899427146690853
178,202,0.8089944414962434
178,132,0.9218530484106888
178,199,0.6382957507670711
178,157,0.9662895600761255
178,251,0.6367681948860009
178,84,0.6788391247146187
179,205,0.9575926614630027
179,190,0.8958948207707479
179,34,0.7357904914968378
179,92,0.8657861773565584
179,94,0.8683573021812527
180,201,0.9680141029402175
180,240,0.8835803223217685
180,334,0.6780327241846922
180,332,0.5925302298575238
181,212,0.8604167026150135
181,55,0.6673214860764233
181,235,0.9113150658887325
181,261,0.8479569990302693
181,351,0.6133589090029999
182,248,0.8923387335546354
182,164,0.9722730770907142
182,141,0.9252426140965927
182,95,0.7429389353901936
182,96,0.851400302505
182,98,0.8666796947627151
182,10,0.706139762657145
182,51,0.7972183618225142
183,235,0.7634165795933091
183,261,0.7514095981774257
183,200,0.8387487827035611
183,333,0.6841684017361397
183,145,0.8844537091600784
184,401,0.5679393693324066
184,273,0.7513354092255122
184,272,0.7903835133668528
184,165,0.9738083407717619
184,268,0.7589305296185435
184,226,0.789445716460029
185,163,0.9703267583806774
185,156,0.9527396919219954
185,231,0.8489846465296593
185,202,0.9722730770907142
185,178,0.9899427146690853
186,176,0.836872501946672
186,258,0.873229376332696
186,158,0.9558012826194622
186,207,0.9644819118512427
187,135,0.8513524091650486
187,146,0.9308357478120231
187,123,0.8683040406886617
187,151,0.9386737058518245
187,239,0.9102351750712515
187,263,0.5919786080887085
188,166,0.973241378938998
188,50,0.7927241145233797
188,119,0.7196127747613811
188,196,0.9909996972207402
189,167,0.9713339356626279
189,204,0.9738083407717619
189,233,0.8889241318200837
190,229,0.9364430231446151
190,205,0.9276130660231213
190,179,0.8958948207707479
190,94,0.836836737253805
191,284,0.8022867751731872
191,244,0.9024042964734219
191,246,0.9004409047055612
191,265,0.8586888004177173
192,204,0.7774943676257844
192,259,0.8709079169470365
193,311,0.748518931506592
193,291,0.7977456821730466
193,175,0.973241378938998
194,207,0.9747522414139314
194,170,0.9703267583806774
194,140,0.8034063549453508
194,101,0.8603603834686566
195,249,0.8994855322196585
195,126,0.8913003794604645
196,188,0.9909996972207402
196,55,0.7956900991420076
196,119,0.7357722036128744
196,142,0.913556091857009
196,200,0.9872954174986995
196,41,0.7783097966860292
197,49,0.7813713755240965
197,117,0.5407456269858409
197,172,0.9704542354364942
197,209,0.9742633661702257
198,252,0.8998101462900223
198,152,0.9276130660231213
198,144,0.8888129200748273
199,202,0.708365100997399
199,178,0.6382957507670711
199,282,0.8204451341541233
199,279,0.7008720417325343
199,251,0.709157720016694
200,55,0.7840633012749046
200,196,0.9872954174986995
200,235,0.9373283612333432
200,183,0.8387487827035611
200,145,0.7369269700913117
200,224,0.9241798368147021
201,232,0.8692825124236818
201,216,0.9704542354364942
201,180,0.9680141029402175
201,334,0.6756999695495991
202,185,0.9722730770907142
202,231,0.8808402216487764
202,178,0.8089944414962434
202,282,0.8251401022639973
202,199,0.708365100997399
203,255,0.9083775496138666
203,254,0.7969568664349977
203,219,0.7443150590000824
203,174,0.9558012826194622
203,34,0.6065430726884912
204,189,0.9738083407717619
204,192,0.7774943676257844
204,259,0.8931651576203317
204,233,0.8491267097606369
204,250,0.8904787484706886
205,229,0.8733195432352026
205,237,0.8099108555208211
205,219,0.973241378938998
205,190,0.9276130660231213
205,179,0.9575926614630027
206,221,0.9738083407717619
206,225,0.8066167467036268
206,12,0.7267989646739544
206,56,0.7814779262184396
207,258,0.9047044656785513
207,186,0.9644819118512427
207,158,0.8115712690745273
207,20,0.6493487468418038
207,170,0.9380707758593515
207,194,0.9747522414139314
207,140,0.800005546701329
208,225,0.9703267583806774
208,249,0.7071704722787725
208,56,0.7689984777161142
208,33,0.7505529078161843
209,117,0.5019982073495826
209,172,0.9404329839028461
209,197,0.9742633661702257
209,93,0.8255010962285488
209,285,0.8323184737051161
209,103,0.4781268773818232
210,375,0.6254886590492325
210,222,0.9801847561502938
211,215,0.9909996972207402
211,262,0.7487773476598828
212,325,0.7164184172636757
212,50,0.4455837427897081
212,397,0.6068710400188535
212,55,0.6497984817003916
212,181,0.8604167026150135
212,351,0.6087853960704023
213,256,0.9226646423228461
213,107,0.8355881572606184
214,236,0.7219609516105324
214,248,0.9414093153986384
215,1,0.6348912176147128
215,211,0.9909996972207402
215,262,0.9066741325234148
216,262,0.9108202141763784
216,244,0.9055529285211111
216,232,0.8660163495197234
216,201,0.9704542354364942
217,228,0.9872954174986995
217,155,0.8891105905770373
218,173,0.8182159037040304
218,328,0.7057805334297244
218,316,0.7030961685638073
218,127,0.8047904095911388
218,267,0.9052388287105422
219,255,0.934941452791422
219,234,0.7589195571981172
219,203,0.7443150590000824
219,205,0.973241378938998
219,34,0.7058223646585062
220,313,0.7879688919066438
220,295,0.8155557379901359
220,221,0.8251401022639973
221,313,0.7886049987503896
221,294,0.7234634693461107
221,295,0.7138816449172631
221,220,0.8251401022639973
221,206,0.9738083407717619
221,225,0.7604788663872142
222,362,0.5829994499541723
222,294,0.5470035208946438
222,210,0.9801847561502938
222,257,0.9300086433468401
222,70,0.7415369369579087
222,256,0.7194443938997077
223,268,0.9027914194981744
223,226,0.9568060828351197
223,266,0.7898293985581549
224,200,0.9241798368147021
224,41,0.7383791147906026
224,161,0.9028137422550702
224,248,0.9528713406293264
224,47,0.7426465779776735
224,99,0.8151391913938317
225,295,0.8340250132978896
225,221,0.7604788663872142
225,206,0.8066167467036268
225,208,0.9703267583806774
225,249,0.6868616663400534
225,56,0.7357401877168067
226,184,0.789445716460029
226,165,0.8151847151447701
226,268,0.9074848476136496
226,223,0.9568060828351197
226,106,0.8165719069521307
227,293,0.8443340568628087
227,318,0.6895854003505663
227,274,0.8413690077135583
227,107,0.7858772589228928
227,252,0.776939331944544
227,152,0.8412358396406283
227,108,0.679113019706605
228,247,0.9606142271693334
228,217,0.9872954174986995
228,155,0.8645248909828307
229,267,0.916845260592923
229,138,0.7325307038261554
229,237,0.8877843471958379
229,205,0.8733195432352026
229,190,0.9364430231446151
229,177,0.9213343061148949
229,128,0.8405957963283339
230,118,0.7960051174461502
230,280,0.8664531706716887
230,129,0.7799605459142436
230,60,0.4303045366528039
230,115,0.4655367498079009
231,185,0.8489846465296593
231,296,0.8439980742041584
231,202,0.8808402216487764
231,282,0.6782248105428577
232,201,0.8692825124236818
232,216,0.8660163495197234
232,285,0.6929068920540855
232,334,0.744075024040134
233,189,0.8889241318200837
233,204,0.8491267097606369
233,250,0.9680141029402175
234,267,0.929896539479191
234,255,0.9449487209151111
234,219,0.7589195571981172
235,181,0.9113150658887325
235,261,0.9437830818422798
235,200,0.9373283612333432
235,183,0.7634165795933091
236,333,0.6172661772386928
236,145,0.5873976829788808
236,248,0.9801847561502938
236,214,0.7219609516105324
237,267,0.9374206207082761
237,229,0.8877843471958379
237,205,0.8099108555208211
238,66,0.7451416466901299
238,83,0.7688979825683688
238,253,0.9680141029402175
239,135,0.7938093504173399
239,187,0.9102351750712515
239,275,0.9061147731289463
240,244,0.9276360025292943
240,180,0.8835803223217685
240,246,0.9872954174986995
241,250,0.4458980297283141
241,309,0.823294971744656
241,365,0.6788623452166707
242,173,0.6016163255052819
242,84,0.7625981202285265
242,137,0.8287725463580643
242,127,0.8138208998674296
242,267,0.9468945298998206
242,138,0.8287900069201922
243,344,0.4297158596356624
243,168,0.4634587783480664
243,326,0.6719616182454718
243,363,0.6962845891939403
244,262,0.9567357695710121
244,277,0.8034669132021915
244,216,0.9055529285211111
244,240,0.9276360025292943
244,191,0.9024042964734219
244,246,0.9208299816565608
245,271,0.9252426140965927
246,244,0.9208299816565608
246,240,0.9872954174986995
246,191,0.9004409047055612
246,265,0.9545253329684085
246,337,0.6427104302178253
246,332,0.5781434847366164
247,266,0.9545253329684085
247,248,0.9230839370295274
247,228,0.9606142271693334
248,366,0.6980480184514087
248,145,0.834004569596536
248,236,0.9801847561502938
248,224,0.9528713406293264
248,247,0.9230839370295274
248,214,0.9414093153986384
248,99,0.6275012616196739
248,37,0.7009959733051261
248,182,0.8923387335546354
248,23,0.6790313687207385
248,95,0.7711439594265072
249,225,0.6868616663400534
249,314,0.8332898709786215
249,208,0.7071704722787725
249,195,0.8994855322196585
250,204,0.8904787484706886
250,259,0.973241378938998
250,233,0.9680141029402175
250,175,0.7000668334747592
250,241,0.4458980297283141
251,178,0.6367681948860009
251,199,0.709157720016694
251,157,0.6385766108519211
251,279,0.8744521619855233
251,328,0.7957093679273358
252,318,0.7139378132121826
252,390,0.6628740370114589
252,227,0.776939331944544
252,152,0.7618549849186509
252,118,0.7911191187235402
252,198,0.8998101462900223
253,238,0.9680141029402175
253,292,0.8434810896216894
253,311,0.8419934780039964
253,303,0.5882064986583609
254,255,0.685328129476121
254,270,0.9528713406293264
254,203,0.7969568664349977
254,258,0.8395036397404994
254,174,0.7636139199046116
255,316,0.8258568935509762
255,287,0.7792874044402035
255,267,0.9703267583806774
255,270,0.6206522589880954
255,234,0.9449487209151111
255,254,0.685328129476121
255,203,0.9083775496138666
255,219,0.934941452791422
256,222,0.7194443938997077
256,257,0.8556370901807866
256,274,0.9373283612333432
256,213,0.9226646423228461
257,293,0.9002669281017016
257,222,0.9300086433468401
257,256,0.8556370901807866
258,270,0.9623684211445606
258,176,0.7678605176973283
258,254,0.8395036397404994
258,174,0.7191956385323034
258,186,0.873229376332696
258,207,0.9047044656785513
258,20,0.5736273414707903
259,192,0.8709079169470365
259,204,0.8931651576203317
259,269,0.9775635533426917
259,250,0.973241378938998
259,291,0.8725401872164539
259,175,0.757099245536724
260,364,0.6064280481993226
260,383,0.6908795291873538
260,434,0.4574379761884151
260,264,0.4270853256354755
261,181,0.8479569990302693
261,235,0.9437830818422798
261,333,0.7939027286646286
261,183,0.7514095981774257
262,1,0.639908768850149
262,211,0.7487773476598828
262,215,0.9066741325234148
262,117,0.767130324029721
262,277,0.9463427450445413
262,244,0.9567357695710121
262,216,0.9108202141763784
263,187,0.5919786080887085
263,327,0.8256994332026625
264,260,0.4270853256354755
264,434,0.4475527964270662
264,438,0.5282557961495924
264,339,0.7893989156540659
265,191,0.8586888004177173
265,246,0.9545253329684085
265,327,0.827492606552381
266,366,0.7305096666719988
266,268,0.8785045823155184
266,223,0.7898293985581549
266,247,0.9545253329684085
267,218,0.9052388287105422
267,127,0.7595867675717893
267,287,0.9318432884199691
267,242,0.9468945298998206
267,255,0.9703267583806774
267,229,0.916845260592923
267,234,0.929896539479191
267,237,0.9374206207082761
268,401,0.6548476556270676
268,391,0.6510740692657632
268,184,0.7589305296185435
268,366,0.7366123951536574
268,226,0.9074848476136496
268,223,0.9027914194981744
268,266,0.8785045823155184
269,292,0.9319688023041177
269,259,0.9775635533426917
269,291,0.9290041049585714
270,289,0.9433113231217994
270,255,0.6206522589880954
270,176,0.8296542552402214
270,254,0.9528713406293264
270,258,0.9623684211445606
271,319,0.6595157842005983
271,359,0.7647391661074251
271,85,0.7052395886712765
271,245,0.9252426140965927
271,325,0.7477735030457014
272,360,0.7667027601447558
272,273,0.9821508484111854
272,184,0.7903835133668528
273,272,0.9821508484111854
273,286,0.9625520007466786
273,184,0.7513354092255122
274,293,0.9558012826194622
274,256,0.9373283612333432
274,227,0.8413690077135583
275,284,0.9722730770907142
275,239,0.9061147731289463
276,324,0.7491356824855265
276,312,0.9014965856039029
276,159,0.7892958996126659
277,262,0.9463427450445413
277,284,0.9821508484111854
277,244,0.8034669132021915
278,283,0.9143865913738085
278,293,0.9722730770907142
279,199,0.7008720417325343
279,320,0.9010808705589339
279,251,0.8744521619855233
279,298,0.9076319992126715
279,330,0.8302340936011583
280,457,0.5781720955618039
280,411,0.5248595537550457
280,230,0.8664531706716887
280,129,0.7283831101237943
281,337,0.8416033052298046
281,168,0.7855153296319987
282,231,0.6782248105428577
282,296,0.6987531416547962
282,202,0.8251401022639973
282,199,0.8204451341541233
282,320,0.9056135760428643
283,323,0.8452658031014753
283,293,0.9821508484111854
283,278,0.9143865913738085
284,277,0.9821508484111854
284,275,0.9722730770907142
284,191,0.8022867751731872
284,327,0.8839564543228391
285,209,0.8323184737051161
285,232,0.6929068920540855
285,334,0.8555072436032191
285,300,0.8082424102557676
286,457,0.5554744959106305
286,464,0.5691484289988535
286,273,0.9625520007466786
286,69,0.5211670113188734
286,165,0.6499184969947057
287,316,0.9252426140965927
287,267,0.9318432884199691
287,255,0.7792874044402035
288,308,0.4039505037451478
288,387,0.6109054278862001
288,392,0.7361467819050675
289,316,0.9300086433468401
289,307,0.6329573615822324
289,125,0.7132589665392796
289,270,0.9433113231217994
290,394,0.7367981587683995
290,336,0.7238677596025724
291,292,0.9722730770907142
291,269,0.9290041049585714
291,259,0.8725401872164539
291,311,0.9386737058518245
291,175,0.7802922913885577
291,193,0.7977456821730466
292,253,0.8434810896216894
292,269,0.9319688023041177
292,311,0.9414093153986384
292,291,0.9722730770907142
293,375,0.673763958026545
293,283,0.9821508484111854
293,302,0.9166560322614283
293,278,0.9722730770907142
293,257,0.9002669281017016
293,318,0.7772143311228523
293,305,0.9558012826194622
293,299,0.9528713406293264
293,274,0.9558012826194622
293,227,0.8443340568628087
294,362,0.8034669132021915
294,313,0.9281569717878362
294,221,0.7234634693461107
294,222,0.5470035208946438
294,70,0.6487656873980654
295,345,0.8496054143220619
295,353,0.6714544630991794
295,220,0.8155557379901359
295,221,0.7138816449172631
295,225,0.8340250132978896
295,314,0.8487980855482639
296,109,0.4114567334633678
296,377,0.7767000989039099
296,231,0.8439980742041584
296,367,0.7210423791821723
296,282,0.6987531416547962
296,348,0.654180712904461
297,300,0.8854786844658508
297,321,0.9338241719892809
297,301,0.9113150658887325
298,348,0.7837137487923105
298,320,0.8151847151447701
298,353,0.8332451996634225
298,279,0.9076319992126715
298,341,0.8155702692831049
299,293,0.9528713406293264
299,318,0.9235808009025567
299,305,0.9738083407717619
300,285,0.8082424102557676
300,334,0.7770938279241071
300,343,0.8188289533557981
300,297,0.8854786844658508
300,321,0.9390851178168478
301,169,0.7524587356065237
301,297,0.9113150658887325
301,321,0.8487236080441856
301,329,0.9113150658887325
301,424,0.5416309180163714
302,323,0.9386737058518245
302,306,0.9522654392050312
302,293,0.9166560322614283
302,318,0.8737978293116279
302,305,0.8816634702981748
303,312,0.4279476650800423
303,159,0.4591651200741276
303,83,0.5016255942541644
303,253,0.5882064986583609
303,311,0.9152682940533224
303,354,0.8423436359554044
304,337,0.8974596327809835
304,344,0.6917889418969099
304,168,0.5168917891978744
305,293,0.9558012826194622
305,302,0.8816634702981748
305,318,0.973241378938998
305,299,0.9738083407717619
306,396,0.7182652081399524
306,355,0.8303210220617824
306,323,0.9640719144033315
306,302,0.9522654392050312
307,341,0.8960532928398
307,289,0.6329573615822324
307,125,0.5645597623992407
308,344,0.8910554767773868
308,288,0.4039505037451478
308,387,0.3468423652103069
309,311,0.826537143621478
309,317,0.8672050591234559
309,241,0.823294971744656
309,357,0.739226050844629
309,365,0.8368845328055563
310,438,0.5126083359454314
310,339,0.9056135760428643
310,346,0.7135949756855373
311,253,0.8419934780039964
311,292,0.9414093153986384
311,291,0.9386737058518245
311,303,0.9152682940533224
311,193,0.748518931506592
311,409,0.7441058595629507
311,441,0.6122977949203073
311,309,0.826537143621478
311,317,0.7706599135774792
311,380,0.6476019667444165
312,324,0.9113150658887325
312,276,0.9014965856039029
312,342,0.9020909832238383
312,386,0.7378579491205577
312,303,0.4279476650800423
312,354,0.4314145925113517
313,362,0.8523447388699179
313,345,0.7271798078412922
313,294,0.9281569717878362
313,220,0.7879688919066438
313,221,0.7886049987503896
314,353,0.869080674762441
314,295,0.8487980855482639
314,249,0.8332898709786215
315,338,0.9135011457660744
315,316,0.9909996972207402
316,341,0.8558471932491926
316,330,0.9414093153986384
316,338,0.9021567821264802
316,218,0.7030961685638073
316,315,0.9909996972207402
316,287,0.9252426140965927
316,289,0.9300086433468401
316,255,0.8258568935509762
317,311,0.7706599135774792
317,309,0.8672050591234559
317,380,0.8170038991134739
317,357,0.794498299811613
318,293,0.7772143311228523
318,302,0.8737978293116279
318,331,0.9463836498442388
318,322,0.890700797753449
318,305,0.973241378938998
318,299,0.9235808009025567
318,390,0.8009787043685758
318,227,0.6895854003505663
318,252,0.7139378132121826
319,405,0.7204461801729296
319,359,0.873229376332696
319,271,0.6595157842005983
320,282,0.9056135760428643
320,348,0.9014965856039029
320,279,0.9010808705589339
320,298,0.8151847151447701
321,300,0.9390851178168478
321,369,0.8547733836298357
321,297,0.9338241719892809
321,301,0.8487236080441856
322,396,0.7642792227075851
322,331,0.9558491977655615
322,318,0.890700797753449
322,408,0.7282229367268525
323,375,0.6893465277849008
323,355,0.890700797753449
323,306,0.9640719144033315
323,283,0.8452658031014753
323,302,0.9386737058518245
324,339,0.9380707758593515
324,276,0.7491356824855265
324,312,0.9113150658887325
325,359,0.7226093543763253
325,271,0.7477735030457014
325,422,0.7345950631892196
325,397,0.6109006608078957
325,212,0.7164184172636757
326,168,0.4823542675687842
326,243,0.6719616182454718
326,356,0.9020909832238383
326,363,0.7620734383259111
326,347,0.6092474631870743
327,284,0.8839564543228391
327,263,0.8256994332026625
327,265,0.827492606552381
327,337,0.9558012826194622
328,157,0.5832647953876494
328,251,0.7957093679273358
328,173,0.6961401895809834
328,330,0.9821508484111854
328,218,0.7057805334297244
329,301,0.9113150658887325
329,364,0.7663939693780898
329,398,0.8236579812788786
330,279,0.8302340936011583
330,341,0.9030957313649569
330,328,0.9821508484111854
330,338,0.9743504181289488
330,316,0.9414093153986384
331,396,0.838637058962534
331,322,0.9558491977655615
331,318,0.9463836498442388
332,180,0.5925302298575238
332,246,0.5781434847366164
332,368,0.6743154853103562
332,400,0.8338791734074243
333,261,0.7939027286646286
333,351,0.9489740375706385
333,183,0.6841684017361397
333,145,0.5875925780448406
333,236,0.6172661772386928
334,232,0.744075024040134
334,201,0.6756999695495991
334,285,0.8555072436032191
334,180,0.6780327241846922
334,300,0.7770938279241071
334,343,0.9738083407717619
335,337,0.9909996972207402
336,385,0.8302340936011583
336,290,0.7238677596025724
336,394,0.5106885221370296
336,362,0.9319412935813508
336,373,0.7008375658797663
337,246,0.6427104302178253
337,327,0.9558012826194622
337,358,0.939828923888838
337,335,0.9909996972207402
337,344,0.908065740587924
337,281,0.8416033052298046
337,304,0.8974596327809835
338,341,0.9909996972207402
338,330,0.9743504181289488
338,316,0.9021567821264802
338,315,0.9135011457660744
339,264,0.7893989156540659
339,324,0.9380707758593515
339,310,0.9056135760428643
339,346,0.6581568582478012
339,342,0.9623684211445606
339,386,0.8794411724354775
339,452,0.5813511994093462
340,405,0.7806114500464381
340,444,0.6532327543744176
340,359,0.9463836498442388
340,431,0.5560544926803421
341,353,0.9623684211445606
341,298,0.8155702692831049
341,330,0.9030957313649569
341,338,0.9909996972207402
341,316,0.8558471932491926
341,307,0.8960532928398
342,339,0.9623684211445606
342,312,0.9020909832238383
342,386,0.8871526823733374
343,334,0.9738083407717619
343,300,0.8188289533557981
343,368,0.9053338104244587
343,369,0.9300086433468401
344,337,0.908065740587924
344,400,0.5805073721886025
344,358,0.9545253329684085
344,381,0.7421772261176085
344,304,0.6917889418969099
344,308,0.8910554767773868
344,243,0.4297158596356624
345,362,0.7142066593033245
345,370,0.9299731766029569
345,313,0.7271798078412922
345,295,0.8496054143220619
346,339,0.6581568582478012
346,310,0.7135949756855373
346,432,0.7775291665759568
346,425,0.7736593915659228
346,452,0.6312040441559416
347,168,0.3925514300974045
347,86,0.5588641824404786
347,326,0.6092474631870743
347,171,0.5018784551784717
347,349,0.973241378938998
347,388,0.9014965856039029
348,296,0.654180712904461
348,367,0.9487936471897895
348,320,0.9014965856039029
348,353,0.916845260592923
348,298,0.7837137487923105
349,347,0.973241378938998
349,388,0.9091856712558638
350,478,0.6350406843987516
350,414,0.8323156809191884
350,360,0.9463836498442388
350,401,0.8212610317715963
351,397,0.5377292686146588
351,212,0.6087853960704023
351,181,0.6133589090029999
351,361,0.9738083407717619
351,333,0.9489740375706385
352,385,0.9182141025520183
352,384,0.8985420456269431
352,362,0.7487757696366494
353,367,0.9653197742132931
353,348,0.916845260592923
353,295,0.6714544630991794
353,298,0.8332451996634225
353,341,0.9623684211445606
353,314,0.869080674762441
354,312,0.4314145925113517
354,455,0.5189840051951931
354,303,0.8423436359554044
354,409,0.8575310822469285
355,466,0.6401680585827189
355,429,0.7528450683402022
355,445,0.7690972715084331
355,396,0.8128733457629274
355,323,0.890700797753449
355,306,0.8303210220617824
356,326,0.9020909832238383
356,363,0.9256614031945961
356,407,0.8732853485689233
357,309,0.739226050844629
357,317,0.794498299811613
357,380,0.6990867291429657
357,365,0.8794060850557157
357,405,0.8794411724354775
358,337,0.939828923888838
358,381,0.9433113231217994
358,344,0.9545253329684085
359,405,0.8810384896357233
359,319,0.873229376332696
359,340,0.9463836498442388
359,271,0.7647391661074251
359,431,0.5651873573495311
359,422,0.6273289536416208
359,325,0.7226093543763253
360,478,0.6759536438183804
360,464,0.6643451902688998
360,350,0.9463836498442388
360,272,0.7667027601447558
361,351,0.9738083407717619
361,391,0.9244449030381425
362,385,0.785642729524207
362,384,0.8400739748019881
362,352,0.7487757696366494
362,336,0.9319412935813508
362,373,0.9662032285945363
362,345,0.7142066593033245
362,313,0.8523447388699179
362,294,0.8034669132021915
362,222,0.5829994499541723
363,243,0.6962845891939403
363,326,0.7620734383259111
363,356,0.9256614031945961
363,392,0.61821813725603
363,407,0.8891105905770373
364,329,0.7663939693780898
364,260,0.6064280481993226
364,383,0.9398663543806614
364,398,0.9209278598431054
365,309,0.8368845328055563
365,241,0.6788623452166707
365,357,0.8794060850557157
365,405,0.8962286099732958
366,391,0.9381981204125796
366,268,0.7366123951536574
366,266,0.7305096666719988
366,248,0.6980480184514087
367,384,0.9558012826194622
367,377,0.9299343736753095
367,296,0.7210423791821723
367,370,0.7584057179645133
367,348,0.9487936471897895
367,353,0.9653197742132931
368,343,0.9053338104244587
368,369,0.973241378938998
368,332,0.6743154853103562
