1.088420984350353 2
	a 0 4 0.9650043216734201
	a 4 0 0.9650043216734201
7.915219388055367 2
	a 1 15 0.794985677963551
	a 15 1 0.794985677963551
2.285230558113497 2
	a 1 8 0.9293444002088587
	a 8 1 0.9293444002088587
1.116507928925421 2
	a 2 6 0.9641344329707731
	a 6 2 0.9641344329707731
3.462641424061041 2
	a 3 4 0.896932141084178
	a 4 3 0.896932141084178
2.171740931339539 2
	a 3 10 0.9326051289997115
	a 10 3 0.9326051289997115
3.394828742383747 2
	a 3 6 0.8987306723239108
	a 6 3 0.8987306723239108
1.68410134343058 2
	a 4 9 0.9468999193736225
	a 9 4 0.9468999193736225
1.834428561908478 2
	a 5 13 0.9424435390596697
	a 13 5 0.9424435390596697
3.009435543708067 2
	a 6 12 0.9091079518520152
	a 12 6 0.9091079518520152
1.640257177424029 2
	a 6 15 0.9482080939198667
	a 15 6 0.9482080939198667
8.522999303223665 2
	a 7 64 0.7832721637536616
	a 64 7 0.7832721637536616
10.52332899322857 2
	a 7 95 0.7479067908588151
	a 95 7 0.7479067908588151
10.65188798929518 2
	a 7 101 0.7457911600448588
	a 101 7 0.7457911600448588
12.69710701783074 2
	a 7 25 0.7144623711775473
	a 25 7 0.7144623711775473
4.210409551759382 2
	a 8 33 0.877629716036292
	a 33 8 0.877629716036292
1.932875892814558 2
	a 9 20 0.9395492216766255
	a 20 9 0.9395492216766255
0.487629339878578 2
	a 9 12 0.9840070514701087
	a 12 9 0.9840070514701087
0.3835792746957232 2
	a 10 12 0.9873761207069657
	a 12 10 0.9873761207069657
11.41521369847543 2
	a 11 29 0.733596169202373
	a 29 11 0.733596169202373
10.49821584444069 2
	a 11 42 0.7483221864998286
	a 42 11 0.7483221864998286
5.221015984725314 2
	a 11 41 0.8530255260612506
	a 41 11 0.8530255260612506
5.512020212661833 2
	a 11 50 0.846242738085982
	a 50 11 0.846242738085982
1.515225646537176 2
	a 12 20 0.9519597175154471
	a 20 12 0.9519597175154471
1.736200693454497 2
	a 12 16 0.9453503988767245
	a 16 12 0.9453503988767245
4.202707797546758 2
	a 12 15 0.8778236599060514
	a 15 12 0.8778236599060514
1.118574925461526 2
	a 12 14 0.9640704797595606
	a 14 12 0.9640704797595606
19.38089138649526 2
	a 13 25 0.6373522333448918
	a 25 13 0.6373522333448918
3.067309141251221 2
	a 13 29 0.9075325563360177
	a 29 13 0.9075325563360177
0.2701555345749592 2
	a 14 16 0.9910754242055927
	a 16 14 0.9910754242055927
3.369366934536671 2
	a 15 35 0.8994080740077384
	a 35 15 0.8994080740077384
2.685054913829007 2
	a 15 20 0.9180514192421061
	a 20 15 0.9180514192421061
1.216905233534587 2
	a 15 18 0.961038282963363
	a 18 15 0.961038282963363
3.865258162371323 2
	a 15 30 0.8864197527289677
	a 30 15 0.8864197527289677
0.2701555345749592 2
	a 15 16 0.9910754242055927
	a 16 15 0.9910754242055927
3.342901927240962 2
	a 15 33 0.9001133851998098
	a 33 15 0.9001133851998098
1.126737926931244 2
	a 16 20 0.9638180012646471
	a 20 16 0.9638180012646471
2.877975609157165 2
	a 17 35 0.9127091294596228
	a 35 17 0.9127091294596228
2.878776623600594 2
	a 17 33 0.9126870909831571
	a 33 17 0.9126870909831571
0.3002129760370238 2
	a 18 20 0.9900923780751469
	a 20 18 0.9900923780751469
2.106417445159709 2
	a 19 33 0.9344931888485186
	a 33 19 0.9344931888485186
2.034236290773753 2
	a 20 35 0.9365890421708762
	a 35 20 0.9365890421708762
3.190611006225279 2
	a 21 45 0.9041963189825806
	a 45 21 0.9041963189825806
0.4068472581547501 2
	a 21 23 0.986620689469499
	a 23 21 0.986620689469499
1.504934540073178 2
	a 21 36 0.9522699016125583
	a 36 21 0.9522699016125583
3.806740652193212 2
	a 22 59 0.887930185159075
	a 59 22 0.887930185159075
6.074358317846057 2
	a 22 74 0.8335026719716085
	a 74 22 0.8335026719716085
1.058859358600752 2
	a 23 34 0.9659216442099845
	a 34 23 0.9659216442099845
2.71393484891547 2
	a 23 45 0.9172473070573914
	a 45 23 0.9172473070573914
3.364966008978386 2
	a 24 60 0.8995252755468117
	a 60 24 0.8995252755468117
4.242795669393471 2
	a 24 35 0.8768152648893225
	a 35 24 0.8768152648893225
1.807218269202658 2
	a 24 34 0.9432468686807574
	a 34 24 0.9432468686807574
2.301475639133285 2
	a 24 33 0.9288796696027082
	a 33 24 0.9288796696027082
7.331955397023135 2
	a 25 108 0.8066819054895051
	a 108 25 0.8066819054895051
12.5875168592873 2
	a 25 109 0.7160349732566875
	a 109 25 0.7160349732566875
12.61255934774749 2
	a 25 40 0.7156746039368892
	a 40 25 0.7156746039368892
0.4068472581547501 2
	a 26 33 0.986620689469499
	a 33 26 0.986620689469499
1.984278394854708 2
	a 27 33 0.9380455376013218
	a 33 27 0.9380455376013218
2.520882000556814 2
	a 27 36 0.9226520646545762
	a 36 27 0.9226520646545762
1.506073016235147 2
	a 27 43 0.9522355763484072
	a 43 27 0.9522355763484072
1.907785025694843 2
	a 27 39 0.9402850816914862
	a 39 27 0.9402850816914862
23.25493139665964 2
	a 28 32 0.6060891033495373
	a 32 28 0.6060891033495373
20.03546021908359 2
	a 28 155 0.6314873633080187
	a 155 28 0.6314873633080187
18.48594264673937 2
	a 28 125 0.6457965157713108
	a 125 28 0.6457965157713108
1.154824871506312 2
	a 29 42 0.9629503318246462
	a 42 29 0.9629503318246462
0.3002129760370238 2
	a 30 35 0.9900923780751469
	a 35 30 0.9900923780751469
5.423121993751903 2
	a 30 33 0.8483008550079275
	a 33 30 0.8483008550079275
3.89810786437398 2
	a 31 37 0.8855744271083024
	a 37 31 0.8855744271083024
7.759555897652159 2
	a 31 40 0.7980628504780711
	a 40 31 0.7980628504780711
12.61450588585151 2
	a 31 121 0.7156466178304872
	a 121 31 0.7156466178304872
6.674195164131342 2
	a 31 92 0.8204293304228194
	a 92 31 0.8204293304228194
6.516757177768018 2
	a 31 104 0.8238102253318138
	a 104 31 0.8238102253318138
5.710040770014635 2
	a 32 98 0.8417018980234712
	a 98 32 0.8417018980234712
1.453744046139253 2
	a 33 35 0.9538159996063358
	a 35 33 0.9538159996063358
1.250070526955394 2
	a 33 34 0.9600200443887001
	a 34 33 0.9600200443887001
0.3002129760370238 2
	a 33 36 0.9900923780751469
	a 36 33 0.9900923780751469
2.503074246341606 2
	a 34 60 0.9231541282221569
	a 60 34 0.9231541282221569
4.513641922120174 2
	a 34 56 0.8700723906651295
	a 56 34 0.8700723906651295
3.872632639608435 2
	a 34 51 0.8862298231758008
	a 51 34 0.8862298231758008
7.109691656895085 2
	a 34 54 0.8112600245435748
	a 54 34 0.8112600245435748
7.635674519443583 2
	a 34 45 0.800534672633614
	a 45 34 0.800534672633614
4.878622716872363 2
	a 34 36 0.8611764369551451
	a 36 34 0.8611764369551451
4.086859288452119 2
	a 35 53 0.8807529777622496
	a 53 35 0.8807529777622496
2.301475639133285 2
	a 35 55 0.9288796696027082
	a 55 35 0.9288796696027082
3.193221930422387 2
	a 36 45 0.9041259700419757
	a 45 36 0.9041259700419757
1.392998929689093 2
	a 36 43 0.9556575329443662
	a 43 36 0.9556575329443662
0.1917896373478611 2
	a 36 38 0.9936477087493498
	a 38 36 0.9936477087493498
7.389565072749924 2
	a 37 109 0.8055063081189061
	a 109 37 0.8055063081189061
12.21604059436081 2
	a 37 121 0.72145189601037
	a 121 37 0.72145189601037
0.649991823536707 2
	a 38 43 0.9787963307315013
	a 43 38 0.9787963307315013
0.2701555345749592 2
	a 39 43 0.9910754242055927
	a 43 39 0.9910754242055927
2.277380856155709 2
	a 40 48 0.9295691407138549
	a 48 40 0.9295691407138549
4.437264915796666 2
	a 40 92 0.8719615309008993
	a 92 40 0.8719615309008993
9.928434857433684 2
	a 41 42 0.7579362448139584
	a 42 41 0.7579362448139584
3.059181671108716 2
	a 41 50 0.9077534300810209
	a 50 41 0.9077534300810209
1.954180946745591 2
	a 41 63 0.9389253568390946
	a 63 41 0.9389253568390946
0.9493102690277512 2
	a 42 48 0.9693368529259123
	a 48 42 0.9693368529259123
6.429925299918057 2
	a 42 52 0.8256901312697598
	a 52 42 0.8256901312697598
10.09450776548356 2
	a 42 63 0.7550962472282527
	a 63 42 0.7550962472282527
4.250556307965924 2
	a 43 45 0.8766203601745457
	a 45 43 0.8766203601745457
3.935155398304177 2
	a 43 47 0.8846232967149239
	a 47 43 0.8846232967149239
1.151286064329106 2
	a 43 44 0.9630595641730102
	a 44 43 0.9630595641730102
0.9849989873620122 2
	a 43 49 0.9682215115723076
	a 49 43 0.9682215115723076
6.947186690806621 2
	a 44 66 0.814650443361715
	a 66 44 0.814650443361715
5.158182453491167 2
	a 44 57 0.8545074170036102
	a 57 44 0.8545074170036102
3.074445979004846 2
	a 44 47 0.9073387028741056
	a 47 44 0.9073387028741056
2.37241948059669 2
	a 44 59 0.9268560341049876
	a 59 44 0.9268560341049876
0.7884591958105146 2
	a 44 49 0.9743968235948948
	a 49 44 0.9743968235948948
1.622807055510311 2
	a 45 54 0.9487298163904918
	a 54 45 0.9487298163904918
2.033355190707818 2
	a 45 57 0.936614688166348
	a 57 45 0.936614688166348
0.1917896373478611 2
	a 45 47 0.9936477087493498
	a 47 45 0.9936477087493498
0.4068472581547501 2
	a 46 49 0.986620689469499
	a 49 46 0.986620689469499
0.7671585448709205 2
	a 47 57 0.975070966213913
	a 57 47 0.975070966213913
4.164117946345623 2
	a 48 104 0.8787969218914946
	a 104 48 0.8787969218914946
6.618575224646338 2
	a 48 52 0.8216196866414632
	a 52 48 0.8216196866414632
0.5294379043957786 2
	a 49 59 0.9826598871066465
	a 59 49 0.9826598871066465
0.1356157527182506 2
	a 50 53 0.9954998486103701
	a 53 50 0.9954998486103701
1.47969360508203 2
	a 51 68 0.9530315899693738
	a 68 51 0.9530315899693738
0.5488408072586609 2
	a 51 60 0.9820359572016657
	a 60 51 0.9820359572016657
0.9583507903075323 2
	a 51 56 0.9690540681647766
	a 56 51 0.9690540681647766
5.591088540721186 2
	a 52 104 0.8444224176637658
	a 104 52 0.8444224176637658
0.5294379043957786 2
	a 52 61 0.9826598871066465
	a 61 52 0.9826598871066465
8.067320605235619 2
	a 52 63 0.7920096135199379
	a 63 52 0.7920096135199379
1.515225646537176 2
	a 52 65 0.9519597175154471
	a 65 52 0.9519597175154471
0.60830115431387 2
	a 53 63 0.9801289377462263
	a 63 53 0.9801289377462263
0.4217785570495555 2
	a 53 60 0.9861365385453571
	a 60 53 0.9861365385453571
0.4261984914158477 2
	a 53 55 0.9859933135416687
	a 55 53 0.9859933135416687
3.644003100568314 2
	a 54 71 0.8921618190793603
	a 71 54 0.8921618190793603
0.7522177754760512 2
	a 54 68 0.9755443970056075
	a 68 54 0.9755443970056075
1.875209981755642 2
	a 54 57 0.9412422743939006
	a 57 54 0.9412422743939006
0.1917896373478611 2
	a 55 60 0.9936477087493498
	a 60 55 0.9936477087493498
0.5753689120435835 2
	a 56 68 0.9811842105722803
	a 68 56 0.9811842105722803
0.754358709720538 2
	a 57 71 0.9754765278968778
	a 71 57 0.9754765278968778
0.5753689120435835 2
	a 57 69 0.9811842105722803
	a 69 57 0.9811842105722803
1.220770282487056 2
	a 57 67 0.9609195025649143
	a 67 57 0.9609195025649143
2.790987741547899 2
	a 57 66 0.9151094618667976
	a 66 57 0.9151094618667976
13.7958493238348 2
	a 58 130 0.6993146656210576
	a 130 58 0.6993146656210576
4.006537251525712 2
	a 58 71 0.8827973033398129
	a 71 58 0.8827973033398129
0.9583507903075323 2
	a 58 73 0.9690540681647766
	a 73 58 0.9690540681647766
0.4217785570495555 2
	a 59 66 0.9861365385453571
	a 66 59 0.9861365385453571
4.369631988279072 2
	a 59 88 0.8736424406987831
	a 88 59 0.8736424406987831
0.4362744118444816 2
	a 60 68 0.9856669678313139
	a 68 60 0.9856669678313139
4.905860476288635 2
	a 61 104 0.8605211895910861
	a 104 61 0.8605211895910861
3.093960810068971 2
	a 61 100 0.906809104384808
	a 100 61 0.906809104384808
1.944064083921212 2
	a 61 65 0.9392214932019196
	a 65 61 0.9392214932019196
3.579193982335919 2
	a 62 99 0.8938598621736062
	a 99 62 0.8938598621736062
4.119157391462693 2
	a 62 106 0.8799340198450765
	a 106 62 0.8799340198450765
1.220541774464252 2
	a 62 83 0.9609265242053444
	a 83 62 0.9609265242053444
2.566235678383722 2
	a 62 88 0.9213760729523428
	a 88 62 0.9213760729523428
0.2701555345749592 2
	a 63 68 0.9910754242055927
	a 68 63 0.9910754242055927
8.971878177644633 2
	a 64 111 0.7749207533714044
	a 111 64 0.7749207533714044
2.470254271311943 2
	a 64 95 0.9240810023800726
	a 95 64 0.9240810023800726
0.9763801406626829 2
	a 65 68 0.9684906241748837
	a 68 65 0.9684906241748837
0.7671585448709205 2
	a 65 77 0.975070966213913
	a 77 65 0.975070966213913
1.165489355260694 2
	a 66 69 0.9626213070482963
	a 69 66 0.9626213070482963
1.248857222541599 2
	a 66 78 0.9600572555169801
	a 78 66 0.9600572555169801
2.387276620277384 2
	a 66 94 0.9264334527697162
	a 94 66 0.9264334527697162
2.790280681697953 2
	a 66 99 0.9151290294768977
	a 99 66 0.9151290294768977
2.678670282409411 2
	a 66 83 0.9182293973986702
	a 83 66 0.9182293973986702
2.821981008552647 2
	a 66 88 0.914252640801909
	a 88 66 0.914252640801909
0.1917896373478611 2
	a 67 71 0.9936477087493498
	a 71 67 0.9936477087493498
1.165489355260694 2
	a 67 69 0.9626213070482963
	a 69 67 0.9626213070482963
1.084926021746002 2
	a 68 84 0.9651126791441141
	a 84 68 0.9651126791441141
1.264556590292974 2
	a 68 77 0.9595760002049791
	a 77 68 0.9595760002049791
0.1356157527182506 2
	a 69 71 0.9954998486103701
	a 71 69 0.9954998486103701
2.722378276638658 2
	a 69 70 0.9170125066489447
	a 70 69 0.9170125066489447
2.998825857758833 2
	a 70 71 0.9093974213385241
	a 71 70 0.9093974213385241
0.4068472581547501 2
	a 70 73 0.986620689469499
	a 73 70 0.986620689469499
2.58521973651486 2
	a 70 81 0.920843115089317
	a 81 70 0.920843115089317
1.682179568763011 2
	a 70 78 0.946957179104487
	a 78 70 0.946957179104487
3.389674132279728 2
	a 71 107 0.8988677159462665
	a 107 71 0.8988677159462665
6.06689715954033 2
	a 71 93 0.8336686009843394
	a 93 71 0.8336686009843394
2.857899256548385 2
	a 71 85 0.9132618788840454
	a 85 71 0.9132618788840454
3.599192102737482 2
	a 71 84 0.8933351149202844
	a 84 71 0.8933351149202844
0.9763801406626829 2
	a 71 80 0.9684906241748837
	a 80 71 0.9684906241748837
3.082815577512252 2
	a 72 96 0.9071114821782283
	a 96 72 0.9071114821782283
0.9056588220468618 2
	a 72 86 0.9707046576993192
	a 86 72 0.9707046576993192
2.455712655241525 2
	a 73 102 0.9244923232648297
	a 102 73 0.9244923232648297
0.1356157527182506 2
	a 74 76 0.9954998486103701
	a 76 74 0.9954998486103701
1.993364469465826 2
	a 75 96 0.9377802769861764
	a 96 75 0.9377802769861764
1.555485357104156 2
	a 75 89 0.9507482928019515
	a 89 75 0.9507482928019515
0.6780787635912512 2
	a 75 76 0.9779006413097311
	a 76 75 0.9779006413097311
1.21946580360271 2
	a 75 91 0.9609595882918205
	a 91 75 0.9609595882918205
1.017007035400675 2
	a 76 88 0.9672234530388609
	a 88 76 0.9672234530388609
0.9427373486970791 2
	a 76 89 0.9695425589084239
	a 89 76 0.9695425589084239
0.4068472581547501 2
	a 77 84 0.986620689469499
	a 84 77 0.986620689469499
1.360345102038611 2
	a 78 81 0.9566505442427642
	a 81 78 0.9566505442427642
1.651845963902636 2
	a 78 94 0.9478619484573847
	a 94 78 0.9478619484573847
9.479277726611283 2
	a 79 125 0.7657766381907932
	a 125 79 0.7657766381907932
4.702584460437569 2
	a 79 111 0.8654401318137798
	a 111 79 0.8654401318137798
1.47212946921474 2
	a 80 85 0.9532601004139132
	a 85 80 0.9532601004139132
0.2712315054364995 2
	a 80 84 0.9910401999457994
	a 84 80 0.9910401999457994
2.844913917130382 2
	a 81 102 0.9136197901660648
	a 102 81 0.9136197901660648
1.509632916182426 2
	a 81 94 0.9521282615229523
	a 94 81 0.9521282615229523
1.515225646537176 2
	a 82 97 0.9519597175154471
	a 97 82 0.9519597175154471
3.055912409281088 2
	a 82 88 0.9078423099479909
	a 88 82 0.9078423099479909
2.574731526115862 2
	a 82 96 0.9211374773975201
	a 96 82 0.9211374773975201
1.620896966400101 2
	a 83 99 0.948786960957836
	a 99 83 0.948786960957836
1.940314217948049 2
	a 83 88 0.9393313083765565
	a 88 83 0.9393313083765565
0.2712315054364995 2
	a 84 87 0.9910401999457994
	a 87 84 0.9910401999457994
0.5488408072586609 2
	a 85 90 0.9820359572016657
	a 90 85 0.9820359572016657
0.3835792746957232 2
	a 85 87 0.9873761207069657
	a 87 85 0.9873761207069657
1.754926729054513 2
	a 86 105 0.9447947692786187
	a 105 86 0.9447947692786187
2.796536961848652 2
	a 86 96 0.914955921346033
	a 96 86 0.914955921346033
3.262289161784405 2
	a 86 110 0.9022694566718052
	a 110 86 0.9022694566718052
0.4068472581547501 2
	a 87 90 0.986620689469499
	a 90 87 0.986620689469499
2.488391115233225 2
	a 88 106 0.9235685461904271
	a 106 88 0.9235685461904271
0.7884591958105146 2
	a 88 96 0.9743968235948948
	a 96 88 0.9743968235948948
0.7856075762549576 2
	a 88 89 0.9744870187853192
	a 89 88 0.9744870187853192
0.7884591958105146 2
	a 89 96 0.9743968235948948
	a 96 89 0.9743968235948948
4.913642750094171 2
	a 90 93 0.860334193129863
	a 93 90 0.860334193129863
0.99986533083179 2
	a 90 100 0.9677576919995778
	a 100 90 0.9677576919995778
0.5294379043957786 2
	a 91 96 0.9826598871066465
	a 96 91 0.9826598871066465
0.754358709720538 2
	a 92 104 0.9754765278968778
	a 104 92 0.9754765278968778
0.9493102690277512 2
	a 93 104 0.9693368529259123
	a 104 93 0.9693368529259123
1.241928224970066 2
	a 93 107 0.960269820315649
	a 107 93 0.960269820315649
3.872948701161194 2
	a 93 100 0.8862216851016965
	a 100 93 0.8862216851016965
2.894806333243491 2
	a 94 102 0.9122463095955716
	a 102 94 0.9122463095955716
0.572507812946912 2
	a 94 103 0.9812760003733393
	a 103 94 0.9812760003733393
1.342527456914504 2
	a 94 99 0.9571932956869043
	a 99 94 0.9571932956869043
6.389005615290472 2
	a 95 111 0.8265798200747164
	a 111 95 0.8265798200747164
3.245952418077354 2
	a 95 101 0.9027078135402564
	a 101 95 0.9027078135402564
3.700572454294427 2
	a 95 115 0.8906856483190508
	a 115 95 0.8906856483190508
0.6773268194476793 2
	a 96 105 0.9779245988827807
	a 105 96 0.9779245988827807
10.83027392618948 2
	a 97 132 0.7428854265994829
	a 132 97 0.7428854265994829
0.7884591958105146 2
	a 97 106 0.9743968235948948
	a 106 97 0.9743968235948948
0.7241308354215087 2
	a 97 105 0.9764356703146633
	a 105 97 0.9764356703146633
15.89700362560359 2
	a 98 113 0.6732625123320999
	a 113 98 0.6732625123320999
6.672533993214723 2
	a 98 119 0.8204648182467964
	a 119 98 0.8204648182467964
10.64329100837571 2
	a 99 133 0.7459320712155617
	a 133 99 0.7459320712155617
9.575205466009182 2
	a 99 130 0.7640823713988656
	a 130 99 0.7640823713988656
0.1917896373478611 2
	a 100 104 0.9936477087493498
	a 104 100 0.9936477087493498
3.254778065238004 2
	a 101 115 0.9024709394279251
	a 115 101 0.9024709394279251
1.463686339846209 2
	a 101 108 0.9535153011412929
	a 108 101 0.9535153011412929
9.212014564125573 2
	a 102 130 0.770554564232802
	a 130 102 0.770554564232802
2.481995399486104 2
	a 102 103 0.9237491862998404
	a 103 102 0.9237491862998404
9.210687283712668 2
	a 103 130 0.7705785054102567
	a 130 103 0.7705785054102567
6.442296295455717 2
	a 104 121 0.8254216345933117
	a 121 104 0.8254216345933117
1.165489355260694 2
	a 104 107 0.9626213070482963
	a 107 104 0.9626213070482963
3.055869509497978 2
	a 105 116 0.9078434763727682
	a 116 105 0.9078434763727682
9.466155374598312 2
	a 106 133 0.7660092475622375
	a 133 106 0.7660092475622375
5.834580603387383 2
	a 107 121 0.8388766097880113
	a 121 107 0.8388766097880113
2.486263561743005 2
	a 108 115 0.9236286281004952
	a 115 108 0.9236286281004952
6.20853999726666 2
	a 108 109 0.8305326459717433
	a 109 108 0.8305326459717433
5.762751674754912 2
	a 109 115 0.8405032442480276
	a 115 109 0.8405032442480276
5.825284048607519 2
	a 109 124 0.8390867005497294
	a 124 109 0.8390867005497294
5.145261404981005 2
	a 109 120 0.8548129224018762
	a 120 109 0.8548129224018762
14.47035931368802 2
	a 109 163 0.6905505431044381
	a 163 109 0.6905505431044381
13.28315939079304 2
	a 109 121 0.7062448672894892
	a 121 109 0.7062448672894892
8.645539943416141 2
	a 110 135 0.7809674338544432
	a 135 110 0.7809674338544432
5.546634090265825 2
	a 110 123 0.8454446723279794
	a 123 110 0.8454446723279794
1.726106731610226 2
	a 111 114 0.9456501897302323
	a 114 111 0.9456501897302323
6.350779105814018 2
	a 111 115 0.8274131485708265
	a 115 111 0.8274131485708265
5.28429535274652 2
	a 111 120 0.8515393808639633
	a 120 111 0.8515393808639633
1.199592341201047 2
	a 112 117 0.9615707172471424
	a 117 112 0.9615707172471424
13.64324735000815 2
	a 113 119 0.7013527359202755
	a 119 113 0.7013527359202755
8.260000311371195 2
	a 113 142 0.7882826466938802
	a 142 113 0.7882826466938802
11.00337332597552 2
	a 113 144 0.7400986490723347
	a 144 113 0.7400986490723347
11.0340935171006 2
	a 113 143 0.7396074271658348
	a 143 113 0.7396074271658348
9.684914821758225 2
	a 114 125 0.7621579304946922
	a 125 114 0.7621579304946922
5.421879993044833 2
	a 114 129 0.8483296955291222
	a 129 114 0.8483296955291222
5.249453776293715 2
	a 114 128 0.8523568756709765
	a 128 114 0.8523568756709765
4.057061392938133 2
	a 114 124 0.8815101053701075
	a 124 114 0.8815101053701075
3.463288699966666 2
	a 114 120 0.8969150131463246
	a 120 114 0.8969150131463246
3.14538601870665 2
	a 115 120 0.9054168095124069
	a 120 115 0.9054168095124069
14.11770936769016 2
	a 116 183 0.695083461348347
	a 183 116 0.695083461348347
0.754358709720538 2
	a 117 118 0.9754765278968778
	a 118 117 0.9754765278968778
12.34623557749876 2
	a 118 159 0.7195380852528678
	a 159 118 0.7195380852528678
17.11966183758686 2
	a 118 206 0.6597000405683993
	a 206 118 0.6597000405683993
18.37888817277343 2
	a 118 212 0.6468407824060338
	a 212 118 0.6468407824060338
7.413217174266954 2
	a 119 155 0.8050249632982749
	a 155 119 0.8050249632982749
9.110507240059883 2
	a 119 142 0.7723916578258512
	a 142 119 0.7723916578258512
8.780808962818888 2
	a 119 161 0.7784450782165953
	a 161 119 0.7784450782165953
0.8577093321382242 2
	a 120 124 0.972211735084668
	a 124 120 0.972211735084668
4.521294312198807 2
	a 121 122 0.8698836429288865
	a 122 121 0.8698836429288865
1.259470294364125 2
	a 121 127 0.9597318625981501
	a 127 121 0.9597318625981501
3.900457791534456 2
	a 122 137 0.8855140270517072
	a 137 122 0.8855140270517072
2.249659766717275 2
	a 122 127 0.9303637497065775
	a 127 122 0.9303637497065775
3.558291282261101 2
	a 123 135 0.8944090937368507
	a 135 123 0.8944090937368507
4.330359271078273 2
	a 123 141 0.8746219860466613
	a 141 123 0.8746219860466613
0.4068472581547501 2
	a 124 126 0.986620689469499
	a 126 124 0.986620689469499
5.406185267872731 2
	a 125 150 0.8486943488563536
	a 150 125 0.8486943488563536
7.016065560929164 2
	a 125 146 0.8132089044788731
	a 146 125 0.8132089044788731
0.4068472581547501 2
	a 126 128 0.986620689469499
	a 128 126 0.986620689469499
13.37187005311696 2
	a 126 160 0.705028725739661
	a 160 126 0.705028725739661
2.988365516397017 2
	a 127 137 0.9096830166931034
	a 137 127 0.9096830166931034
11.25717903444382 2
	a 127 131 0.7360702655578739
	a 131 127 0.7360702655578739
0.5753689120435835 2
	a 128 129 0.9811842105722803
	a 129 128 0.9811842105722803
2.293280822207979 2
	a 129 138 0.9291140396425566
	a 138 129 0.9291140396425566
0.2701555345749592 2
	a 130 131 0.9910754242055927
	a 131 130 0.9910754242055927
12.53289521900172 2
	a 131 190 0.7168230862932642
	a 190 131 0.7168230862932642
0.2701555345749592 2
	a 131 133 0.9910754242055927
	a 133 131 0.9910754242055927
0.1917896373478611 2
	a 132 133 0.9936477087493498
	a 133 132 0.9936477087493498
0.7884591958105146 2
	a 133 136 0.9743968235948948
	a 136 133 0.9743968235948948
7.079248582999114 2
	a 134 145 0.811892380150002
	a 145 134 0.811892380150002
4.30123298093595 2
	a 134 151 0.8753501159859645
	a 151 134 0.8753501159859645
6.368552522120639 2
	a 134 159 0.8270254283070568
	a 159 134 0.8270254283070568
5.316760195325062 2
	a 134 166 0.8507793589164128
	a 166 134 0.8507793589164128
11.87877828070408 2
	a 134 193 0.726487452576473
	a 193 134 0.726487452576473
7.361552016157462 2
	a 135 183 0.8060773855736754
	a 183 135 0.8060773855736754
5.38184536394264 2
	a 135 141 0.8492606206289297
	a 141 135 0.8492606206289297
8.253812675394002 2
	a 136 190 0.7884015904299637
	a 190 136 0.7884015904299637
15.21105022483816 2
	a 136 214 0.6813698077122898
	a 214 136 0.6813698077122898
4.172183313514434 2
	a 137 163 0.8785933008885074
	a 163 137 0.8785933008885074
1.68410134343058 2
	a 138 146 0.9468999193736225
	a 146 138 0.9468999193736225
2.75836712619526 2
	a 138 153 0.9160131859174364
	a 153 138 0.9160131859174364
9.43298608955385 2
	a 138 165 0.7665981208429293
	a 165 138 0.7665981208429293
13.29988657225217 2
	a 138 160 0.7060150024583237
	a 160 138 0.7060150024583237
8.645152195376491 2
	a 139 199 0.780974696919763
	a 199 139 0.780974696919763
9.620791336086846 2
	a 139 195 0.7632810280352804
	a 195 139 0.7632810280352804
1.48777868626076 2
	a 139 149 0.9527874692877062
	a 149 139 0.9527874692877062
4.349082969566818 2
	a 140 147 0.8741546571705787
	a 147 140 0.8741546571705787
3.648920776390758 2
	a 140 162 0.8920332718392221
	a 162 140 0.8920332718392221
9.310407165034384 2
	a 140 178 0.7687856676357323
	a 178 140 0.7687856676357323
2.127449337321092 2
	a 140 148 0.9338844014870795
	a 148 140 0.9338844014870795
2.383164194630381 2
	a 140 152 0.9265503805220674
	a 152 140 0.9265503805220674
8.430629506385678 2
	a 140 181 0.7850219318962619
	a 181 140 0.7850219318962619
9.755292734165014 2
	a 140 192 0.76093080297697
	a 192 140 0.76093080297697
1.108613663631291 2
	a 141 149 0.964378763948653
	a 149 141 0.964378763948653
3.845225437350192 2
	a 142 161 0.8869361668682365
	a 161 142 0.8869361668682365
10.0027429233953 2
	a 142 143 0.7566616216804117
	a 143 142 0.7566616216804117
3.918749413714313 2
	a 142 164 0.8850442017769509
	a 164 142 0.8850442017769509
6.369713569264386 2
	a 142 154 0.8270001164907119
	a 154 142 0.8270001164907119
6.014200951027126 2
	a 142 158 0.8348428671004884
	a 158 142 0.8348428671004884
1.832418053853906 2
	a 143 144 0.9425028454540453
	a 144 143 0.9425028454540453
0.6773268194476793 2
	a 143 147 0.9779245988827807
	a 147 143 0.9779245988827807
7.517743969505338 2
	a 143 154 0.8029067999052759
	a 154 143 0.8029067999052759
3.243369444286881 2
	a 143 148 0.9027771650930327
	a 148 143 0.9027771650930327
2.178295172860535 2
	a 144 156 0.9324161437246439
	a 156 144 0.9324161437246439
2.158276447905609 2
	a 144 147 0.9329936236424718
	a 147 144 0.9329936236424718
2.765771239994866 2
	a 145 159 0.9158078893248713
	a 159 145 0.9158078893248713
2.614784589919377 2
	a 146 150 0.9200144543317819
	a 150 146 0.9200144543317819
1.756468616875567 2
	a 146 153 0.9447490500526149
	a 153 146 0.9447490500526149
2.601109856863482 2
	a 147 162 0.920397534625449
	a 162 147 0.920397534625449
3.490109088342374 2
	a 147 148 0.8962059529239348
	a 148 147 0.8962059529239348
1.250070526955394 2
	a 148 152 0.9600200443887001
	a 152 148 0.9600200443887001
7.324828929354068 2
	a 149 200 0.8068276440190717
	a 200 149 0.8068276440190717
8.184997097143253 2
	a 149 199 0.789727731557228
	a 199 149 0.789727731557228
2.741943832514826 2
	a 150 169 0.9164689224769048
	a 169 150 0.9164689224769048
1.712188283485123 2
	a 151 156 0.9460638989100543
	a 156 151 0.9460638989100543
2.471011450223571 2
	a 151 166 0.9240595959075733
	a 166 151 0.9240595959075733
4.626051147918004 2
	a 152 154 0.8673094528572389
	a 154 152 0.8673094528572389
3.940618217808872 2
	a 152 177 0.8844832470421911
	a 177 152 0.8844832470421911
5.233839398934568 2
	a 152 189 0.8527238555246901
	a 189 152 0.8527238555246901
2.220536853407193 2
	a 153 171 0.9312001244444492
	a 171 153 0.9312001244444492
5.600381519765702 2
	a 153 167 0.8442091030608725
	a 167 153 0.8442091030608725
8.69146664300353 2
	a 153 165 0.7801084890136152
	a 165 153 0.7801084890136152
0.6780787635912512 2
	a 154 158 0.9779006413097311
	a 158 154 0.9779006413097311
2.671894268447994 2
	a 154 175 0.9184183686269025
	a 175 154 0.9184183686269025
1.971099274087649 2
	a 155 170 0.9384305770620389
	a 170 155 0.9384305770620389
1.441427748955187 2
	a 156 166 0.9541887748069333
	a 166 156 0.9541887748069333
2.238825844641446 2
	a 156 162 0.9306746971409747
	a 162 156 0.9306746971409747
6.166324888366488 2
	a 157 168 0.8314641876376323
	a 168 157 0.8314641876376323
0.6780787635912512 2
	a 157 160 0.9779006413097311
	a 160 157 0.9779006413097311
1.684457447794592 2
	a 157 163 0.9468893099654538
	a 163 157 0.9468893099654538
2.453202868752269 2
	a 158 179 0.9245633548803185
	a 179 158 0.9245633548803185
2.056234535583756 2
	a 158 175 0.9359492319335549
	a 175 158 0.9359492319335549
7.473732259277352 2
	a 159 193 0.8037968681344584
	a 193 159 0.8037968681344584
2.453202868752269 2
	a 159 180 0.9245633548803185
	a 180 159 0.9245633548803185
9.273457618006052 2
	a 159 206 0.7694485843607385
	a 206 159 0.7694485843607385
0.4068472581547501 2
	a 160 163 0.986620689469499
	a 163 160 0.986620689469499
0.4518359985116184 2
	a 161 164 0.9851633791903387
	a 164 161 0.9851633791903387
2.405925508596202 2
	a 161 179 0.9259036148784782
	a 179 161 0.9259036148784782
1.648983906454645 2
	a 162 178 0.947947410385374
	a 178 162 0.947947410385374
6.940207682666013 2
	a 163 168 0.814796873957462
	a 168 163 0.814796873957462
6.94071997569243 2
	a 163 182 0.8147861229248345
	a 182 163 0.8147861229248345
10.33863416631257 2
	a 163 207 0.7509781342180658
	a 207 163 0.7509781342180658
3.886559681251736 2
	a 163 190 0.8858713870113128
	a 190 163 0.8858713870113128
1.33303178204545 2
	a 164 179 0.9574828112412985
	a 179 164 0.9574828112412985
2.441083548928503 2
	a 165 167 0.92490652143204
	a 167 165 0.92490652143204
0.1917896373478611 2
	a 165 168 0.9936477087493498
	a 168 165 0.9936477087493498
1.248857222541599 2
	a 166 178 0.9600572555169801
	a 178 166 0.9600572555169801
1.248857222541599 2
	a 167 179 0.9600572555169801
	a 179 167 0.9600572555169801
0.754358709720538 2
	a 167 171 0.9754765278968778
	a 171 167 0.9754765278968778
2.490522949660704 2
	a 167 168 0.9235083519340568
	a 168 167 0.9235083519340568
2.580650896052082 2
	a 168 179 0.9209713189499389
	a 179 168 0.9209713189499389
2.534223286120449 2
	a 168 184 0.922276316985337
	a 184 168 0.922276316985337
1.691560503664214 2
	a 168 182 0.9466777414131009
	a 182 168 0.9466777414131009
0.3981115513613038 2
	a 169 170 0.986904170385881
	a 170 169 0.986904170385881
1.058859358600752 2
	a 169 179 0.9659216442099845
	a 179 169 0.9659216442099845
0.8165461403855827 2
	a 170 179 0.9735093642355243
	a 179 170 0.9735093642355243
0.6780787635912512 2
	a 171 179 0.9779006413097311
	a 179 171 0.9779006413097311
0.4068472581547501 2
	a 172 179 0.986620689469499
	a 179 172 0.986620689469499
2.087886402409477 2
	a 172 175 0.935030294675057
	a 175 172 0.935030294675057
2.255077037411157 2
	a 172 176 0.9302083513075068
	a 176 172 0.9302083513075068
0.4068472581547501 2
	a 172 174 0.986620689469499
	a 174 172 0.986620689469499
0.726203378641899 2
	a 172 173 0.9763698459609977
	a 173 172 0.9763698459609977
0.1917896373478611 2
	a 173 174 0.9936477087493498
	a 174 173 0.9936477087493498
4.051255705166889 2
	a 173 196 0.8816577958533152
	a 196 173 0.8816577958533152
0.1917896373478611 2
	a 174 179 0.9936477087493498
	a 179 174 0.9936477087493498
0.1516230224745966 2
	a 175 179 0.9949713573345427
	a 179 175 0.9949713573345427
0.4869302587554158 2
	a 175 177 0.9840296093419747
	a 177 175 0.9840296093419747
0.3403795954308141 2
	a 175 176 0.9887817766713458
	a 176 175 0.9887817766713458
2.186363392480677 2
	a 176 188 0.9321836177049587
	a 188 176 0.9321836177049587
2.1739616031261 2
	a 177 188 0.9325410888065907
	a 188 177 0.9325410888065907
2.637735182791266 2
	a 178 193 0.9193723069963453
	a 193 178 0.9193723069963453
6.202287066825055 2
	a 178 181 0.8306704612043123
	a 181 178 0.8306704612043123
1.154824871506312 2
	a 179 184 0.9629503318246462
	a 184 179 0.9629503318246462
4.535916506628968 2
	a 180 193 0.8695232512451049
	a 193 180 0.8695232512451049
4.030299079748263 2
	a 180 201 0.8821913858057335
	a 201 180 0.8821913858057335
2.075718568310439 2
	a 180 191 0.9353833296082922
	a 191 180 0.9353833296082922
6.729300044028579 2
	a 180 206 0.8192543420128735
	a 206 180 0.8192543420128735
2.075429932783403 2
	a 181 193 0.9353917074953507
	a 193 181 0.9353917074953507
5.44544531856222 2
	a 181 186 0.8477828916511314
	a 186 181 0.8477828916511314
0.5575248444503217 2
	a 182 184 0.9817569700886031
	a 184 182 0.9817569700886031
5.445125993190346 2
	a 182 207 0.8477902954566857
	a 207 182 0.8477902954566857
10.32070179026166 2
	a 183 221 0.7512783559241507
	a 221 183 0.7512783559241507
2.721322874166278 2
	a 183 200 0.9170418487498923
	a 200 183 0.9170418487498923
5.970758406551722 2
	a 184 196 0.8358140344975057
	a 196 184 0.8358140344975057
3.948391726316256 2
	a 184 207 0.8842840464101209
	a 207 184 0.8842840464101209
2.089631786188012 2
	a 185 199 0.9349796779653338
	a 199 185 0.9349796779653338
1.398041539263464 2
	a 185 194 0.9555043784865291
	a 194 185 0.9555043784865291
2.486272693203688 2
	a 186 201 0.9236283702106962
	a 201 186 0.9236283702106962
1.915098028311248 2
	a 186 204 0.9400704802781352
	a 204 186 0.9400704802781352
12.30265390030212 2
	a 186 239 0.7201768686428116
	a 239 186 0.7201768686428116
11.83694684685045 2
	a 186 248 0.7271199537736911
	a 248 186 0.7271199537736911
0.1917896373478611 2
	a 187 189 0.9936477087493498
	a 189 187 0.9936477087493498
4.932269903728353 2
	a 187 192 0.8598870041575813
	a 192 187 0.8598870041575813
3.848655946307802 2
	a 187 202 0.8868476844541817
	a 202 187 0.8868476844541817
0.1516230224745966 2
	a 188 189 0.9949713573345427
	a 189 188 0.9949713573345427
0.9589481822187813 2
	a 189 196 0.9690353879296758
	a 196 189 0.9690353879296758
3.918749413714313 2
	a 189 202 0.8850442017769509
	a 202 189 0.8850442017769509
7.84860301813805 2
	a 189 217 0.7962986496553739
	a 217 189 0.7962986496553739
9.486619032235279 2
	a 190 207 0.7656465935147343
	a 207 190 0.7656465935147343
6.272111653399175 2
	a 190 215 0.8291347763795535
	a 215 190 0.8291347763795535
6.230907419799238 2
	a 190 208 0.8300401357122889
	a 208 190 0.8300401357122889
1.511850541135075 2
	a 191 204 0.9520614230695246
	a 204 191 0.9520614230695246
2.493265276481146 2
	a 191 206 0.9234309324571102
	a 206 191 0.9234309324571102
0.9589481822187813 2
	a 192 202 0.9690353879296758
	a 202 192 0.9690353879296758
0.754358709720538 2
	a 193 201 0.9754765278968778
	a 201 193 0.9754765278968778
0.4518359985116184 2
	a 194 199 0.9851633791903387
	a 199 194 0.9851633791903387
0.4498654971040983 2
	a 195 199 0.9852271177182471
	a 199 195 0.9852271177182471
0.1917896373478611 2
	a 196 198 0.9936477087493498
	a 198 196 0.9936477087493498
3.728711945453148 2
	a 197 211 0.8899534223262386
	a 211 197 0.8899534223262386
0.2701555345749592 2
	a 197 199 0.9910754242055927
	a 199 197 0.9910754242055927
3.38188028592996 2
	a 198 207 0.8990750173769171
	a 207 198 0.8990750173769171
7.035684689548181 2
	a 198 217 0.8127995132151247
	a 217 198 0.8127995132151247
10.12720556880212 2
	a 199 232 0.7545407804050928
	a 232 199 0.7545407804050928
0.4068472581547501 2
	a 199 203 0.986620689469499
	a 203 199 0.986620689469499
0.3897640175368631 2
	a 200 203 0.9871752090644744
	a 203 200 0.9871752090644744
0.2701555345749592 2
	a 201 204 0.9910754242055927
	a 204 201 0.9910754242055927
7.258790354871732 2
	a 202 219 0.8081814526335944
	a 219 202 0.8081814526335944
9.708573459954531 2
	a 203 237 0.7617447697658259
	a 237 203 0.7617447697658259
10.36429826765745 2
	a 203 229 0.7505490928033444
	a 229 203 0.7505490928033444
9.011646136451212 2
	a 203 242 0.7741928495597148
	a 242 203 0.7741928495597148
3.003326203225438 2
	a 204 206 0.9092746111071168
	a 206 204 0.9092746111071168
3.77962863570286 2
	a 204 213 0.888631990518437
	a 213 204 0.888631990518437
2.832438850064086 2
	a 205 209 0.9139639288928365
	a 209 205 0.9139639288928365
1.695752562881215 2
	a 205 210 0.9465529255522346
	a 210 205 0.9465529255522346
11.68338031050312 2
	a 205 240 0.7294570985771812
	a 240 205 0.7294570985771812
0.9056588220468618 2
	a 206 212 0.9707046576993192
	a 212 206 0.9707046576993192
5.282358054595788 2
	a 206 213 0.851584786235522
	a 213 206 0.851584786235522
3.456269314495948 2
	a 207 215 0.8971007965775442
	a 215 207 0.8971007965775442
3.072626341081172 2
	a 208 215 0.9073881198015108
	a 215 208 0.9073881198015108
0.2701555345749592 2
	a 209 212 0.9910754242055927
	a 212 209 0.9910754242055927
0.1356157527182506 2
	a 209 210 0.9954998486103701
	a 210 209 0.9954998486103701
6.1458528315939 2
	a 210 230 0.831916880063358
	a 230 210 0.831916880063358
8.067085800121365 2
	a 210 235 0.7920141845790925
	a 235 210 0.7920141845790925
12.20900240802624 2
	a 210 240 0.7215558283721917
	a 240 210 0.7215558283721917
6.802239814853141 2
	a 211 243 0.8177056877778373
	a 243 211 0.8177056877778373
7.391697395394113 2
	a 211 220 0.8054628820043459
	a 220 211 0.8054628820043459
5.964094130929497 2
	a 212 230 0.8359632647976929
	a 230 212 0.8359632647976929
4.580223940567329 2
	a 213 233 0.8684333532541201
	a 233 213 0.8684333532541201
4.723673966691232 2
	a 214 216 0.8649266960389084
	a 216 214 0.8649266960389084
3.688031523177559 2
	a 214 226 0.8910124223553
	a 226 214 0.8910124223553
1.515225646537176 2
	a 215 217 0.9519597175154471
	a 217 215 0.9519597175154471
0.6817209823004298 2
	a 216 218 0.9777846141530501
	a 218 216 0.9777846141530501
1.438775190721994 2
	a 217 219 0.9542690993871807
	a 219 217 0.9542690993871807
0.247517838888265 2
	a 217 218 0.9918171047969631
	a 218 217 0.9918171047969631
2.664275199159803 2
	a 218 219 0.9186309531816816
	a 219 218 0.9186309531816816
1.384244467237045 2
	a 218 224 0.9559235463478374
	a 224 218 0.9559235463478374
8.225725735339454 2
	a 218 248 0.788942117542591
	a 248 218 0.788942117542591
6.210619090727911 2
	a 218 231 0.8304868352624435
	a 231 218 0.8304868352624435
2.139609183652297 2
	a 219 239 0.9335328128386257
	a 239 219 0.9335328128386257
0.9763801406626829 2
	a 219 224 0.9684906241748837
	a 224 219 0.9684906241748837
2.762626722057115 2
	a 220 245 0.9158950661532981
	a 245 220 0.9158950661532981
0.6773268194476793 2
	a 220 227 0.9779245988827807
	a 227 220 0.9779245988827807
0.5575248444503217 2
	a 221 225 0.9817569700886031
	a 225 221 0.9817569700886031
1.723455050358901 2
	a 221 222 0.9457289781776058
	a 222 221 0.9457289781776058
0.7241308354215087 2
	a 222 237 0.9764356703146633
	a 237 222 0.9764356703146633
1.342527456914504 2
	a 222 225 0.9571932956869043
	a 225 222 0.9571932956869043
0.9397593081368385 2
	a 223 243 0.9696357892819247
	a 243 223 0.9696357892819247
0.6308226318210105 2
	a 223 228 0.9794085977807605
	a 228 223 0.9794085977807605
0.8959708259583526 2
	a 223 227 0.9710087682216417
	a 227 223 0.9710087682216417
1.843510156679232 2
	a 224 239 0.9421757472716881
	a 239 224 0.9421757472716881
1.813689595252441 2
	a 224 248 0.9430556835905727
	a 248 224 0.9430556835905727
0.487629339878578 2
	a 225 237 0.9840070514701087
	a 237 225 0.9840070514701087
1.296176524129456 2
	a 225 226 0.9586082364029709
	a 226 225 0.9586082364029709
0.4217785570495555 2
	a 226 237 0.9861365385453571
	a 237 226 0.9861365385453571
1.066476994882488 2
	a 227 245 0.9656850895065663
	a 245 227 0.9656850895065663
0.7884591958105146 2
	a 228 243 0.9743968235948948
	a 243 228 0.9743968235948948
2.88852404199142 2
	a 229 244 0.9124190025155861
	a 244 229 0.9124190025155861
2.37241948059669 2
	a 229 237 0.9268560341049876
	a 237 229 0.9268560341049876
0.487629339878578 2
	a 229 238 0.9840070514701087
	a 238 229 0.9840070514701087
2.488412375262726 2
	a 230 233 0.9235679458521999
	a 233 230 0.9235679458521999
0.2701555345749592 2
	a 230 235 0.9910754242055927
	a 235 230 0.9910754242055927
1.662169450887858 2
	a 231 248 0.9475538213680086
	a 248 231 0.9475538213680086
1.884954326189405 2
	a 231 244 0.9409557263647055
	a 244 231 0.9409557263647055
0.4217785570495555 2
	a 231 237 0.9861365385453571
	a 237 231 0.9861365385453571
1.355312686248317 2
	a 232 242 0.9568037736390943
	a 242 232 0.9568037736390943
0.6981164340668319 2
	a 232 243 0.9772626664842042
	a 243 232 0.9772626664842042
1.519567647050907 2
	a 233 248 0.951828909160316
	a 248 233 0.951828909160316
1.834428561908478 2
	a 234 248 0.9424435390596697
	a 248 234 0.9424435390596697
2.756251660589134 2
	a 234 240 0.9160718608272644
	a 240 234 0.9160718608272644
0.4362744118444816 2
	a 234 241 0.9856669678313139
	a 241 234 0.9856669678313139
1.881164616308095 2
	a 234 246 0.9410671467240357
	a 246 234 0.9410671467240357
1.456176147404825 2
	a 235 248 0.9537424238068248
	a 248 235 0.9537424238068248
0.6780787635912512 2
	a 236 244 0.9779006413097311
	a 244 236 0.9779006413097311
0.9337457621014058 2
	a 236 237 0.9698241054569177
	a 237 236 0.9698241054569177
0.6431023986418173 2
	a 237 244 0.9790162899980978
	a 244 237 0.9790162899980978
0.2701555345749592 2
	a 238 242 0.9910754242055927
	a 242 238 0.9910754242055927
1.238923205916084 2
	a 239 248 0.960362037524491
