from,to,probability
0,32,0.9750654443044591
0,30,0.9150619573547046
1,34,0.9738083407717619
2,37,0.973241378938998
3,60,0.6773358544686952
3,304,0.5508944688718826
3,202,0.8137344699798496
3,171,0.7892874410436559
4,120,0.8421644681725391
4,124,0.8968570558840833
4,54,0.7786714890472266
5,97,0.9182141025520183
5,24,0.6588226350274278
5,78,0.9014965856039029
6,63,0.9568060828351197
7,249,0.731013839620487
7,235,0.6753188552204151
7,96,0.5246527054690736
7,19,0.9355153839991557
7,105,0.913556091857009
7,46,0.8968453867046987
8,68,0.9355153839991557
8,83,0.9398663543806614
9,59,0.9644819118512427
9,28,0.9076319992126715
10,121,0.8526504719938727
10,134,0.880309421011366
10,16,0.9205396406312979
10,170,0.8472567404213924
11,154,0.6490190553136626
11,169,0.848031857021032
11,18,0.8654450886049539
11,228,0.5531157575499254
11,296,0.5821675367725032
12,108,0.9151301083484215
12,71,0.8498130428640799
13,44,0.9738083407717619
13,80,0.9385831064759711
14,120,0.9045681949251086
14,89,0.916845260592923
14,127,0.7507323384436878
15,49,0.9726999188860621
16,10,0.9205396406312979
16,85,0.9369812483497675
16,170,0.8284450804300572
17,112,0.9119948158727124
17,83,0.8894981001052298
17,87,0.8835803223217685
18,293,0.7026005395495262
18,11,0.8654450886049539
18,169,0.8416925287736065
18,292,0.7439771617638281
19,114,0.7055732988609809
19,7,0.9355153839991557
19,105,0.9200400887774002
20,86,0.9390851178168478
21,111,0.9151301083484215
22,112,0.8557002973105448
22,68,0.964229405292507
22,83,0.8254128721488143
23,87,0.9398663543806614
23,64,0.9381981204125796
23,70,0.9338241719892809
24,97,0.8501981937793179
24,47,0.8316157786497426
24,157,0.8721632060948366
24,5,0.6588226350274278
24,52,0.753850102906185
25,58,0.9742633661702257
26,151,0.8769595567106208
27,83,0.9471987816790822
27,87,0.7856966924265693
27,64,0.8715446207513536
27,51,0.9821508484111854
28,9,0.9076319992126715
28,59,0.7674884994077724
28,53,0.9539728837131289
28,138,0.8966011180213128
29,170,0.8468618649142202
29,116,0.9183469452717982
29,43,0.8666796947627151
29,81,0.8556370901807866
29,247,0.7738320946636521
29,213,0.7232864863469196
29,90,0.7424621522091687
30,0,0.9150619573547046
30,32,0.884351494543376
30,62,0.973241378938998
31,182,0.8011869476044715
31,286,0.7545938662310289
31,117,0.8321873914302284
31,142,0.7890638056741321
31,45,0.9872954174986995
31,173,0.7256764235761324
32,0,0.9750654443044591
32,166,0.8645156191802411
32,30,0.884351494543376
32,69,0.7798358500536573
33,97,0.9381081363295531
33,78,0.9168865930767257
34,1,0.9738083407717619
34,112,0.9257045891060022
34,86,0.8412104695848176
35,201,0.8350441895509233
36,112,0.9261191283460204
36,61,0.9218530484106888
36,68,0.8937998387472451
36,57,0.8620847213309052
37,143,0.8974790738113542
37,96,0.9067124887106888
37,2,0.973241378938998
38,42,0.7006233722820953
38,113,0.8273410033424645
38,158,0.8836185443644372
38,246,0.7310802981325579
39,89,0.9530151793505801
39,88,0.7999203198265554
39,110,0.661207560863334
39,77,0.5186432560506419
40,115,0.8573040652033983
40,179,0.8586888004177173
40,176,0.7395530475769306
41,112,0.9314733060428629
42,43,0.9680141029402175
42,81,0.9680141029402175
42,38,0.7006233722820953
42,113,0.8756330858871659
43,56,0.906935442825665
43,116,0.9151474968755783
43,42,0.9680141029402175
43,81,0.9680141029402175
43,29,0.8666796947627151
44,13,0.9738083407717619
44,150,0.8923832136614579
44,191,0.8304184392719646
44,145,0.7857365856418127
45,31,0.9872954174986995
45,173,0.7881266979383077
45,218,0.8271893147303948
46,7,0.8968453867046987
46,105,0.9414093153986384
47,174,0.8254210599045096
47,65,0.9872954174986995
47,157,0.7970423655885297
47,24,0.8316157786497426
48,68,0.9872954174986995
48,57,0.9821508484111854
48,55,0.9635139401772062
49,68,0.9872954174986995
49,55,0.8604167026150135
49,15,0.9726999188860621
49,83,0.5677413358259704
49,94,0.6449938690098475
50,97,0.8955897478075493
50,74,0.9821508484111854
51,83,0.9704542354364942
51,27,0.9821508484111854
51,64,0.834584732969052
52,174,0.7840633012749046
52,24,0.753850102906185
52,98,0.841385437676074
52,143,0.9081468776850504
53,28,0.9539728837131289
53,138,0.9134006584163864
54,4,0.7786714890472266
54,151,0.800842342186223
54,217,0.7533061926482165
54,101,0.9487936471897895
54,163,0.7502647988225609
55,68,0.9899427146690853
55,48,0.9635139401772062
55,49,0.8604167026150135
56,116,0.9363159165340301
56,43,0.906935442825665
57,36,0.8620847213309052
57,68,0.9909996972207402
57,48,0.9821508484111854
58,25,0.9742633661702257
58,120,0.9343564981269838
59,112,0.9414093153986384
59,9,0.9644819118512427
59,95,0.9276360025292943
59,28,0.7674884994077724
59,82,0.8644876699360091
60,93,0.5638544358148283
60,287,0.7530981099687318
60,269,0.7914595888610684
60,304,0.7292719812781802
60,3,0.6773358544686952
61,112,0.8894981001052298
61,103,0.9545253329684085
61,36,0.9218530484106888
62,30,0.973241378938998
62,69,0.9371623956883558
62,197,0.8560147310618537
63,6,0.9568060828351197
63,103,0.9558012826194622
64,87,0.973241378938998
64,27,0.8715446207513536
64,51,0.834584732969052
64,23,0.9381981204125796
65,174,0.8772826430872586
65,97,0.9568060828351197
65,47,0.9872954174986995
66,94,0.8314731284442756
66,97,0.9625520007466786
67,87,0.8513787852942263
67,128,0.9041228461390493
67,141,0.8357163265035165
67,70,0.831612612790249
67,198,0.8570824420858736
68,112,0.9381981204125796
68,36,0.8937998387472451
68,57,0.9909996972207402
68,48,0.9872954174986995
68,49,0.9872954174986995
68,55,0.9899427146690853
68,22,0.964229405292507
68,83,0.9820803998915989
68,8,0.9355153839991557
69,166,0.7843680538707227
69,32,0.7798358500536573
69,62,0.9371623956883558
69,156,0.903919435030894
70,87,0.7904740699318128
70,67,0.831612612790249
70,23,0.9338241719892809
70,174,0.8789820355089528
71,12,0.8498130428640799
71,108,0.9558012826194622
71,243,0.7843141238386152
72,261,0.7589516876668645
72,92,0.973241378938998
72,93,0.8679676589696314
73,97,0.9680141029402175
73,74,0.9909996972207402
74,97,0.968511557725705
74,50,0.9821508484111854
74,73,0.9909996972207402
75,100,0.7778069340064693
75,155,0.7532004168345936
75,313,0.7464641652484063
76,398,0.3786065889740552
76,122,0.9501419324278259
76,152,0.7661150560380515
76,420,0.5666316391587658
77,39,0.5186432560506419
77,110,0.6276441790637327
77,209,0.8285774273060031
77,115,0.5460300704319542
77,268,0.8030111732660257
78,97,0.9747522414139314
78,33,0.9168865930767257
78,5,0.9014965856039029
79,112,0.9623684211445606
80,159,0.8573032805513708
80,13,0.9385831064759711
80,196,0.8705014179878764
81,43,0.9680141029402175
81,42,0.9680141029402175
81,29,0.8556370901807866
81,113,0.9625520007466786
81,109,0.9055889952701717
81,90,0.7192816994572125
82,112,0.9640719144033315
82,59,0.8644876699360091
82,138,0.7959369736409363
83,68,0.9820803998915989
83,49,0.5677413358259704
83,22,0.8254128721488143
83,17,0.8894981001052298
83,87,0.9820803998915989
83,27,0.9471987816790822
83,8,0.9398663543806614
83,51,0.9704542354364942
83,106,0.973241378938998
83,168,0.896870871303304
83,149,0.8925385452761545
83,94,0.9312032714356731
84,243,0.7846850084409343
84,274,0.7283952237531169
84,435,0.6339395511038624
85,153,0.9281569717878362
85,16,0.9369812483497675
85,231,0.8259799380732321
85,119,0.9076319992126715
85,125,0.8955897478075493
86,34,0.8412104695848176
86,112,0.9722730770907142
86,20,0.9390851178168478
87,112,0.973241378938998
87,17,0.8835803223217685
87,83,0.9820803998915989
87,27,0.7856966924265693
87,128,0.9380707758593515
87,64,0.973241378938998
87,67,0.8513787852942263
87,23,0.9398663543806614
87,70,0.7904740699318128
88,127,0.6636178349252422
88,39,0.7999203198265554
88,107,0.9801847561502938
88,110,0.9590792311168281
89,14,0.916845260592923
89,127,0.9623684211445606
89,39,0.9530151793505801
90,81,0.7192816994572125
90,29,0.7424621522091687
90,109,0.9318432884199691
90,213,0.8696091563517176
90,136,0.9487936471897895
91,205,0.8810088321396153
92,261,0.8346348329690547
92,72,0.973241378938998
93,261,0.83563606458377
93,130,0.8860330970781489
93,72,0.8679676589696314
93,269,0.7712401002602693
93,60,0.5638544358148283
94,49,0.6449938690098475
94,83,0.9312032714356731
94,106,0.9113150658887325
94,133,0.91071175634463
94,66,0.8314731284442756
94,140,0.9523643397110048
95,112,0.9821508484111854
95,59,0.9276360025292943
96,143,0.9538427926153631
96,192,0.4059861354198026
96,235,0.4070178426681224
96,37,0.9067124887106888
96,7,0.5246527054690736
97,174,0.9119948158727124
97,66,0.9625520007466786
97,74,0.968511557725705
97,50,0.8955897478075493
97,73,0.9680141029402175
97,65,0.9568060828351197
97,24,0.8501981937793179
97,33,0.9381081363295531
97,78,0.9747522414139314
97,5,0.9182141025520183
98,174,0.8463082564443137
98,157,0.9380707758593515
98,52,0.841385437676074
99,112,0.9872954174986995
100,153,0.8421644681725391
100,75,0.7778069340064693
100,178,0.8305870212354
100,313,0.7144266989409515
100,360,0.7234381058248873
101,151,0.8977154683324304
101,54,0.9487936471897895
101,217,0.8769595567106208
102,112,0.9899427146690853
103,112,0.9909996972207402
103,63,0.9558012826194622
103,61,0.9545253329684085
104,158,0.9301979007459914
104,146,0.9550161751648277
104,263,0.8170837393139975
105,19,0.9200400887774002
105,7,0.913556091857009
105,180,0.9127900147357522
105,46,0.9414093153986384
106,83,0.973241378938998
106,133,0.9738083407717619
106,94,0.9113150658887325
107,88,0.9801847561502938
107,225,0.8729234626690084
107,110,0.9446132398187344
108,12,0.9151301083484215
108,357,0.711395368714101
108,372,0.7089221178902482
108,71,0.9558012826194622
108,243,0.7000917797444834
108,297,0.6915366651746064
109,81,0.9055889952701717
109,113,0.8623329389412927
109,90,0.9318432884199691
109,136,0.9680141029402175
109,148,0.8143446183865753
110,39,0.661207560863334
110,88,0.9590792311168281
110,107,0.9446132398187344
110,139,0.9644819118512427
110,77,0.6276441790637327
110,182,0.785642729524207
110,286,0.7567750168521147
111,315,0.7413680956672049
111,21,0.9151301083484215
111,330,0.7658182497243829
112,79,0.9623684211445606
112,34,0.9257045891060022
112,41,0.9314733060428629
112,99,0.9872954174986995
112,86,0.9722730770907142
112,103,0.9909996972207402
112,61,0.8894981001052298
112,95,0.9821508484111854
112,36,0.9261191283460204
112,68,0.9381981204125796
112,59,0.9414093153986384
112,82,0.9640719144033315
112,138,0.9738083407717619
112,22,0.8557002973105448
112,102,0.9899427146690853
112,17,0.9119948158727124
112,87,0.973241378938998
113,42,0.8756330858871659
113,81,0.9625520007466786
113,38,0.8273410033424645
113,158,0.9528713406293264
113,109,0.8623329389412927
114,249,0.7443387957308902
114,260,0.8538694190129897
114,207,0.7162503823530399
114,19,0.7055732988609809
114,180,0.9137040921746717
115,77,0.5460300704319542
115,40,0.8573040652033983
115,179,0.9244204137251427
115,268,0.6314242446875632
116,170,0.9355153839991557
116,56,0.9363159165340301
116,43,0.9151474968755783
116,29,0.9183469452717982
117,139,0.8816634702981748
117,209,0.8975494941718628
117,182,0.8487236080441856
117,31,0.8321873914302284
118,168,0.9392715785638494
118,133,0.9644819118512427
119,85,0.9076319992126715
119,170,0.937672533266641
119,125,0.9558491977655615
120,58,0.9343564981269838
120,14,0.9045681949251086
120,4,0.8421644681725391
120,124,0.9680141029402175
120,144,0.9653197742132931
120,163,0.9471987816790822
120,127,0.8341629281873728
121,10,0.8526504719938727
121,134,0.9821508484111854
122,76,0.9501419324278259
122,123,0.9568060828351197
122,152,0.9623684211445606
123,122,0.9568060828351197
123,152,0.9623684211445606
124,4,0.8968570558840833
124,120,0.9680141029402175
124,144,0.9738083407717619
125,85,0.8955897478075493
125,119,0.9558491977655615
125,345,0.7576555093250316
126,138,0.9821508484111854
127,14,0.7507323384436878
127,120,0.8341629281873728
127,89,0.9623684211445606
127,163,0.9530151793505801
127,88,0.6636178349252422
128,87,0.9380707758593515
128,141,0.9821508484111854
128,67,0.9041228461390493
129,189,0.4508793928425106
129,337,0.6915317665793949
129,278,0.783172346514672
129,183,0.9298804969197713
130,369,0.728159995167359
130,261,0.7901541264455098
130,93,0.8860330970781489
130,318,0.7273151337446615
130,287,0.7753069756597573
131,245,0.8805701633829723
131,185,0.7286252905581959
131,240,0.8046389685865369
131,281,0.5769821643982475
132,151,0.8494935234738548
132,150,0.8094629841796854
132,191,0.9271479306594969
133,106,0.9738083407717619
133,118,0.9644819118512427
133,168,0.8638136103093718
133,94,0.91071175634463
133,174,0.9433551118597786
133,140,0.9091856712558638
133,162,0.9066741325234148
134,121,0.9821508484111854
134,10,0.880309421011366
134,170,0.9558491977655615
135,347,0.5275932691229297
135,314,0.520545761252097
135,222,0.7880943657268585
135,166,0.7539521931428093
135,194,0.9300086433468401
136,109,0.9680141029402175
136,90,0.9487936471897895
136,165,0.9623684211445606
136,263,0.8109019895639256
137,159,0.973241378938998
138,112,0.9738083407717619
138,28,0.8966011180213128
138,53,0.9134006584163864
138,82,0.7959369736409363
138,126,0.9821508484111854
138,159,0.973241378938998
139,110,0.9644819118512427
139,209,0.9201145110339601
139,182,0.8994855322196585
139,117,0.8816634702981748
140,133,0.9091856712558638
140,94,0.9523643397110048
140,174,0.9545253329684085
140,162,0.8959827247084693
141,159,0.9738083407717619
141,128,0.9821508484111854
141,67,0.8357163265035165
141,198,0.8172065871995338
141,210,0.9053338104244587
141,215,0.9152682940533224
142,209,0.9048805872635716
142,268,0.8651927404124939
142,31,0.7890638056741321
142,283,0.8313371226655374
143,174,0.9558491977655615
143,52,0.9081468776850504
143,96,0.9538427926153631
143,37,0.8974790738113542
144,120,0.9653197742132931
144,124,0.9738083407717619
144,163,0.973241378938998
145,44,0.7857365856418127
145,191,0.8192571186291973
145,217,0.8317526872864586
145,172,0.9635139401772062
145,196,0.9205396406312979
146,158,0.8978722430327766
146,148,0.8933554828262017
146,165,0.9729287619604706
146,104,0.9550161751648277
147,166,0.8187948426770481
147,156,0.8730929737215269
147,224,0.9148743380689991
148,158,0.9909996972207402
148,109,0.8143446183865753
148,165,0.8933554828262017
148,146,0.8933554828262017
149,83,0.8925385452761545
149,168,0.973241378938998
149,174,0.8985296707828764
150,132,0.8094629841796854
150,44,0.8923832136614579
150,191,0.9530151793505801
151,26,0.8769595567106208
151,132,0.8494935234738548
151,54,0.800842342186223
151,217,0.9276130660231213
151,101,0.8977154683324304
152,122,0.9623684211445606
152,76,0.7661150560380515
152,123,0.9623684211445606
152,420,0.5214187745850403
152,205,0.9414093153986384
153,100,0.8421644681725391
153,85,0.9281569717878362
153,178,0.9545253329684085
153,231,0.913556091857009
153,282,0.8659940730125437
154,273,0.8730929737215269
154,184,0.8376041488917751
154,11,0.6490190553136626
154,169,0.7794306107199067
155,75,0.7532004168345936
155,372,0.6230501906554727
155,477,0.6472828630841176
156,147,0.8730929737215269
156,69,0.903919435030894
156,224,0.9014965856039029
156,197,0.9487936471897895
157,174,0.9722730770907142
157,47,0.7970423655885297
157,24,0.8721632060948366
157,98,0.9380707758593515
158,38,0.8836185443644372
158,113,0.9528713406293264
158,148,0.9909996972207402
158,146,0.8978722430327766
158,104,0.9301979007459914
158,277,0.8730929737215269
158,263,0.7621273457778842
159,138,0.973241378938998
159,137,0.973241378938998
159,141,0.9738083407717619
159,80,0.8573032805513708
159,215,0.9364430231446151
160,219,0.9352587802266992
160,184,0.7448604067782966
161,217,0.8405957963283339
161,163,0.9369812483497675
161,257,0.9051393468000783
161,200,0.9202057633827514
162,133,0.9066741325234148
162,174,0.9821508484111854
162,140,0.8959827247084693
163,120,0.9471987816790822
163,54,0.7502647988225609
163,144,0.973241378938998
163,217,0.7620668658068188
163,127,0.9530151793505801
163,161,0.9369812483497675
163,200,0.7749099600468727
163,225,0.9339123573120692
164,249,0.9200400887774002
164,221,0.9355153839991557
165,136,0.9623684211445606
165,148,0.8933554828262017
165,146,0.9729287619604706
165,263,0.9036433711250559
166,135,0.7539521931428093
166,32,0.8645156191802411
166,194,0.9680141029402175
166,147,0.8187948426770481
166,69,0.7843680538707227
167,174,0.913556091857009
167,249,0.8435472921169086
167,212,0.8843351807445335
167,221,0.9433551118597786
168,83,0.896870871303304
168,118,0.9392715785638494
168,149,0.973241378938998
168,133,0.8638136103093718
168,174,0.9909996972207402
169,154,0.7794306107199067
169,214,0.8211390720539455
169,293,0.8729851698473812
169,11,0.848031857021032
169,18,0.8416925287736065
170,10,0.8472567404213924
170,134,0.9558491977655615
170,16,0.8284450804300572
170,116,0.9355153839991557
170,119,0.937672533266641
170,29,0.8468618649142202
170,247,0.9271479306594969
170,298,0.8378756075765779
171,318,0.6900357801922778
171,202,0.6004961472336809
171,3,0.7892874410436559
171,245,0.7832739769738057
171,193,0.973241378938998
171,185,0.851197759339207
172,145,0.9635139401772062
172,196,0.9722730770907142
173,325,0.712670214465844
173,286,0.6574959712546968
173,348,0.6027028965751794
173,31,0.7256764235761324
173,376,0.7022301447539621
173,45,0.7881266979383077
173,218,0.7594349097453498
173,387,0.7508591490340899
174,70,0.8789820355089528
174,168,0.9909996972207402
174,149,0.8985296707828764
174,133,0.9433551118597786
174,140,0.9545253329684085
174,97,0.9119948158727124
174,249,0.8435472921169086
174,188,0.9020909832238383
174,162,0.9821508484111854
174,167,0.913556091857009
174,65,0.8772826430872586
174,47,0.8254210599045096
174,221,0.9537068139690613
174,157,0.9722730770907142
174,98,0.8463082564443137
174,52,0.7840633012749046
174,143,0.9558491977655615
175,318,0.6321322870526328
175,432,0.6803189774666074
175,270,0.5927477382060817
175,402,0.7369269700913117
175,259,0.5893521046370659
175,248,0.7168635309176747
175,262,0.6947253932608768
176,40,0.7395530475769306
176,179,0.7567865275331331
176,246,0.9117908960763035
176,323,0.8338975914869716
177,257,0.8057688943132582
177,200,0.8354139166212837
177,338,0.8209500058209867
177,223,0.9218530484106888
178,153,0.9545253329684085
178,100,0.8305870212354
178,360,0.7941629802075345
178,282,0.8235873902667492
179,40,0.8586888004177173
179,115,0.9244204137251427
179,176,0.7567865275331331
179,323,0.8357342869738311
180,293,0.8854030699924088
180,207,0.7135939786915653
180,114,0.9137040921746717
180,105,0.9127900147357522
181,244,0.9437830818422798
181,194,0.9386737058518245
182,110,0.785642729524207
182,139,0.8994855322196585
182,286,0.8959827247084693
182,117,0.8487236080441856
182,31,0.8011869476044715
183,129,0.9298804969197713
183,278,0.8613101420074077
183,220,0.9644819118512427
184,160,0.7448604067782966
184,273,0.9100851990856139
184,154,0.8376041488917751
185,245,0.775322738517044
185,171,0.851197759339207
185,193,0.9218530484106888
185,131,0.7286252905581959
185,211,0.9738083407717619
186,249,0.9446132398187344
187,224,0.9623684211445606
187,197,0.8745595107716905
188,174,0.9020909832238383
188,249,0.9463836498442388
189,195,0.7944091429221217
189,376,0.5674295335274981
189,251,0.9437830818422798
189,353,0.5662865204743269
189,129,0.4508793928425106
190,249,0.8201106694230323
190,260,0.9355153839991557
191,132,0.9271479306594969
191,150,0.9530151793505801
191,44,0.8304184392719646
191,217,0.973241378938998
191,145,0.8192571186291973
192,249,0.9501419324278259
192,235,0.9463836498442388
192,96,0.4059861354198026
193,245,0.9550161751648277
193,171,0.973241378938998
193,185,0.9218530484106888
194,135,0.9300086433468401
194,244,0.9179975025927845
194,181,0.9386737058518245
194,166,0.9680141029402175
194,230,0.9653197742132931
194,291,0.855020089792744
195,256,0.9437830818422798
195,189,0.7944091429221217
196,80,0.8705014179878764
196,215,0.9738083407717619
196,145,0.9205396406312979
196,172,0.9722730770907142
196,249,0.9549459937243078
197,62,0.8560147310618537
197,156,0.9487936471897895
197,224,0.9722730770907142
197,187,0.8745595107716905
198,141,0.8172065871995338
198,67,0.8570824420858736
198,210,0.894652798146425
198,249,0.9558012826194622
199,366,0.5418564522643533
199,284,0.9116160059371156
199,204,0.9052954994629805
200,163,0.7749099600468727
200,161,0.9202057633827514
200,257,0.9463836498442388
200,225,0.9738083407717619
200,177,0.8354139166212837
201,35,0.8350441895509233
201,238,0.9662895600761255
201,267,0.913556091857009
202,318,0.8629637498073828
202,304,0.7464626692614772
202,3,0.8137344699798496
202,171,0.6004961472336809
203,249,0.9588171955615209
203,206,0.9259590347582638
203,260,0.8123721550606331
204,199,0.9052954994629805
204,284,0.9143865913738085
204,267,0.7234593366185162
204,272,0.8683142075141644
204,315,0.7438027517560583
204,437,0.6140556608213134
205,152,0.9414093153986384
205,229,0.9738083407717619
205,91,0.8810088321396153
206,249,0.8864065666986909
206,203,0.9259590347582638
206,260,0.9487936471897895
207,260,0.8078886275719086
207,234,0.973241378938998
207,114,0.7162503823530399
207,253,0.9276360025292943
207,180,0.7135939786915653
208,249,0.9527396919219954
208,237,0.9726999188860621
209,139,0.9201145110339601
209,77,0.8285774273060031
209,117,0.8975494941718628
209,268,0.9386737058518245
209,142,0.9048805872635716
210,141,0.9053338104244587
210,198,0.894652798146425
210,215,0.9214145039298607
210,249,0.9679276173823074
211,185,0.9738083407717619
211,240,0.9747522414139314
212,249,0.9386737058518245
212,237,0.973241378938998
212,167,0.8843351807445335
212,221,0.9909996972207402
213,29,0.7232864863469196
213,90,0.8696091563517176
213,263,0.9528713406293264
214,273,0.9380707758593515
214,293,0.81217666323063
214,169,0.8211390720539455
215,159,0.9364430231446151
215,141,0.9152682940533224
215,210,0.9214145039298607
215,196,0.9738083407717619
215,249,0.973241378938998
216,249,0.9738083407717619
216,221,0.9381081363295531
216,236,0.8985296707828764
217,151,0.9276130660231213
217,54,0.7533061926482165
217,191,0.973241378938998
217,101,0.8769595567106208
217,163,0.7620668658068188
217,145,0.8317526872864586
217,249,0.8570824420858736
217,161,0.8405957963283339
217,257,0.9545253329684085
217,258,0.7572668442929218
217,256,0.9640719144033315
218,45,0.8271893147303948
218,173,0.7594349097453498
218,283,0.5647526772715058
218,387,0.7881266979383077
218,352,0.6217362399551168
218,441,0.6900357801922778
218,409,0.6901874954199919
219,249,0.9386737058518245
219,160,0.9352587802266992
219,252,0.9713339356626279
219,265,0.9131472571270911
220,278,0.9386737058518245
220,183,0.9644819118512427
220,228,0.9644819118512427
221,174,0.9537068139690613
221,249,0.973241378938998
221,212,0.9909996972207402
221,167,0.9433551118597786
221,216,0.9381081363295531
221,164,0.9355153839991557
221,236,0.9872954174986995
222,347,0.7363519863783612
222,232,0.9252426140965927
222,135,0.7880943657268585
222,244,0.9821508484111854
222,288,0.7150439477083169
223,271,0.8248380050311721
223,177,0.9218530484106888
223,338,0.7839487974053503
223,348,0.8511796022471902
223,367,0.8002833726369838
224,147,0.9148743380689991
224,291,0.9309041576090206
224,156,0.9014965856039029
224,187,0.9623684211445606
224,197,0.9722730770907142
225,163,0.9339123573120692
225,200,0.9738083407717619
225,107,0.8729234626690084
225,271,0.9501419324278259
226,246,0.9298804969197713
226,323,0.8040878991848182
226,277,0.945646295301851
227,299,0.9119948158727124
227,280,0.8835803223217685
227,266,0.8888019274332389
228,278,0.8725585043968773
228,11,0.5531157575499254
228,220,0.9644819118512427
228,296,0.9244204137251427
228,306,0.8848621732428472
229,205,0.9738083407717619
229,394,0.7075126718716792
229,305,0.9042565230459044
230,244,0.9909996972207402
230,194,0.9653197742132931
230,291,0.8871392358849483
231,153,0.913556091857009
231,85,0.8259799380732321
231,282,0.9463836498442388
231,321,0.8287677313868429
232,347,0.8604167026150135
232,362,0.7609470117711171
232,411,0.7205461748445061
232,501,0.631885964337364
232,222,0.9252426140965927
232,288,0.6778934493164414
233,323,0.8824845487878011
233,255,0.7665784537377591
233,401,0.781515433223275
234,260,0.8575310822469285
234,293,0.9338241719892809
234,207,0.973241378938998
234,253,0.9463836498442388
235,249,0.9909996972207402
235,192,0.9463836498442388
235,96,0.4070178426681224
235,7,0.6753188552204151
236,249,0.9909996972207402
236,221,0.9872954174986995
236,216,0.8985296707828764
237,249,0.9909996972207402
237,212,0.973241378938998
237,208,0.9726999188860621
238,201,0.9662895600761255
238,267,0.9625520007466786
239,278,0.9545253329684085
239,316,0.8694163142678701
239,299,0.8463082564443137
240,131,0.8046389685865369
240,211,0.9747522414139314
240,281,0.9225797361323311
240,347,0.8645248909828307
241,326,0.8859461449914487
242,263,0.9726999188860621
242,275,0.9590792311168281
242,346,0.765118020763407
242,320,0.8303210220617824
243,108,0.7000917797444834
243,71,0.7843141238386152
243,297,0.6654814448154861
243,84,0.7846850084409343
243,375,0.8186012622778329
244,222,0.9821508484111854
244,181,0.9437830818422798
244,288,0.9218390051298286
244,194,0.9179975025927845
244,230,0.9909996972207402
244,355,0.8491149955114233
245,318,0.8985296707828764
245,254,0.8841284630228493
245,171,0.7832739769738057
245,193,0.9550161751648277
245,185,0.775322738517044
245,131,0.8805701633829723
245,281,0.474904575131969
246,38,0.7310802981325579
246,176,0.9117908960763035
246,226,0.9298804969197713
246,323,0.890700797753449
247,170,0.9271479306594969
247,29,0.7738320946636521
247,298,0.9276360025292943
247,263,0.9635139401772062
248,318,0.7522955267036269
248,175,0.7168635309176747
248,262,0.7763518822480218
248,254,0.7861319086903465
248,295,0.9398663543806614
249,217,0.8570824420858736
249,198,0.9558012826194622
249,174,0.8435472921169086
249,210,0.9679276173823074
249,215,0.973241378938998
249,196,0.9549459937243078
249,188,0.9463836498442388
249,237,0.9909996972207402
249,212,0.9386737058518245
249,167,0.8435472921169086
249,208,0.9527396919219954
249,219,0.9386737058518245
249,186,0.9446132398187344
249,221,0.973241378938998
249,216,0.9738083407717619
249,164,0.9200400887774002
249,236,0.9909996972207402
249,252,0.9510887940112148
249,203,0.9588171955615209
249,206,0.8864065666986909
249,273,0.9644819118512427
249,190,0.8201106694230323
249,260,0.7837137487923105
249,192,0.9501419324278259
249,235,0.9909996972207402
249,114,0.7443387957308902
249,7,0.731013839620487
250,258,0.9510887940112148
250,256,0.9625520007466786
250,276,0.9653197742132931
251,256,0.8089944414962434
251,338,0.8805701633829723
251,189,0.9437830818422798
252,249,0.9510887940112148
252,219,0.9713339356626279
252,265,0.9828715992216289
252,273,0.9471987816790822
253,293,0.9487936471897895
253,207,0.9276360025292943
253,234,0.9463836498442388
254,318,0.906935442825665
254,248,0.7861319086903465
254,295,0.7848710107458455
254,245,0.8841284630228493
254,308,0.5342530872360874
254,281,0.4334652124656248
255,268,0.9380707758593515
255,323,0.8891105905770373
255,233,0.7665784537377591
255,401,0.7976151680229524
256,217,0.9640719144033315
256,258,0.8998101462900223
256,250,0.9625520007466786
256,338,0.8866643834626358
256,195,0.9437830818422798
256,251,0.8089944414962434
257,217,0.9545253329684085
257,161,0.9051393468000783
257,200,0.9463836498442388
257,258,0.9044616776288923
257,276,0.973241378938998
257,177,0.8057688943132582
257,338,0.848587828954415
258,217,0.7572668442929218
258,257,0.9044616776288923
258,256,0.8998101462900223
258,276,0.973241378938998
258,250,0.9510887940112148
259,318,0.9117908960763035
259,264,0.8082570616457427
259,270,0.755383799100047
259,175,0.5893521046370659
260,249,0.7837137487923105
260,203,0.8123721550606331
260,206,0.9487936471897895
260,273,0.9775635533426917
260,190,0.9355153839991557
260,207,0.8078886275719086
260,234,0.8575310822469285
260,114,0.8538694190129897
261,293,0.9558491977655615
261,130,0.7901541264455098
261,92,0.8346348329690547
261,93,0.83563606458377
261,72,0.7589516876668645
262,402,0.8040878991848182
262,175,0.6947253932608768
262,248,0.7763518822480218
262,295,0.882617387898424
263,247,0.9635139401772062
263,158,0.7621273457778842
263,213,0.9528713406293264
263,136,0.8109019895639256
263,165,0.9036433711250559
263,104,0.8170837393139975
263,277,0.8140290007594616
263,279,0.9344469060777219
263,302,0.8379961696875529
263,242,0.9726999188860621
263,368,0.8303210220617824
263,294,0.9298804969197713
263,380,0.8344007162056638
263,346,0.8555403662235327
264,318,0.9218390051298286
264,319,0.9113150658887325
264,270,0.8731780843417525
264,309,0.913556091857009
264,259,0.8082570616457427
265,219,0.9131472571270911
265,252,0.9828715992216289
265,273,0.9872954174986995
266,280,0.8212452979680089
266,227,0.8888019274332389
266,341,0.8943066002331957
266,351,0.7173930178150792
266,374,0.793864282168356
266,336,0.8013541300125369
267,201,0.913556091857009
267,238,0.9625520007466786
267,204,0.7234593366185162
267,315,0.929896539479191
268,77,0.8030111732660257
268,209,0.9386737058518245
268,115,0.6314242446875632
268,142,0.8651927404124939
268,283,0.9821508484111854
268,255,0.9380707758593515
269,93,0.7712401002602693
269,287,0.9821508484111854
269,60,0.7914595888610684
270,432,0.5394914071022652
270,319,0.9300086433468401
270,264,0.8731780843417525
270,259,0.755383799100047
270,175,0.5927477382060817
271,225,0.9501419324278259
271,325,0.9218530484106888
271,223,0.8248380050311721
271,348,0.8958948207707479
272,204,0.8683142075141644
272,557,0.605826886526559
272,437,0.7107161908489601
272,766,0.4248348321896843
273,249,0.9644819118512427
273,252,0.9471987816790822
273,265,0.9872954174986995
273,184,0.9100851990856139
273,260,0.9775635533426917
273,154,0.8730929737215269
273,214,0.9380707758593515
273,293,0.9775635533426917
274,84,0.7283952237531169
274,312,0.9404329839028461
275,279,0.8300600661095571
275,242,0.9590792311168281
275,385,0.8449032188607495
275,320,0.8299343032982305
276,257,0.973241378938998
276,258,0.973241378938998
276,250,0.9653197742132931
276,338,0.9115925663617311
277,158,0.8730929737215269
277,226,0.945646295301851
277,323,0.9276360025292943
277,263,0.8140290007594616
278,129,0.783172346514672
278,337,0.913556091857009
278,183,0.8613101420074077
278,220,0.9386737058518245
278,228,0.8725585043968773
278,239,0.9545253329684085
279,396,0.8258568935509762
279,263,0.9344469060777219
279,333,0.9074461499997417
279,275,0.8300600661095571
279,385,0.6771218570414417
280,299,0.9652146743072774
280,306,0.7349164883038372
280,227,0.8835803223217685
280,266,0.8212452979680089
280,351,0.836148925715985
281,254,0.4334652124656248
281,245,0.474904575131969
281,308,0.5290024005875701
281,131,0.5769821643982475
281,361,0.43621719086025
281,240,0.9225797361323311
281,347,0.9066741325234148
282,153,0.8659940730125437
282,178,0.8235873902667492
282,231,0.9463836498442388
282,360,0.7424560920646975
282,334,0.9225783812623239
282,321,0.8531335786362493
282,358,0.8697388870185024
283,268,0.9821508484111854
283,142,0.8313371226655374
283,218,0.5647526772715058
283,335,0.8968398854260691
283,352,0.8985296707828764
284,199,0.9116160059371156
284,204,0.9143865913738085
284,557,0.6538644571222454
285,303,0.9680141029402175
285,405,0.8172133897330325
286,110,0.7567750168521147
286,325,0.9362995338225456
286,182,0.8959827247084693
286,31,0.7545938662310289
286,173,0.6574959712546968
287,130,0.7753069756597573
287,318,0.9468945298998206
287,269,0.9821508484111854
287,60,0.7530981099687318
288,232,0.6778934493164414
288,501,0.5621813874323778
288,222,0.7150439477083169
288,244,0.9218390051298286
288,579,0.5865942289091804
288,355,0.897573921915672
288,591,0.5634564419580861
289,311,0.9558012826194622
289,301,0.9738083407717619
289,322,0.7492958890111747
290,327,0.5471637810892631
290,435,0.6065849975012735
290,393,0.7784994666824141
290,371,0.8729234626690084
291,194,0.855020089792744
291,230,0.8871392358849483
291,303,0.973241378938998
291,224,0.9309041576090206
292,18,0.7439771617638281
292,296,0.7287410983547898
292,369,0.8229997060278255
292,356,0.8571490004483839
292,384,0.8204909557140445
292,399,0.8387487827035611
293,273,0.9775635533426917
293,214,0.81217666323063
293,169,0.8729851698473812
293,234,0.9338241719892809
293,18,0.7026005395495262
293,253,0.9487936471897895
293,180,0.8854030699924088
293,369,0.8808603838965433
293,261,0.9558491977655615
294,263,0.9298804969197713
294,380,0.8684329576909711
294,346,0.9091711707553568
295,248,0.9398663543806614
295,262,0.882617387898424
295,254,0.7848710107458455
295,388,0.8577507283049174
295,308,0.791099913174129
296,11,0.5821675367725032
296,228,0.9244204137251427
296,306,0.902732007022098
296,292,0.7287410983547898
296,329,0.8332142185817009
296,328,0.906935442825665
296,399,0.8440751229094912
297,108,0.6915366651746064
297,372,0.8024799123731862
297,407,0.8387487827035611
297,243,0.6654814448154861
297,410,0.644584394717156
298,170,0.8378756075765779
298,247,0.9276360025292943
298,342,0.9398663543806614
298,390,0.8510554093711751
299,337,0.9218530484106888
299,349,0.8789228713511733
299,316,0.973241378938998
299,239,0.8463082564443137
299,306,0.8595344796342276
299,280,0.9652146743072774
299,227,0.9119948158727124
299,341,0.8430260628775251
300,318,0.9738083407717619
300,340,0.9451909613112631
300,343,0.8405082278552574
300,319,0.8546998137082643
301,311,0.9820803998915989
301,289,0.9738083407717619
301,322,0.7343403757443604
301,408,0.768428717833342
301,324,0.8329151210771079
302,323,0.9680141029402175
302,263,0.8379961696875529
303,355,0.8860183386102447
303,291,0.973241378938998
303,405,0.8530120646833418
303,285,0.9680141029402175
304,318,0.9801847561502938
304,60,0.7292719812781802
304,202,0.7464626692614772
304,3,0.5508944688718826
305,394,0.869080674762441
305,229,0.9042565230459044
305,331,0.9344469060777219
306,299,0.8595344796342276
306,228,0.8848621732428472
306,296,0.902732007022098
306,280,0.7349164883038372
306,329,0.9722730770907142
306,351,0.884351494543376
307,321,0.9282688659415461
307,358,0.9317161695965002
307,345,0.8882475426216014
307,438,0.8255163256790522
308,254,0.5342530872360874
308,295,0.791099913174129
308,388,0.8851807448260844
308,386,0.6003009099709681
308,281,0.5290024005875701
309,318,0.9909996972207402
309,264,0.913556091857009
310,329,0.8496976848498543
310,328,0.9369812483497675
310,364,0.9276360025292943
310,389,0.851400302505
310,399,0.8055543301860655
311,361,0.8811524967810943
311,404,0.8684039299638656
311,289,0.9558012826194622
311,301,0.9820803998915989
311,373,0.6307637477906777
311,408,0.6892885656317232
312,274,0.9404329839028461
312,327,0.9821508484111854
313,100,0.7144266989409515
313,75,0.7464641652484063
313,360,0.9386737058518245
313,503,0.722557154453883
314,347,0.9623684211445606
314,135,0.520545761252097
315,204,0.7438027517560583
315,267,0.929896539479191
315,111,0.7413680956672049
315,437,0.8344947074176731
315,412,0.7418745135635206
316,337,0.973241378938998
316,299,0.973241378938998
316,239,0.8694163142678701
317,346,0.9653197742132931
317,320,0.9471987816790822
317,354,0.9053338104244587
317,339,0.9463836498442388
317,464,0.7858980844102792
317,363,0.8879253736161481
318,369,0.9218530484106888
318,130,0.7273151337446615
318,287,0.9468945298998206
318,340,0.9223900739679414
318,300,0.9738083407717619
318,264,0.9218390051298286
318,309,0.9909996972207402
318,304,0.9801847561502938
318,259,0.9117908960763035
318,175,0.6321322870526328
318,202,0.8629637498073828
318,248,0.7522955267036269
318,254,0.906935442825665
318,245,0.8985296707828764
318,171,0.6900357801922778
319,343,0.968511557725705
319,300,0.8546998137082643
319,264,0.9113150658887325
319,270,0.9300086433468401
320,242,0.8303210220617824
320,275,0.8299343032982305
320,385,0.9059340820418489
320,317,0.9471987816790822
321,231,0.8287677313868429
321,282,0.8531335786362493
321,358,0.8057528295980004
321,345,0.973241378938998
321,307,0.9282688659415461
322,289,0.7492958890111747
322,301,0.7343403757443604
322,347,0.9722730770907142
322,324,0.7297081022634394
323,179,0.8357342869738311
323,176,0.8338975914869716
323,246,0.890700797753449
323,226,0.8040878991848182
323,277,0.9276360025292943
323,255,0.8891105905770373
323,302,0.9680141029402175
323,233,0.8824845487878011
323,401,0.8441299985026679
323,368,0.753941081161641
323,350,0.9183740444181987
323,377,0.9207240750489819
324,301,0.8329151210771079
324,347,0.7358709355106509
324,322,0.7297081022634394
324,408,0.7993312834574418
324,362,0.9487936471897895
325,271,0.9218530484106888
325,286,0.9362995338225456
325,348,0.9738083407717619
325,173,0.712670214465844
326,330,0.4179385437958922
326,241,0.8859461449914487
326,487,0.7768971081001782
326,421,0.8666796947627151
327,312,0.9821508484111854
327,435,0.719011002143635
327,416,0.870060589350114
327,290,0.5471637810892631
328,296,0.906935442825665
328,329,0.8120961644760827
328,310,0.9369812483497675
328,389,0.9059512961069284
328,399,0.8397639035443974
329,296,0.8332142185817009
329,306,0.9722730770907142
329,351,0.9680141029402175
329,328,0.8120961644760827
329,364,0.9218530484106888
329,310,0.8496976848498543
330,111,0.7658182497243829
330,412,0.8748146093970927
330,462,0.5672055114027018
330,326,0.4179385437958922
331,417,0.8731885327047066
331,305,0.9344469060777219
332,354,0.9640719144033315
332,363,0.7370952564391235
332,621,0.5879154684326922
333,396,0.8971855320143377
333,279,0.9074461499997417
334,360,0.8250322889994891
334,282,0.9225783812623239
334,358,0.9250609636923069
334,515,0.751972312308585
335,283,0.8968398854260691
335,352,0.8968570558840833
335,401,0.8082448117014722
335,444,0.8467517774289711
336,266,0.8013541300125369
336,351,0.7776987522015018
336,374,0.8122109608225572
336,359,0.9640719144033315
337,376,0.9368838722090432
337,129,0.6915317665793949
337,278,0.913556091857009
337,316,0.973241378938998
337,299,0.9218530484106888
338,257,0.848587828954415
338,256,0.8866643834626358
338,276,0.9115925663617311
338,177,0.8209500058209867
338,223,0.7839487974053503
338,367,0.9558491977655615
338,376,0.8268993381442635
338,251,0.8805701633829723
339,385,0.925229121183988
339,317,0.9463836498442388
339,464,0.8305242039014455
340,318,0.9223900739679414
340,370,0.9487936471897895
340,300,0.9451909613112631
341,472,0.7972936975275895
341,349,0.7898451591295682
341,299,0.8430260628775251
341,489,0.8019905704428985
341,266,0.8943066002331957
341,374,0.9014965856039029
342,345,0.9281743711952634
342,298,0.9398663543806614
342,390,0.9234157765148289
343,399,0.8037549749804135
343,370,0.9509530557937554
343,432,0.720337787207761
343,300,0.8405082278552574
343,319,0.968511557725705
344,375,0.8076052524376067
344,463,0.8344947074176731
344,435,0.8538694190129897
344,425,0.7843770880349136
344,470,0.7025320218403617
345,125,0.7576555093250316
345,321,0.973241378938998
345,307,0.8882475426216014
345,342,0.9281743711952634
345,390,0.9252095792559448
346,263,0.8555403662235327
346,242,0.765118020763407
346,294,0.9091711707553568
346,317,0.9653197742132931
346,354,0.9821508484111854
347,240,0.8645248909828307
347,281,0.9066741325234148
347,322,0.9722730770907142
347,324,0.7358709355106509
347,362,0.973241378938998
347,314,0.9623684211445606
347,232,0.8604167026150135
347,222,0.7363519863783612
347,135,0.5275932691229297
348,271,0.8958948207707479
348,325,0.9738083407717619
348,223,0.8511796022471902
348,376,0.9471987816790822
348,173,0.6027028965751794
349,376,0.9471987816790822
349,472,0.8185468915393743
349,299,0.8789228713511733
349,341,0.7898451591295682
350,323,0.9183740444181987
350,401,0.910431629612195
350,368,0.8732754846174189
350,377,0.9201145110339601
351,306,0.884351494543376
351,280,0.836148925715985
351,266,0.7173930178150792
351,329,0.9680141029402175
351,364,0.9623684211445606
351,378,0.9545253329684085
351,336,0.7776987522015018
352,283,0.8985296707828764
352,218,0.6217362399551168
352,335,0.8968570558840833
352,397,0.9252426140965927
352,444,0.7164824284287695
352,461,0.7287861133959053
353,376,0.9605681082362557
353,189,0.5662865204743269
354,380,0.9408757158569757
354,346,0.9821508484111854
354,317,0.9053338104244587
354,439,0.8820952607432211
354,363,0.8500944839270659
354,332,0.9640719144033315
355,244,0.8491149955114233
355,288,0.897573921915672
355,591,0.580282704363805
