2.292841933467983 2
	a 0 303 0.9291265953809196
	a 303 0 0.9291265953809196
2.970562897498311 2
	a 0 17 0.9101695340531302
	a 17 0 0.9101695340531302
3.204678116338511 2
	a 0 294 0.9038174383937483
	a 294 0 0.9038174383937483
3.199625435034238 2
	a 0 129 0.9039534853606148
	a 129 0 0.9039534853606148
0.4217785570495555 2
	a 1 22 0.9861365385453571
	a 22 1 0.9861365385453571
0.4068472581547501 2
	a 1 47 0.986620689469499
	a 47 1 0.986620689469499
3.31432029256418 2
	a 2 342 0.9008765049829541
	a 342 2 0.9008765049829541
1.831555926431775 2
	a 2 8 0.9425282791074358
	a 8 2 0.9425282791074358
3.314054042677391 2
	a 3 34 0.9008836206010429
	a 34 3 0.9008836206010429
0.2756047834633315 2
	a 3 37 0.9908970571258108
	a 37 3 0.9908970571258108
2.800921581872936 2
	a 4 107 0.9148346441359174
	a 107 4 0.9148346441359174
1.315638270667442 2
	a 4 167 0.9580136010906377
	a 167 4 0.9580136010906377
2.258959815863032 2
	a 5 303 0.9300970054714173
	a 303 5 0.9300970054714173
2.397682403421882 2
	a 5 32 0.9261377304199918
	a 32 5 0.9261377304199918
1.027952275406858 2
	a 5 103 0.9668826525367566
	a 103 5 0.9668826525367566
0.9144082938392092 2
	a 5 6 0.9704301766175798
	a 6 5 0.9704301766175798
0.4068472581547501 2
	a 6 50 0.986620689469499
	a 50 6 0.986620689469499
2.651327294210079 2
	a 7 199 0.9189924687742728
	a 199 7 0.9189924687742728
0.4068472581547501 2
	a 7 50 0.986620689469499
	a 50 7 0.986620689469499
3.276628416549143 2
	a 8 342 0.901885090803527
	a 342 8 0.901885090803527
6.334772590985365 2
	a 9 106 0.8277627179450806
	a 106 9 0.8277627179450806
5.460323618820864 2
	a 9 56 0.8474381014566805
	a 56 9 0.8474381014566805
0.4068472581547501 2
	a 9 53 0.986620689469499
	a 53 9 0.986620689469499
1.472572308893667 2
	a 10 174 0.9532467191742831
	a 174 10 0.9532467191742831
0.4068472581547501 2
	a 10 53 0.986620689469499
	a 53 10 0.986620689469499
2.413093054276768 2
	a 11 236 0.9257001512525
	a 236 11 0.9257001512525
2.694187613135911 2
	a 11 297 0.9177969675172186
	a 297 11 0.9177969675172186
2.514565927420741 2
	a 11 145 0.9228300688849687
	a 145 11 0.9228300688849687
0.5294379043957786 2
	a 11 71 0.9826598871066465
	a 71 11 0.9826598871066465
0.1356157527182506 2
	a 12 29 0.9954998486103701
	a 29 12 0.9954998486103701
1.695752562881215 2
	a 13 229 0.9465529255522346
	a 229 13 0.9465529255522346
2.033355190707818 2
	a 13 169 0.936614688166348
	a 169 13 0.936614688166348
2.112908977956649 2
	a 13 155 0.9343051944114906
	a 155 13 0.9343051944114906
2.206569809637366 2
	a 14 303 0.9316018174983534
	a 303 14 0.9316018174983534
5.345006492930098 2
	a 14 153 0.8501194325828985
	a 153 14 0.8501194325828985
1.208722079564016 2
	a 15 159 0.9612898680661656
	a 159 15 0.9612898680661656
1.220541774464252 2
	a 16 23 0.9609265242053444
	a 23 16 0.9609265242053444
2.876232237012296 2
	a 16 162 0.9127570992872264
	a 162 16 0.9127570992872264
1.088420984350353 2
	a 16 43 0.9650043216734201
	a 43 16 0.9650043216734201
0.69040501949209 2
	a 16 100 0.9775080875824138
	a 100 16 0.9775080875824138
2.556506482229538 2
	a 17 273 0.9216494716389685
	a 273 17 0.9216494716389685
1.763004785337253 2
	a 17 208 0.9445552952885187
	a 208 17 0.9445552952885187
2.058434042271843 2
	a 17 228 0.9358853117366792
	a 228 17 0.9358853117366792
2.118024594011236 2
	a 17 188 0.9341571037570822
	a 188 17 0.9341571037570822
2.050281198422004 2
	a 17 294 0.9361222897912163
	a 294 17 0.9361222897912163
1.944064083921212 2
	a 17 78 0.9392214932019196
	a 78 17 0.9392214932019196
2.832438850064086 2
	a 17 129 0.9139639288928365
	a 129 17 0.9139639288928365
2.840452407494832 2
	a 18 322 0.9137428330423423
	a 322 18 0.9137428330423423
3.193354223589163 2
	a 18 339 0.9041224058507361
	a 339 18 0.9041224058507361
0.4217785570495555 2
	a 18 61 0.9861365385453571
	a 61 18 0.9861365385453571
3.736580710465243 2
	a 19 329 0.8897489125158535
	a 329 19 0.8897489125158535
1.80799352569412 2
	a 19 256 0.9432239606052659
	a 256 19 0.9432239606052659
2.178482869582822 2
	a 19 90 0.932410732885641
	a 90 19 0.932410732885641
3.571446267944701 2
	a 19 116 0.8940633489691538
	a 116 19 0.8940633489691538
1.835953872964026 2
	a 19 123 0.9423985504123257
	a 123 19 0.9423985504123257
5.591143618798889 2
	a 20 410 0.8444211529911089
	a 410 20 0.8444211529911089
0.487629339878578 2
	a 21 76 0.9840070514701087
	a 76 21 0.9840070514701087
2.69429133206359 2
	a 21 53 0.9177940786303092
	a 53 21 0.9177940786303092
1.578980655167365 2
	a 22 41 0.950042814427622
	a 41 22 0.950042814427622
0.9397593081368385 2
	a 22 26 0.9696357892819247
	a 26 22 0.9696357892819247
0.2712315054364995 2
	a 22 47 0.9910401999457994
	a 47 22 0.9910401999457994
3.964348244137411 2
	a 22 159 0.8838754747456888
	a 159 22 0.8838754747456888
0.5294379043957786 2
	a 23 30 0.9826598871066465
	a 30 23 0.9826598871066465
0.5294379043957786 2
	a 23 85 0.9826598871066465
	a 85 23 0.9826598871066465
1.364607188709789 2
	a 24 35 0.9565208103950003
	a 35 24 0.9565208103950003
0.4518359985116184 2
	a 24 73 0.9851633791903387
	a 73 24 0.9851633791903387
9.41324505141419 2
	a 25 137 0.7669492134014083
	a 137 25 0.7669492134014083
4.339735699015963 2
	a 25 346 0.8743878848183246
	a 346 25 0.8743878848183246
3.204745300382409 2
	a 25 343 0.9038156297252316
	a 343 25 0.9038156297252316
6.954824705615467 2
	a 25 382 0.8144902638305633
	a 382 25 0.8144902638305633
4.06586406679027 2
	a 26 41 0.8812862837822211
	a 41 26 0.8812862837822211
2.309439321610708 2
	a 26 95 0.9286520326016992
	a 95 26 0.9286520326016992
0.5488408072586609 2
	a 26 89 0.9820359572016657
	a 89 26 0.9820359572016657
1.843510156679232 2
	a 27 273 0.9421757472716881
	a 273 27 0.9421757472716881
0.7068004757790167 2
	a 28 113 0.9769864418565645
	a 113 28 0.9769864418565645
2.792754353712261 2
	a 28 252 0.9150605755839659
	a 252 28 0.9150605755839659
2.493265276481146 2
	a 29 250 0.9234309324571102
	a 250 29 0.9234309324571102
0.6780787635912512 2
	a 29 108 0.9779006413097311
	a 108 29 0.9779006413097311
1.998645631669757 2
	a 30 48 0.9376261715394673
	a 48 30 0.9376261715394673
0.8266086393752234 2
	a 30 136 0.9731918249221194
	a 136 30 0.9731918249221194
2.301626222344578 2
	a 30 85 0.9288753641524587
	a 85 30 0.9288753641524587
7.180381141973215 2
	a 31 303 0.8097966214350028
	a 303 31 0.8097966214350028
2.267669177036251 2
	a 31 320 0.9298473532781235
	a 320 31 0.9298473532781235
2.036237875311797 2
	a 32 303 0.936530788065894
	a 303 32 0.936530788065894
1.472726861125989 2
	a 33 42 0.9532420491788589
	a 42 33 0.9532420491788589
1.471820364750096 2
	a 33 189 0.9532694408248638
	a 189 33 0.9532694408248638
0.2701555345749592 2
	a 33 63 0.9910754242055927
	a 63 33 0.9910754242055927
1.391008388793844 2
	a 34 210 0.9557180039535149
	a 210 34 0.9557180039535149
4.280234025320377 2
	a 34 155 0.8758759479925786
	a 155 34 0.8758759479925786
1.491480702475836 2
	a 34 37 0.9526757346395036
	a 37 34 0.9526757346395036
1.106545252170832 2
	a 35 73 0.9644428034543762
	a 73 35 0.9644428034543762
1.250982524810324 2
	a 35 194 0.9599920760860292
	a 194 35 0.9599920760860292
6.296265225805553 2
	a 35 223 0.8286052174751051
	a 223 35 0.8286052174751051
2.284891952702111 2
	a 36 324 0.929354092207401
	a 324 36 0.929354092207401
1.360345102038611 2
	a 37 210 0.9566505442427642
	a 210 37 0.9566505442427642
4.881945551442842 2
	a 38 250 0.8610964371796226
	a 250 38 0.8610964371796226
2.399216633473432 2
	a 38 171 0.9260941464281516
	a 171 38 0.9260941464281516
2.034236290773753 2
	a 38 309 0.9365890421708762
	a 309 38 0.9365890421708762
5.604040147980958 2
	a 38 88 0.8441251577563502
	a 88 38 0.8441251577563502
2.521562118077222 2
	a 39 330 0.9226329015507376
	a 330 39 0.9226329015507376
2.460325435208182 2
	a 39 264 0.9243618040220928
	a 264 39 0.9243618040220928
1.658791045502441 2
	a 40 260 0.9476546339364649
	a 260 40 0.9476546339364649
0.5308290191434861 2
	a 40 107 0.9826151268297626
	a 107 40 0.9826151268297626
0.3002129760370238 2
	a 41 81 0.9900923780751469
	a 81 41 0.9900923780751469
2.548259706388842 2
	a 41 95 0.9218813519536907
	a 95 41 0.9218813519536907
3.588918187830404 2
	a 41 148 0.8936046133032409
	a 148 41 0.8936046133032409
1.357059733580085 2
	a 42 221 0.9567505728830372
	a 221 42 0.9567505728830372
1.669200937804245 2
	a 42 63 0.9473440726107489
	a 63 42 0.9473440726107489
0.4068472581547501 2
	a 43 100 0.986620689469499
	a 100 43 0.986620689469499
2.847930807083253 2
	a 43 161 0.9135366088386914
	a 161 43 0.9135366088386914
6.3843010370208 2
	a 44 337 0.8266822641607399
	a 337 44 0.8266822641607399
1.2777003560333 2
	a 44 210 0.9591734726358991
	a 210 44 0.9591734726358991
2.14176510343746 2
	a 45 64 0.9334705065183995
	a 64 45 0.9334705065183995
4.516041719713449 2
	a 45 68 0.8700131888121742
	a 68 45 0.8700131888121742
1.356157527182502 2
	a 45 226 0.9567780459285045
	a 226 45 0.9567780459285045
1.899162426959689 2
	a 46 97 0.9405382478887658
	a 97 46 0.9405382478887658
1.385168937220699 2
	a 46 128 0.9558954480381517
	a 128 46 0.9558954480381517
1.763004785337253 2
	a 46 162 0.9445552952885187
	a 162 46 0.9445552952885187
1.342527456914504 2
	a 46 221 0.9571932956869043
	a 221 46 0.9571932956869043
2.711563110221431 2
	a 47 337 0.917313285712267
	a 337 47 0.917313285712267
0.6623180749170225 2
	a 48 136 0.9784030414175598
	a 136 48 0.9784030414175598
2.974238821242567 2
	a 49 303 0.9100690295732337
	a 303 49 0.9100690295732337
3.913956260276017 2
	a 49 226 0.8851672598330848
	a 226 49 0.8851672598330848
3.013670588598154 2
	a 49 134 0.90899246212019
	a 134 49 0.90899246212019
1.330050418899266 2
	a 49 225 0.9575737484377891
	a 225 49 0.9575737484377891
0.9493102690277512 2
	a 49 51 0.9693368529259123
	a 51 49 0.9693368529259123
0.3981115513613038 2
	a 50 103 0.986904170385881
	a 103 50 0.986904170385881
2.234721917581615 2
	a 50 199 0.9307925437642766
	a 199 50 0.9307925437642766
2.059344055616256 2
	a 51 303 0.9358588684421247
	a 303 51 0.9358588684421247
0.99986533083179 2
	a 51 179 0.9677576919995778
	a 179 51 0.9677576919995778
1.355312686248317 2
	a 52 116 0.9568037736390943
	a 116 52 0.9568037736390943
0.7884591958105146 2
	a 52 155 0.9743968235948948
	a 155 52 0.9743968235948948
6.516347021485498 2
	a 53 106 0.8238190796394191
	a 106 53 0.8238190796394191
0.5488408072586609 2
	a 53 121 0.9820359572016657
	a 121 53 0.9820359572016657
1.907785025694843 2
	a 53 76 0.9402850816914862
	a 76 53 0.9402850816914862
0.6027356872459425 2
	a 53 99 0.9803071135846667
	a 99 53 0.9803071135846667
3.309422633626836 2
	a 53 281 0.901007416780329
	a 281 53 0.901007416780329
5.113621734531977 2
	a 53 55 0.8555621232020353
	a 55 53 0.8555621232020353
0.5488408072586609 2
	a 54 93 0.9820359572016657
	a 93 54 0.9820359572016657
0.9493102690277512 2
	a 54 176 0.9693368529259123
	a 176 54 0.9693368529259123
0.298242479150027 2
	a 55 99 0.9901567640044859
	a 99 55 0.9901567640044859
2.315124013007375 2
	a 55 281 0.9284896130790122
	a 281 55 0.9284896130790122
2.69429133206359 2
	a 55 318 0.9177940786303092
	a 318 55 0.9177940786303092
1.511850541135075 2
	a 55 114 0.9520614230695246
	a 114 55 0.9520614230695246
2.519239454203567 2
	a 55 209 0.9226983488958296
	a 209 55 0.9226983488958296
0.9094841310632604 2
	a 56 174 0.9705846336195323
	a 174 56 0.9705846336195323
0.5424630108730013 2
	a 56 87 0.9822409559256213
	a 87 56 0.9822409559256213
0.7671585448709205 2
	a 56 106 0.975070966213913
	a 106 56 0.975070966213913
1.027006667447879 2
	a 57 164 0.9669120859946405
	a 164 57 0.9669120859946405
0.6027356872459425 2
	a 57 140 0.9803071135846667
	a 140 57 0.9803071135846667
1.220541774464252 2
	a 58 221 0.9609265242053444
	a 221 58 0.9609265242053444
3.0624263503209 2
	a 59 303 0.9076652376813477
	a 303 59 0.9076652376813477
0.8816511857519844 2
	a 59 174 0.9714586279881422
	a 174 59 0.9714586279881422
2.075082647963842 2
	a 59 191 0.9354017879407481
	a 191 59 0.9354017879407481
0.8266086393752234 2
	a 59 138 0.9731918249221194
	a 138 59 0.9731918249221194
0.4518359985116184 2
	a 60 119 0.9851633791903387
	a 119 60 0.9851633791903387
0.8293136085763161 2
	a 60 84 0.9731065013280988
	a 84 60 0.9731065013280988
2.687535809642409 2
	a 61 339 0.9179822821586081
	a 339 61 0.9179822821586081
5.836849595066635 2
	a 61 173 0.8388253531176142
	a 173 61 0.8388253531176142
8.676816995424501 2
	a 61 396 0.7803821886885154
	a 396 61 0.7803821886885154
7.339823031903956 2
	a 61 369 0.8065210902505817
	a 369 61 0.8065210902505817
2.720076443344621 2
	a 62 195 0.9170765044440167
	a 195 62 0.9170765044440167
0.4217785570495555 2
	a 62 117 0.9861365385453571
	a 117 62 0.9861365385453571
3.199625435034238 2
	a 62 246 0.9039534853606148
	a 246 62 0.9039534853606148
2.486272693203688 2
	a 62 130 0.9236283702106962
	a 130 62 0.9236283702106962
2.22352195954815 2
	a 62 91 0.9311143211065041
	a 91 62 0.9311143211065041
2.671894268447994 2
	a 62 152 0.9184183686269025
	a 152 62 0.9184183686269025
2.218806554620886 2
	a 63 221 0.9312498676502132
	a 221 63 0.9312498676502132
2.731556940644684 2
	a 63 82 0.9167574101927372
	a 82 63 0.9167574101927372
0.9569120473074697 2
	a 63 189 0.9690990602062898
	a 189 63 0.9690990602062898
1.513159730406566 2
	a 63 101 0.9520219691936269
	a 101 63 0.9520219691936269
0.7070602341917727 2
	a 64 156 0.9769781818453487
	a 156 64 0.9769781818453487
1.090487985406985 2
	a 64 68 0.9649402484598857
	a 68 64 0.9649402484598857
3.835792733395649 2
	a 64 259 0.8871795670116902
	a 259 64 0.8871795670116902
3.472902139034856 2
	a 65 180 0.8966607134252493
	a 180 65 0.8966607134252493
3.853902309509584 2
	a 65 160 0.8867124052159336
	a 160 65 0.8867124052159336
0.487629339878578 2
	a 65 127 0.9840070514701087
	a 127 65 0.9840070514701087
4.928346219044936 2
	a 65 373 0.8599811553460953
	a 373 65 0.8599811553460953
1.754926729054513 2
	a 66 303 0.9447947692786187
	a 303 66 0.9447947692786187
2.125244202579269 2
	a 66 221 0.9339481910802965
	a 221 66 0.9339481910802965
1.305344673394121 2
	a 66 186 0.9583280161307142
	a 186 66 0.9583280161307142
1.747244096663024 2
	a 67 303 0.9450226406088278
	a 303 67 0.9450226406088278
2.572857727781079 2
	a 68 303 0.9211900891305017
	a 303 68 0.9211900891305017
1.402932530426299 2
	a 68 259 0.955355878172315
	a 259 68 0.955355878172315
0.6780787635912512 2
	a 69 155 0.9779006413097311
	a 155 69 0.9779006413097311
1.726711690880476 2
	a 70 303 0.9456322167450943
	a 303 70 0.9456322167450943
0.5294379043957786 2
	a 70 96 0.9826598871066465
	a 96 70 0.9826598871066465
0.5575248444503217 2
	a 71 145 0.9817569700886031
	a 145 71 0.9817569700886031
0.4498654971040983 2
	a 72 132 0.9852271177182471
	a 132 72 0.9852271177182471
1.824403406976611 2
	a 73 194 0.9427393422329253
	a 194 73 0.9427393422329253
0.7241308354215087 2
	a 73 163 0.9764356703146633
	a 163 73 0.9764356703146633
1.843510156679232 2
	a 74 296 0.9421757472716881
	a 296 74 0.9421757472716881
1.093369151114533 2
	a 74 217 0.9648509523760592
	a 217 74 0.9648509523760592
4.373223057246851 2
	a 75 256 0.8735529996872491
	a 256 75 0.8735529996872491
0.4068472581547501 2
	a 75 77 0.986620689469499
	a 77 75 0.986620689469499
0.3981115513613038 2
	a 75 123 0.986904170385881
	a 123 75 0.986904170385881
0.7884591958105146 2
	a 76 174 0.9743968235948948
	a 174 76 0.9743968235948948
1.819178669966863 2
	a 76 121 0.9428935822019442
	a 121 76 0.9428935822019442
0.487629339878578 2
	a 76 109 0.9840070514701087
	a 109 76 0.9840070514701087
0.7884591958105146 2
	a 77 174 0.9743968235948948
	a 174 77 0.9743968235948948
1.220770282487056 2
	a 77 123 0.9609195025649143
	a 123 77 0.9609195025649143
0.4068472581547501 2
	a 78 129 0.986620689469499
	a 129 78 0.986620689469499
1.220770282487056 2
	a 79 246 0.9609195025649143
	a 246 79 0.9609195025649143
4.180339100226107 2
	a 80 142 0.8783875084260573
	a 142 80 0.8783875084260573
0.8266086393752234 2
	a 80 184 0.9731918249221194
	a 184 80 0.9731918249221194
3.619833566187839 2
	a 80 356 0.8927942196747298
	a 356 80 0.8927942196747298
6.076588048764899 2
	a 80 342 0.8334531009080902
	a 342 80 0.8334531009080902
2.341552327200922 2
	a 81 303 0.9277353272160541
	a 303 81 0.9277353272160541
1.815014601841224 2
	a 81 177 0.9430165485390745
	a 177 81 0.9430165485390745
1.027006667447879 2
	a 81 148 0.9669120859946405
	a 148 81 0.9669120859946405
0.4068472581547501 2
	a 81 83 0.986620689469499
	a 83 81 0.986620689469499
0.6981164340668319 2
	a 81 166 0.9772626664842042
	a 166 81 0.9772626664842042
1.089744978341517 2
	a 82 221 0.9649632792895917
	a 221 82 0.9649632792895917
0.4068472581547501 2
	a 82 132 0.986620689469499
	a 132 82 0.986620689469499
0.1917896373478611 2
	a 82 101 0.9936477087493498
	a 101 82 0.9936477087493498
0.6780787635912512 2
	a 83 166 0.9779006413097311
	a 166 83 0.9779006413097311
1.356157527182502 2
	a 83 231 0.9567780459285045
	a 231 83 0.9567780459285045
0.3002129760370238 2
	a 84 119 0.9900923780751469
	a 119 84 0.9900923780751469
0.3981115513613038 2
	a 85 136 0.986904170385881
	a 136 85 0.986904170385881
1.465568437865057 2
	a 86 199 0.9534584006944552
	a 199 86 0.9534584006944552
1.342353371493264 2
	a 86 191 0.9571986017635257
	a 191 86 0.9571986017635257
0.4116662147502663 2
	a 86 138 0.9864643809802354
	a 138 86 0.9864643809802354
0.6981164340668319 2
	a 87 174 0.9772626664842042
	a 174 87 0.9772626664842042
0.572507812946912 2
	a 87 106 0.9812760003733393
	a 106 87 0.9812760003733393
2.315920741993019 2
	a 88 309 0.9284668543437833
	a 309 88 0.9284668543437833
1.493347064546847 2
	a 88 276 0.9526194143552711
	a 276 88 0.9526194143552711
1.843510156679232 2
	a 88 322 0.9421757472716881
	a 322 88 0.9421757472716881
1.058859358600752 2
	a 89 95 0.9659216442099845
	a 95 89 0.9659216442099845
0.4261984914158477 2
	a 89 148 0.9859933135416687
	a 148 89 0.9859933135416687
1.330050418899266 2
	a 89 231 0.9575737484377891
	a 231 89 0.9575737484377891
3.546321053875348 2
	a 90 329 0.8947239638176634
	a 329 90 0.8947239638176634
2.685054913829007 2
	a 90 297 0.9180514192421061
	a 297 90 0.9180514192421061
0.4217785570495555 2
	a 90 147 0.9861365385453571
	a 147 90 0.9861365385453571
1.058859358600752 2
	a 90 116 0.9659216442099845
	a 116 90 0.9659216442099845
3.925409679630785 2
	a 91 152 0.8848732732758393
	a 152 91 0.8848732732758393
1.469582609899217 2
	a 91 238 0.9533370662617073
	a 238 91 0.9533370662617073
0.5143760708184569 2
	a 91 156 0.9831447800380628
	a 156 91 0.9831447800380628
1.106545252170832 2
	a 92 244 0.9644428034543762
	a 244 92 0.9644428034543762
3.365352378257878 2
	a 93 303 0.8995149847264907
	a 303 93 0.8995149847264907
1.64751219978562 2
	a 93 174 0.9479913623542346
	a 174 93 0.9479913623542346
2.337234109169694 2
	a 93 253 0.927858481902335
	a 253 93 0.927858481902335
3.677069747090593 2
	a 93 122 0.8912982728316146
	a 122 93 0.8912982728316146
0.6817209823004298 2
	a 93 176 0.9777846141530501
	a 176 93 0.9777846141530501
3.029928462703945 2
	a 94 107 0.9085494124011566
	a 107 94 0.9085494124011566
1.998645631669757 2
	a 94 149 0.9376261715394673
	a 149 94 0.9376261715394673
0.6027356872459425 2
	a 94 167 0.9803071135846667
	a 167 94 0.9803071135846667
1.875209981755642 2
	a 94 234 0.9412422743939006
	a 234 94 0.9412422743939006
3.828201451775191 2
	a 94 241 0.8873755625448081
	a 241 94 0.8873755625448081
0.4068472581547501 2
	a 95 148 0.986620689469499
	a 148 95 0.986620689469499
1.545962644974536 2
	a 96 303 0.9510345400696999
	a 303 96 0.9510345400696999
3.412484697366413 2
	a 96 170 0.8982616170453119
	a 170 96 0.8982616170453119
0.6027356872459425 2
	a 97 136 0.9803071135846667
	a 136 97 0.9803071135846667
0.2701555345749592 2
	a 97 128 0.9910754242055927
	a 128 97 0.9910754242055927
0.2712315054364995 2
	a 98 132 0.9910401999457994
	a 132 98 0.9910401999457994
1.30784967716783 2
	a 99 281 0.9582514816275325
	a 281 99 0.9582514816275325
0.5424630108730013 2
	a 100 162 0.9822409559256213
	a 162 100 0.9822409559256213
1.489777201362269 2
	a 101 303 0.9527271464666547
	a 303 101 0.9527271464666547
0.487629339878578 2
	a 101 132 0.9840070514701087
	a 132 101 0.9840070514701087
1.512473813052469 2
	a 101 150 0.9520426396471042
	a 150 101 0.9520426396471042
0.1917896373478611 2
	a 102 124 0.9936477087493498
	a 124 102 0.9936477087493498
0.4217785570495555 2
	a 103 158 0.9861365385453571
	a 158 103 0.9861365385453571
3.771533356219526 2
	a 103 274 0.8888417860971005
	a 274 103 0.8888417860971005
0.3981115513613038 2
	a 104 155 0.986904170385881
	a 155 104 0.986904170385881
0.4068472581547501 2
	a 105 136 0.986620689469499
	a 136 105 0.986620689469499
0.2701555345749592 2
	a 105 141 0.9910754242055927
	a 141 105 0.9910754242055927
1.385168937220699 2
	a 105 111 0.9558954480381517
	a 111 105 0.9558954480381517
0.5488408072586609 2
	a 106 174 0.9820359572016657
	a 174 106 0.9820359572016657
1.843510156679232 2
	a 107 303 0.9421757472716881
	a 303 107 0.9421757472716881
1.388046355412949 2
	a 107 260 0.9558080029685578
	a 260 107 0.9558080029685578
0.3981115513613038 2
	a 107 149 0.986904170385881
	a 149 107 0.986904170385881
0.6027356872459425 2
	a 107 167 0.9803071135846667
	a 167 107 0.9803071135846667
0.9056588220468618 2
	a 107 234 0.9707046576993192
	a 234 107 0.9707046576993192
0.8334447717998199 2
	a 108 217 0.9729762205906829
	a 217 108 0.9729762205906829
1.807723071719 2
	a 108 250 0.9432319521227779
	a 250 108 0.9432319521227779
0.1356157527182506 2
	a 109 121 0.9954998486103701
	a 121 109 0.9954998486103701
2.067695472571751 2
	a 110 303 0.9356162667077255
	a 303 110 0.9356162667077255
2.240482797908159 2
	a 110 200 0.9306271259120453
	a 200 110 0.9306271259120453
1.085368784576001 2
	a 110 262 0.9650989503729956
	a 262 110 0.9650989503729956
0.1917896373478611 2
	a 111 136 0.9936477087493498
	a 136 111 0.9936477087493498
0.7884591958105146 2
	a 111 141 0.9743968235948948
	a 141 111 0.9743968235948948
0.2354381640695419 2
	a 112 142 0.9922133303644988
	a 142 112 0.9922133303644988
1.328070587127958 2
	a 113 221 0.9576341470266612
	a 221 113 0.9576341470266612
0.5753689120435835 2
	a 113 186 0.9811842105722803
	a 186 113 0.9811842105722803
2.121520578254258 2
	a 113 196 0.9340559284548668
	a 196 113 0.9340559284548668
2.320928878043051 2
	a 113 252 0.9283238235357378
	a 252 113 0.9283238235357378
1.68098688698468 2
	a 113 157 0.9469927190296097
	a 157 113 0.9469927190296097
2.038610979204412 2
	a 114 209 0.9364617313345043
	a 209 114 0.9364617313345043
0.5424630108730013 2
	a 114 180 0.9822409559256213
	a 180 114 0.9822409559256213
1.342353371493264 2
	a 115 303 0.9571986017635257
	a 303 115 0.9571986017635257
0.6981164340668319 2
	a 115 202 0.9772626664842042
	a 202 115 0.9772626664842042
1.31660779220415 2
	a 116 174 0.9579839984439706
	a 174 116 0.9579839984439706
0.4217785570495555 2
	a 116 169 0.9861365385453571
	a 169 116 0.9861365385453571
1.754926729054513 2
	a 116 147 0.9447947692786187
	a 147 116 0.9447947692786187
1.545598435309036 2
	a 116 123 0.9510454916119191
	a 123 116 0.9510454916119191
0.4068472581547501 2
	a 116 155 0.986620689469499
	a 155 116 0.986620689469499
1.739940618792985 2
	a 116 144 0.9452393742353443
	a 144 116 0.9452393742353443
3.697805716638496 2
	a 117 183 0.8907577166116375
	a 183 117 0.8907577166116375
0.5488408072586609 2
	a 117 190 0.9820359572016657
	a 190 117 0.9820359572016657
2.820674875156118 2
	a 117 246 0.9142887136530016
	a 246 117 0.9142887136530016
1.328070587127958 2
	a 118 303 0.9576341470266612
	a 303 118 0.9576341470266612
0.9493102690277512 2
	a 118 177 0.9693368529259123
	a 177 118 0.9693368529259123
5.535737468506992 2
	a 119 450 0.8456957088274633
	a 450 119 0.8456957088274633
1.617838071728089 2
	a 120 303 0.9488784897596672
	a 303 120 0.9488784897596672
0.8493692481391316 2
	a 120 243 0.9724743604575555
	a 243 120 0.9724743604575555
0.3981115513613038 2
	a 121 174 0.986904170385881
	a 174 121 0.986904170385881
0.3981115513613038 2
	a 122 174 0.986904170385881
	a 174 122 0.986904170385881
0.3911042311720507 2
	a 123 174 0.9871316830851129
	a 174 123 0.9871316830851129
4.187634734985112 2
	a 123 256 0.8782035147041278
	a 256 123 0.8782035147041278
0.7884591958105146 2
	a 124 238 0.9743968235948948
	a 238 124 0.9743968235948948
2.206569809637366 2
	a 124 259 0.9316018174983534
	a 259 124 0.9316018174983534
4.64261950072807 2
	a 125 384 0.866903962668255
	a 384 125 0.866903962668255
0.7960384844779068 2
	a 125 242 0.9741571781134749
	a 242 125 0.9741571781134749
1.535867489711642 2
	a 126 132 0.9513381931531346
	a 132 126 0.9513381931531346
2.229340300269121 2
	a 126 150 0.9309471288673217
	a 150 126 0.9309471288673217
0.8753836449732832 2
	a 126 251 0.9716556615608998
	a 251 126 0.9716556615608998
3.49799525285554 2
	a 127 373 0.8959977046496796
	a 373 127 0.8959977046496796
0.7068004757790167 2
	a 128 221 0.9769864418565645
	a 221 128 0.9769864418565645
1.417846655846283 2
	a 129 303 0.9549033541977192
	a 303 129 0.9549033541977192
0.7068004757790167 2
	a 129 221 0.9769864418565645
	a 221 129 0.9769864418565645
1.766839587456341 2
	a 130 246 0.9444416577091637
	a 246 130 0.9444416577091637
0.7241308354215087 2
	a 130 152 0.9764356703146633
	a 152 130 0.9764356703146633
0.4217785570495555 2
	a 130 181 0.9861365385453571
	a 181 130 0.9861365385453571
1.250070526955394 2
	a 131 303 0.9600200443887001
	a 303 131 0.9600200443887001
0.69040501949209 2
	a 132 221 0.9775080875824138
	a 221 132 0.9775080875824138
1.880964506223909 2
	a 132 150 0.9410730308955424
	a 150 132 0.9410730308955424
4.241908783055418 2
	a 133 303 0.8768375450353412
	a 303 133 0.8768375450353412
0.9493102690277512 2
	a 133 266 0.9693368529259123
	a 266 133 0.9693368529259123
0.9569120473074697 2
	a 133 246 0.9690990602062898
	a 246 133 0.9690990602062898
5.067765256781342 2
	a 133 239 0.8566507748512806
	a 239 133 0.8566507748512806
3.721401203099287 2
	a 133 283 0.8901435252489674
	a 283 133 0.8901435252489674
0.6780787635912512 2
	a 134 226 0.9779006413097311
	a 226 134 0.9779006413097311
3.661625323392755 2
	a 134 232 0.8917013720717077
	a 232 134 0.8917013720717077
1.082484264638834 2
	a 134 179 0.9651883981195207
	a 179 134 0.9651883981195207
1.220541774464252 2
	a 135 303 0.9609265242053444
	a 303 135 0.9609265242053444
2.183788600840618 2
	a 136 141 0.9322578095901206
	a 141 136 0.9322578095901206
0.9422503163648673 2
	a 136 208 0.969557804649764
	a 208 136 0.969557804649764
0.4068472581547501 2
	a 136 188 0.986620689469499
	a 188 136 0.986620689469499
0.7671585448709205 2
	a 137 197 0.975070966213913
	a 197 137 0.975070966213913
1.208722079564016 2
	a 137 305 0.9612898680661656
	a 305 137 0.9612898680661656
0.4068472581547501 2
	a 138 191 0.986620689469499
	a 191 138 0.986620689469499
0.1356157527182506 2
	a 139 155 0.9954998486103701
	a 155 139 0.9954998486103701
0.5488408072586609 2
	a 140 164 0.9820359572016657
	a 164 140 0.9820359572016657
0.5488408072586609 2
	a 140 210 0.9820359572016657
	a 210 140 0.9820359572016657
0.9056588220468618 2
	a 141 273 0.9707046576993192
	a 273 141 0.9707046576993192
0.5488408072586609 2
	a 141 208 0.9820359572016657
	a 208 141 0.9820359572016657
1.057281840000934 2
	a 142 211 0.9659706467906755
	a 211 142 0.9659706467906755
4.155175127174624 2
	a 142 277 0.8790228233830102
	a 277 142 0.8790228233830102
0.8266086393752234 2
	a 142 258 0.9731918249221194
	a 258 142 0.9731918249221194
4.746551345138756 2
	a 142 184 0.864370549177395
	a 184 142 0.864370549177395
0.2701555345749592 2
	a 143 174 0.9910754242055927
	a 174 143 0.9910754242055927
0.2701555345749592 2
	a 144 174 0.9910754242055927
	a 174 144 0.9910754242055927
0.515017203330483 2
	a 145 210 0.9831241298242834
	a 210 145 0.9831241298242834
1.150737819566642 2
	a 146 303 0.9630764891476937
	a 303 146 0.9630764891476937
1.355312686248317 2
	a 146 282 0.9568037736390943
	a 282 146 0.9568037736390943
1.019987535126564 2
	a 147 297 0.9671306249700533
	a 297 147 0.9671306249700533
0.3403795954308141 2
	a 147 169 0.9887817766713458
	a 169 147 0.9887817766713458
0.1917896373478611 2
	a 148 166 0.9936477087493498
	a 166 148 0.9936477087493498
1.182149176375444 2
	a 148 231 0.9621077797289078
	a 231 148 0.9621077797289078
0.572507812946912 2
	a 149 234 0.9812760003733393
	a 234 149 0.9812760003733393
1.145338120153788 2
	a 150 303 0.9632432174117473
	a 303 150 0.9632432174117473
0.69040501949209 2
	a 150 251 0.9775080875824138
	a 251 150 0.9775080875824138
3.807047451190062 2
	a 151 197 0.8879222508007734
	a 197 151 0.8879222508007734
0.5488408072586609 2
	a 151 173 0.9820359572016657
	a 173 151 0.9820359572016657
3.38616584316741 2
	a 151 375 0.8989610164076816
	a 375 151 0.8989610164076816
1.984278394854708 2
	a 152 246 0.9380455376013218
	a 246 152 0.9380455376013218
1.220541774464252 2
	a 152 181 0.9609265242053444
	a 181 152 0.9609265242053444
0.5753689120435835 2
	a 152 238 0.9811842105722803
	a 238 152 0.9811842105722803
1.064816194648925 2
	a 153 303 0.9657366530214315
	a 303 153 0.9657366530214315
1.126737926931244 2
	a 153 214 0.9638180012646471
	a 214 153 0.9638180012646471
1.165489355260694 2
	a 154 303 0.9626213070482963
	a 303 154 0.9626213070482963
1.481545971607358 2
	a 154 329 0.9529756480534641
	a 329 154 0.9529756480534641
0.1356157527182506 2
	a 155 169 0.9954998486103701
	a 169 155 0.9954998486103701
0.5584702806293473 2
	a 156 238 0.9817266063475778
	a 238 156 0.9817266063475778
1.633168994081954 2
	a 156 259 0.9484199427130345
	a 259 156 0.9484199427130345
1.037314083966403 2
	a 157 303 0.9665913523819003
	a 303 157 0.9665913523819003
2.699253218621421 2
	a 157 252 0.9176558983645495
	a 252 157 0.9176558983645495
4.092406397667655 2
	a 157 189 0.8806121985709864
	a 189 157 0.8806121985709864
1.03110594740792 2
	a 158 303 0.9667845032048723
	a 303 158 0.9667845032048723
2.631686494193778 2
	a 158 274 0.9195414512635154
	a 274 158 0.9195414512635154
2.200873911858999 2
	a 159 337 0.9317657392746683
	a 337 159 0.9317657392746683
0.8678838813832842 2
	a 159 296 0.9718915409211399
	a 296 159 0.9718915409211399
4.223633999831525 2
	a 160 341 0.8772969331155145
	a 341 160 0.8772969331155145
4.500216098216819 2
	a 160 351 0.8704037740627485
	a 351 160 0.8704037740627485
0.1356157527182506 2
	a 160 180 0.9954998486103701
	a 180 160 0.9954998486103701
0.2701555345749592 2
	a 160 178 0.9910754242055927
	a 178 160 0.9910754242055927
5.502705724958935 2
	a 160 373 0.8464578097702311
	a 373 160 0.8464578097702311
0.4217785570495555 2
	a 161 221 0.9861365385453571
	a 221 161 0.9861365385453571
0.4068472581547501 2
	a 162 221 0.986620689469499
	a 221 162 0.986620689469499
0.1917896373478611 2
	a 163 194 0.9936477087493498
	a 194 163 0.9936477087493498
1.385168937220699 2
	a 164 329 0.9558954480381517
	a 329 164 0.9558954480381517
1.424114196624984 2
	a 164 210 0.9547133188807673
	a 210 164 0.9547133188807673
2.034236290773753 2
	a 165 337 0.9365890421708762
	a 337 165 0.9365890421708762
0.8266086393752234 2
	a 165 296 0.9731918249221194
	a 296 165 0.9731918249221194
3.93806739851337 2
	a 165 308 0.8845486357542165
	a 308 165 0.8845486357542165
0.4217785570495555 2
	a 166 231 0.9861365385453571
	a 231 166 0.9861365385453571
0.1917896373478611 2
	a 167 195 0.9936477087493498
	a 195 167 0.9936477087493498
0.9493102690277512 2
	a 168 303 0.9693368529259123
	a 303 168 0.9693368529259123
0.7884591958105146 2
	a 169 297 0.9743968235948948
	a 297 169 0.9743968235948948
1.453744046139253 2
	a 169 229 0.9538159996063358
	a 229 169 0.9538159996063358
0.9094841310632604 2
	a 170 303 0.9705846336195323
	a 303 170 0.9705846336195323
1.328070587127958 2
	a 170 254 0.9576341470266612
	a 254 170 0.9576341470266612
2.023593699922384 2
	a 171 337 0.936898914655814
	a 337 171 0.936898914655814
3.309422633626836 2
	a 171 250 0.901007416780329
	a 250 171 0.901007416780329
0.9493102690277512 2
	a 171 309 0.9693368529259123
	a 309 171 0.9693368529259123
3.203765535335847 2
	a 172 322 0.9038420068826201
	a 322 172 0.9038420068826201
0.6780787635912512 2
	a 172 279 0.9779006413097311
	a 279 172 0.9779006413097311
1.468948059271724 2
	a 172 257 0.9533562443553444
	a 257 172 0.9533562443553444
3.199625435034238 2
	a 173 375 0.9039534853606148
	a 375 173 0.9039534853606148
5.0334707181108 2
	a 173 396 0.8574671192868772
	a 396 173 0.8574671192868772
4.519541365581797 2
	a 173 391 0.86992687120677
	a 391 173 0.86992687120677
1.328070587127958 2
	a 174 303 0.9576341470266612
	a 303 174 0.9576341470266612
2.104789825580311 2
	a 174 329 0.9345403373812204
	a 329 174 0.9345403373812204
1.844499961812022 2
	a 174 320 0.9421465703793969
	a 320 174 0.9421465703793969
0.4217785570495555 2
	a 174 243 0.9861365385453571
	a 243 174 0.9861365385453571
1.813559847141291 2
	a 174 267 0.9430595159830195
	a 267 174 0.9430595159830195
1.027006667447879 2
	a 174 256 0.9669120859946405
	a 256 174 0.9669120859946405
2.087886402409477 2
	a 174 216 0.935030294675057
	a 216 174 0.935030294675057
2.533511339582877 2
	a 175 355 0.9222963600051035
	a 355 175 0.9222963600051035
0.4217785570495555 2
	a 175 212 0.9861365385453571
	a 212 175 0.9861365385453571
3.065108206077205 2
	a 175 344 0.907592357572385
	a 344 175 0.907592357572385
0.2701555345749592 2
	a 176 216 0.9910754242055927
	a 216 176 0.9910754242055927
0.8698684009391123 2
	a 177 303 0.9718291131847872
	a 303 177 0.9718291131847872
4.415518251769532 2
	a 178 351 0.8725011834907301
	a 351 178 0.8725011834907301
2.604665358339847 2
	a 178 358 0.920297898164167
	a 358 178 0.920297898164167
5.013828516731722 2
	a 178 373 0.8579355219781735
	a 373 178 0.8579355219781735
0.8493692481391316 2
	a 179 303 0.9724743604575555
	a 303 179 0.9724743604575555
2.71393317180066 2
	a 180 341 0.9172473537088366
	a 341 180 0.9172473537088366
0.1917896373478611 2
	a 180 209 0.9936477087493498
	a 209 180 0.9936477087493498
0.4068472581547501 2
	a 181 246 0.986620689469499
	a 246 181 0.986620689469499
4.562238177115101 2
	a 182 344 0.8688753885552079
	a 344 182 0.8688753885552079
0.7824456497750818 2
	a 182 299 0.9745870488658112
	a 299 182 0.9745870488658112
2.697435348223059 2
	a 183 303 0.917706517718091
	a 303 183 0.917706517718091
0.3002129760370238 2
	a 183 195 0.9900923780751469
	a 195 183 0.9900923780751469
3.120560953941737 2
	a 183 241 0.906088331615315
	a 241 183 0.906088331615315
0.4068472581547501 2
	a 183 247 0.986620689469499
	a 247 183 0.986620689469499
3.588918187830404 2
	a 183 190 0.8936046133032409
	a 190 183 0.8936046133032409
1.487138706482632 2
	a 184 258 0.9528067880214321
	a 258 184 0.9528067880214321
2.493265276481146 2
	a 184 356 0.9234309324571102
	a 356 184 0.9234309324571102
0.487629339878578 2
	a 185 260 0.9840070514701087
	a 260 185 0.9840070514701087
0.4068472581547501 2
	a 185 203 0.986620689469499
	a 203 185 0.986620689469499
0.9493102690277512 2
	a 185 285 0.9693368529259123
	a 285 185 0.9693368529259123
0.8266086393752234 2
	a 186 303 0.9731918249221194
	a 303 186 0.9731918249221194
2.576699301646753 2
	a 186 221 0.9210822340862695
	a 221 186 0.9210822340862695
1.847293601112768 2
	a 186 252 0.9420642315114247
	a 252 186 0.9420642315114247
0.8266086393752234 2
	a 187 303 0.9731918249221194
	a 303 187 0.9731918249221194
1.208722079564016 2
	a 187 284 0.9612898680661656
	a 284 187 0.9612898680661656
0.5424630108730013 2
	a 187 202 0.9822409559256213
	a 202 187 0.9822409559256213
0.1356157527182506 2
	a 188 208 0.9954998486103701
	a 208 188 0.9954998486103701
0.8266086393752234 2
	a 189 303 0.9731918249221194
	a 303 189 0.9731918249221194
1.465260119971778 2
	a 189 221 0.9534677214128324
	a 221 189 0.9534677214128324
0.2701555345749592 2
	a 189 230 0.9910754242055927
	a 230 189 0.9910754242055927
0.7884591958105146 2
	a 190 303 0.9743968235948948
	a 303 190 0.9743968235948948
3.091902470338413 2
	a 190 266 0.9068649316379227
	a 266 190 0.9068649316379227
2.441083548928503 2
	a 190 246 0.92490652143204
	a 246 190 0.92490652143204
0.7884591958105146 2
	a 191 303 0.9743968235948948
	a 303 191 0.9743968235948948
0.4217785570495555 2
	a 191 199 0.9861365385453571
	a 199 191 0.9861365385453571
1.2777003560333 2
	a 192 303 0.9591734726358991
	a 303 192 0.9591734726358991
0.487629339878578 2
	a 192 265 0.9840070514701087
	a 265 192 0.9840070514701087
1.875380545687836 2
	a 193 344 0.9412372570879349
	a 344 193 0.9412372570879349
1.027006667447879 2
	a 193 205 0.9669120859946405
	a 205 193 0.9669120859946405
0.7617588454580648 2
	a 194 301 0.9752420130266003
	a 301 194 0.9752420130266003
0.6027356872459425 2
	a 194 223 0.9803071135846667
	a 223 194 0.9803071135846667
0.2701555345749592 2
	a 195 241 0.9910754242055927
	a 241 195 0.9910754242055927
0.1917896373478611 2
	a 196 221 0.9936477087493498
	a 221 196 0.9936477087493498
1.756468616875567 2
	a 197 305 0.9447490500526149
	a 305 197 0.9447490500526149
1.362615323300689 2
	a 197 333 0.9565814362875824
	a 333 197 0.9565814362875824
5.298588565963209 2
	a 197 375 0.8512045652540103
	a 375 197 0.8512045652540103
1.465260119971778 2
	a 198 313 0.9534677214128324
	a 313 198 0.9534677214128324
3.920906626369651 2
	a 198 387 0.8849888309436058
	a 387 198 0.8849888309436058
1.756468616875567 2
	a 198 263 0.9447490500526149
	a 263 198 0.9447490500526149
2.556506482229538 2
	a 198 361 0.9216494716389685
	a 361 198 0.9216494716389685
0.7241308354215087 2
	a 199 303 0.9764356703146633
	a 303 199 0.9764356703146633
1.48645752663883 2
	a 199 274 0.9528273513454818
	a 274 199 0.9528273513454818
0.6981164340668319 2
	a 200 303 0.9772626664842042
	a 303 200 0.9772626664842042
0.4217785570495555 2
	a 200 262 0.9861365385453571
	a 262 200 0.9861365385453571
0.6981164340668319 2
	a 201 303 0.9772626664842042
	a 303 201 0.9772626664842042
0.6981164340668319 2
	a 202 303 0.9772626664842042
	a 303 202 0.9772626664842042
0.6981164340668319 2
	a 203 303 0.9772626664842042
	a 303 203 0.9772626664842042
0.4068472581547501 2
	a 203 260 0.986620689469499
	a 260 203 0.986620689469499
1.632950996279984 2
	a 203 284 0.9484264597311823
	a 284 203 0.9484264597311823
0.6981164340668319 2
	a 204 303 0.9772626664842042
	a 303 204 0.9772626664842042
1.756468616875567 2
	a 204 289 0.9447490500526149
	a 289 204 0.9447490500526149
1.784624015762082 2
	a 205 344 0.9439150272450716
	a 344 205 0.9439150272450716
1.277257733339577 2
	a 206 303 0.9591870222090993
	a 303 206 0.9591870222090993
0.487629339878578 2
	a 206 283 0.9840070514701087
	a 283 206 0.9840070514701087
0.6773268194476793 2
	a 207 303 0.9779245988827807
	a 303 207 0.9779245988827807
0.4068472581547501 2
	a 208 273 0.986620689469499
	a 273 208 0.986620689469499
0.8678838813832842 2
	a 209 318 0.9718915409211399
	a 318 209 0.9718915409211399
3.027825469226545 2
	a 209 341 0.9086066948665162
	a 341 209 0.9086066948665162
1.465260119971778 2
	a 210 337 0.9534677214128324
	a 337 210 0.9534677214128324
1.21946580360271 2
	a 211 332 0.9609595882918205
	a 332 211 0.9609595882918205
0.3897640175368631 2
	a 212 280 0.9871752090644744
	a 280 212 0.9871752090644744
0.9006357637435058 2
	a 213 278 0.9708623092235582
	a 278 213 0.9708623092235582
1.250070526955394 2
	a 213 334 0.9600200443887001
	a 334 213 0.9600200443887001
5.686884877495753 2
	a 213 456 0.842229799547942
	a 456 213 0.842229799547942
0.6027356872459425 2
	a 214 303 0.9803071135846667
	a 303 214 0.9803071135846667
0.6027356872459425 2
	a 215 303 0.9803071135846667
	a 303 215 0.9803071135846667
0.8296223875631548 2
	a 215 285 0.973096762405262
	a 285 215 0.973096762405262
0.6027356872459425 2
	a 216 303 0.9803071135846667
	a 303 216 0.9803071135846667
4.413904885405742 2
	a 217 296 0.8725412510374737
	a 296 217 0.8725412510374737
0.1917896373478611 2
	a 217 250 0.9936477087493498
	a 250 217 0.9936477087493498
1.153879263547335 2
	a 218 331 0.9629795173791319
	a 331 218 0.9629795173791319
0.5753689120435835 2
	a 219 303 0.9811842105722803
	a 303 219 0.9811842105722803
0.3897640175368631 2
	a 219 240 0.9871752090644744
	a 240 219 0.9871752090644744
0.5753689120435835 2
	a 220 303 0.9811842105722803
	a 303 220 0.9811842105722803
0.4068472581547501 2
	a 220 274 0.986620689469499
	a 274 220 0.986620689469499
0.559158074001358 2
	a 221 303 0.9817045182961843
	a 303 221 0.9817045182961843
0.6981164340668319 2
	a 222 303 0.9772626664842042
	a 303 222 0.9772626664842042
