0.4068472581547501 2
	a 0 30 0.986620689469499
	a 30 0 0.986620689469499
0.4068472581547501 2
	a 1 30 0.986620689469499
	a 30 1 0.986620689469499
1.81402360328981 2
	a 2 39 0.9430458180897903
	a 39 2 0.9430458180897903
3.045367841495786 2
	a 2 43 0.9081291121352144
	a 43 2 0.9081291121352144
1.385168937220699 2
	a 2 7 0.9558954480381517
	a 7 2 0.9558954480381517
0.7884591958105146 2
	a 2 13 0.9743968235948948
	a 13 2 0.9743968235948948
0.3002129760370238 2
	a 2 24 0.9900923780751469
	a 24 2 0.9900923780751469
1.355312686248317 2
	a 3 12 0.9568037736390943
	a 12 3 0.9568037736390943
0.99986533083179 2
	a 3 39 0.9677576919995778
	a 39 3 0.9677576919995778
0.3981115513613038 2
	a 4 30 0.986904170385881
	a 30 4 0.986904170385881
0.5753689120435835 2
	a 5 36 0.9811842105722803
	a 36 5 0.9811842105722803
0.2712315054364995 2
	a 6 24 0.9910401999457994
	a 24 6 0.9910401999457994
2.974238821242567 2
	a 6 8 0.9100690295732337
	a 8 6 0.9100690295732337
1.588630791858241 2
	a 7 39 0.9497533758965864
	a 39 7 0.9497533758965864
0.4068472581547501 2
	a 7 13 0.986620689469499
	a 13 7 0.986620689469499
0.2712315054364995 2
	a 7 24 0.9910401999457994
	a 24 7 0.9910401999457994
0.2701555345749592 2
	a 8 24 0.9910754242055927
	a 24 8 0.9910754242055927
0.4068472581547501 2
	a 9 32 0.986620689469499
	a 32 9 0.986620689469499
0.4068472581547501 2
	a 10 32 0.986620689469499
	a 32 10 0.986620689469499
1.096459282614921 2
	a 10 15 0.9647551988680341
	a 15 10 0.9647551988680341
1.067269989914409 2
	a 11 40 0.9656604710931534
	a 40 11 0.9656604710931534
3.068634188524729 2
	a 11 31 0.907496557932518
	a 31 11 0.907496557932518
0.2701555345749592 2
	a 12 27 0.9910754242055927
	a 27 12 0.9910754242055927
3.586238922334978 2
	a 12 39 0.8936749243330688
	a 39 12 0.8936749243330688
0.1917896373478611 2
	a 13 24 0.9936477087493498
	a 24 13 0.9936477087493498
0.5753689120435835 2
	a 14 37 0.9811842105722803
	a 37 14 0.9811842105722803
0.5753689120435835 2
	a 14 22 0.9811842105722803
	a 22 14 0.9811842105722803
0.2822352093936812 2
	a 15 32 0.9906801146382663
	a 32 15 0.9906801146382663
0.4068472581547501 2
	a 16 36 0.986620689469499
	a 36 16 0.986620689469499
0.4068472581547501 2
	a 17 36 0.986620689469499
	a 36 17 0.986620689469499
0.8753836449732832 2
	a 17 30 0.9716556615608998
	a 30 17 0.9716556615608998
0.1356157527182506 2
	a 18 26 0.9954998486103701
	a 26 18 0.9954998486103701
0.2701555345749592 2
	a 19 32 0.9910754242055927
	a 32 19 0.9910754242055927
0.9493102690277512 2
	a 19 30 0.9693368529259123
	a 30 19 0.9693368529259123
0.1917896373478611 2
	a 20 30 0.9936477087493498
	a 30 20 0.9936477087493498
0.4217785570495555 2
	a 21 37 0.9861365385453571
	a 37 21 0.9861365385453571
0.4217785570495555 2
	a 22 37 0.9861365385453571
	a 37 22 0.9861365385453571
0.3002129760370238 2
	a 23 36 0.9900923780751469
	a 36 23 0.9900923780751469
2.976935165281786 2
	a 23 30 0.9099953237190729
	a 30 23 0.9099953237190729
1.381814599110866 2
	a 24 39 0.9559974079363562
	a 39 24 0.9559974079363562
2.851684940432101 2
	a 24 49 0.9134331236841866
	a 49 24 0.9134331236841866
2.109686006305949 2
	a 24 43 0.9343985213260877
	a 43 24 0.9343985213260877
2.062654928877343 2
	a 24 44 0.9357626741605423
	a 44 24 0.9357626741605423
0.9569120473074697 2
	a 24 36 0.9690990602062898
	a 36 24 0.9690990602062898
2.140995922531718 2
	a 24 33 0.933492734904104
	a 33 24 0.933492734904104
0.8678838813832842 2
	a 24 29 0.9718915409211399
	a 29 24 0.9718915409211399
0.1356157527182506 2
	a 25 32 0.9954998486103701
	a 32 25 0.9954998486103701
0.2701555345749592 2
	a 26 36 0.9910754242055927
	a 36 26 0.9910754242055927
0.6385290286129006 2
	a 27 39 0.9791623601810021
	a 39 27 0.9791623601810021
0.3002129760370238 2
	a 28 37 0.9900923780751469
	a 37 28 0.9900923780751469
4.30123298093595 2
	a 28 45 0.8753501159859645
	a 45 28 0.8753501159859645
0.4498654971040983 2
	a 28 38 0.9852271177182471
	a 38 28 0.9852271177182471
0.1917896373478611 2
	a 29 36 0.9936477087493498
	a 36 29 0.9936477087493498
0.1917896373478611 2
	a 30 36 0.9936477087493498
	a 36 30 0.9936477087493498
0.5488408072586609 2
	a 30 32 0.9820359572016657
	a 32 30 0.9820359572016657
0.6981164340668319 2
	a 31 40 0.9772626664842042
	a 40 31 0.9772626664842042
0.1356157527182506 2
	a 32 36 0.9954998486103701
	a 36 32 0.9954998486103701
2.548612361592211 2
	a 33 40 0.921871433493353
	a 40 33 0.921871433493353
1.220770282487056 2
	a 33 44 0.9609195025649143
	a 44 33 0.9609195025649143
0.6027356872459425 2
	a 34 40 0.9803071135846667
	a 40 34 0.9803071135846667
0.4217785570495555 2
	a 35 39 0.9861365385453571
	a 39 35 0.9861365385453571
2.754268253082478 2
	a 35 36 0.9161268804682015
	a 36 35 0.9161268804682015
0.4068472581547501 2
	a 36 39 0.986620689469499
	a 39 36 0.986620689469499
1.084926021746002 2
	a 37 45 0.9651126791441141
	a 45 37 0.9651126791441141
2.034236290773753 2
	a 38 45 0.9365890421708762
	a 45 38 0.9365890421708762
0.5294379043957786 2
	a 38 42 0.9826598871066465
	a 42 38 0.9826598871066465
1.381814599110866 2
	a 39 46 0.9559974079363562
	a 46 39 0.9559974079363562
6.101774308005075 2
	a 40 48 0.8328936749515019
	a 48 40 0.8328936749515019
1.28340913278765 2
	a 40 47 0.9589987512963922
	a 47 40 0.9589987512963922
6.38144736514685 2
	a 40 49 0.8267444196721971
	a 49 40 0.8267444196721971
1.940314217948049 2
	a 40 44 0.9393313083765565
	a 44 40 0.9393313083765565
0.5753689120435835 2
	a 41 45 0.9811842105722803
	a 45 41 0.9811842105722803
5.084805575013494 2
	a 41 47 0.8562458420542061
	a 47 41 0.8562458420542061
0.4217785570495555 2
	a 42 45 0.9861365385453571
	a 45 42 0.9861365385453571
1.785628792873972 2
	a 43 49 0.9438852925303747
	a 49 43 0.9438852925303747
1.441427748955187 2
	a 44 49 0.9541887748069333
	a 49 44 0.9541887748069333
1.064816194648925 2
	a 45 48 0.9657366530214315
	a 48 45 0.9657366530214315
4.707113909044707 2
	a 45 47 0.8653297989864448
	a 47 45 0.8653297989864448
2.486272693203688 2
	a 46 48 0.9236283702106962
	a 48 46 0.9236283702106962
0.7671585448709205 2
	a 46 49 0.975070966213913
	a 49 46 0.975070966213913
0.4217785570495555 2
	a 47 48 0.9861365385453571
	a 48 47 0.9861365385453571
0.3002129760370238 2
	a 48 49 0.9900923780751469
	a 49 48 0.9900923780751469
