0.5294379043957786 2
	a 0 26 0.9826598871066465
	a 26 0 0.9826598871066465
0.1516230224745966 2
	a 0 6 0.9949713573345427
	a 6 0 0.9949713573345427
6.814524084116939 2
	a 1 215 0.8174456088073564
	a 215 1 0.8174456088073564
6.696444921916338 2
	a 1 262 0.8199543844250745
	a 262 1 0.8199543844250745
0.487629339878578 2
	a 2 26 0.9840070514701087
	a 26 2 0.9840070514701087
0.6773268194476793 2
	a 2 3 0.9779245988827807
	a 3 2 0.9779245988827807
0.4518359985116184 2
	a 3 26 0.9851633791903387
	a 26 3 0.9851633791903387
3.912148787085363 2
	a 3 7 0.885213674595881
	a 7 3 0.885213674595881
1.355312686248317 2
	a 4 63 0.9568037736390943
	a 63 4 0.9568037736390943
2.528327463599425 2
	a 4 43 0.9224423273567743
	a 43 4 0.9224423273567743
2.159909754305571 2
	a 5 44 0.9329464787921422
	a 44 5 0.9329464787921422
2.075429932783403 2
	a 5 28 0.9353917074953507
	a 28 5 0.9353917074953507
0.4068472581547501 2
	a 5 11 0.986620689469499
	a 11 5 0.986620689469499
0.9589481822187813 2
	a 5 46 0.9690353879296758
	a 46 5 0.9690353879296758
1.783013673629581 2
	a 5 81 0.943962686808074
	a 81 5 0.943962686808074
0.4068472581547501 2
	a 6 26 0.986620689469499
	a 26 6 0.986620689469499
0.3403795954308141 2
	a 7 25 0.9887817766713458
	a 25 7 0.9887817766713458
0.6780787635912512 2
	a 8 39 0.9779006413097311
	a 39 8 0.9779006413097311
3.920906626369651 2
	a 9 108 0.8849888309436058
	a 108 9 0.8849888309436058
0.4217785570495555 2
	a 9 28 0.9861365385453571
	a 28 9 0.9861365385453571
5.219131454663966 2
	a 10 182 0.8530698813285724
	a 182 10 0.8530698813285724
2.051680644497453 2
	a 10 95 0.9360816030474183
	a 95 10 0.9360816030474183
3.422984317570741 2
	a 10 88 0.8979829415415261
	a 88 10 0.8979829415415261
6.102966551292472 2
	a 10 51 0.8328672166530482
	a 51 10 0.8328672166530482
0.4518359985116184 2
	a 11 31 0.9851633791903387
	a 31 11 0.9851633791903387
4.78658050440559 2
	a 12 206 0.8633994823369773
	a 206 12 0.8633994823369773
3.289650625369782 2
	a 12 70 0.9015363467677293
	a 70 12 0.9015363467677293
2.904319181587363 2
	a 12 56 0.9119849500385588
	a 56 12 0.9119849500385588
0.2712315054364995 2
	a 13 25 0.9910401999457994
	a 25 13 0.9910401999457994
2.712315054365003 2
	a 14 129 0.9172923664845261
	a 129 14 0.9172923664845261
2.872202342591871 2
	a 14 69 0.9128680053533111
	a 69 14 0.9128680053533111
0.7241308354215087 2
	a 15 47 0.9764356703146633
	a 47 15 0.9764356703146633
2.336062963172896 2
	a 16 112 0.9278918888563504
	a 112 16 0.9278918888563504
2.045198491790077 2
	a 16 97 0.9362700936082269
	a 97 16 0.9362700936082269
3.661625323392755 2
	a 16 53 0.8917013720717077
	a 53 16 0.8917013720717077
2.637660630291472 2
	a 16 122 0.9193743913517806
	a 122 16 0.9193743913517806
5.018550499022993 2
	a 16 38 0.8578228620319663
	a 38 16 0.8578228620319663
4.917695075360097 2
	a 17 57 0.8602368601876133
	a 57 17 0.8602368601876133
3.574407993929892 2
	a 17 161 0.893985549472736
	a 161 17 0.893985549472736
3.180123641164474 2
	a 17 47 0.9044790147524165
	a 47 17 0.9044790147524165
0.1917896373478611 2
	a 18 26 0.9936477087493498
	a 26 18 0.9936477087493498
0.1917896373478611 2
	a 19 26 0.9936477087493498
	a 26 19 0.9936477087493498
8.336629865869941 2
	a 20 258 0.7868136707353952
	a 258 20 0.7868136707353952
4.858317114874661 2
	a 20 174 0.861665695035076
	a 174 20 0.861665695035076
0.487629339878578 2
	a 20 34 0.9840070514701087
	a 34 20 0.9840070514701087
6.476780194401781 2
	a 20 207 0.8246743734209019
	a 207 20 0.8246743734209019
1.816060122445756 2
	a 20 92 0.9429856707532226
	a 92 20 0.9429856707532226
4.587302174233679 2
	a 20 170 0.8682595371100675
	a 170 20 0.8682595371100675
6.629630950806258 2
	a 20 101 0.8213827246995253
	a 101 20 0.8213827246995253
0.5575248444503217 2
	a 21 42 0.9817569700886031
	a 42 21 0.9817569700886031
0.754358709720538 2
	a 21 26 0.9754765278968778
	a 26 21 0.9754765278968778
3.758715484174031 2
	a 22 140 0.8891742030568167
	a 140 22 0.8891742030568167
4.568530418042895 2
	a 22 122 0.8687206841509143
	a 122 22 0.8687206841509143
3.86801273077371 2
	a 22 77 0.8863487979347666
	a 77 22 0.8863487979347666
0.2701555345749592 2
	a 22 30 0.9910754242055927
	a 30 22 0.9910754242055927
4.349082969566818 2
	a 22 59 0.8741546571705787
	a 59 22 0.8741546571705787
5.80631931120062 2
	a 23 248 0.8395156843603693
	a 248 23 0.8395156843603693
1.372164796938848 2
	a 23 37 0.9562908546348245
	a 37 23 0.9562908546348245
0.487629339878578 2
	a 23 36 0.9840070514701087
	a 36 23 0.9840070514701087
0.1917896373478611 2
	a 23 29 0.9936477087493498
	a 29 23 0.9936477087493498
6.168172390806818 2
	a 24 176 0.83142336475866
	a 176 24 0.83142336475866
0.487629339878578 2
	a 24 44 0.9840070514701087
	a 44 24 0.9840070514701087
0.3981115513613038 2
	a 25 40 0.986904170385881
	a 40 25 0.986904170385881
0.2701555345749592 2
	a 26 27 0.9910754242055927
	a 27 26 0.9910754242055927
0.5294379043957786 2
	a 26 52 0.9826598871066465
	a 52 26 0.9826598871066465
2.016230026740239 2
	a 26 42 0.9371134460308805
	a 42 26 0.9371134460308805
2.697435348223059 2
	a 27 139 0.917706517718091
	a 139 27 0.917706517718091
2.285230558113497 2
	a 27 72 0.9293444002088587
	a 72 27 0.9293444002088587
1.545598435309036 2
	a 27 52 0.9510454916119191
	a 52 27 0.9510454916119191
1.184441823962497 2
	a 28 78 0.962037155107214
	a 78 28 0.962037155107214
4.362286718154571 2
	a 28 108 0.8738254524812861
	a 108 28 0.8738254524812861
1.385168937220699 2
	a 29 36 0.9558954480381517
	a 36 29 0.9558954480381517
1.64751219978562 2
	a 29 95 0.9479913623542346
	a 95 29 0.9479913623542346
1.515971031398842 2
	a 29 88 0.951937259144688
	a 88 29 0.951937259144688
1.22222851799131 2
	a 30 79 0.9608746961306778
	a 79 30 0.9608746961306778
2.158675257670153 2
	a 30 77 0.9329821116565027
	a 77 30 0.9329821116565027
0.8272569866452942 2
	a 30 39 0.9731713725222706
	a 39 30 0.9731713725222706
0.2701555345749592 2
	a 31 44 0.9910754242055927
	a 44 31 0.9910754242055927
1.255322192733106 2
	a 32 61 0.9598590144779089
	a 61 32 0.9598590144779089
1.220541774464252 2
	a 32 82 0.9609265242053444
	a 82 32 0.9609265242053444
2.050281198422004 2
	a 32 35 0.9361222897912163
	a 35 32 0.9361222897912163
4.304177004544885 2
	a 33 208 0.8752764539080922
	a 208 33 0.8752764539080922
8.557350303252587 2
	a 33 56 0.7826241938436399
	a 56 33 0.7826241938436399
4.943938974732573 2
	a 33 125 0.8596071432285963
	a 125 33 0.8596071432285963
6.612044837936243 2
	a 33 176 0.8217597371872152
	a 176 33 0.8217597371872152
7.499693020081303 2
	a 34 203 0.8032715363442455
	a 203 34 0.8032715363442455
5.225875219199386 2
	a 34 219 0.8529111823292531
	a 219 34 0.8529111823292531
5.83491777127179 2
	a 34 174 0.8388689926529802
	a 174 34 0.8388689926529802
4.60214788602694 2
	a 34 179 0.8678952457484189
	a 179 34 0.8678952457484189
1.421085869743634 2
	a 34 92 0.9548051295193345
	a 92 34 0.9548051295193345
1.10463182239258 2
	a 35 82 0.9645020524792858
	a 82 35 0.9645020524792858
1.795910686507836 2
	a 36 37 0.9435811313631474
	a 37 36 0.9435811313631474
0.4068472581547501 2
	a 36 48 0.986620689469499
	a 48 36 0.986620689469499
1.255322192733106 2
	a 36 88 0.9598590144779089
	a 88 36 0.9598590144779089
2.556506482229538 2
	a 36 61 0.9216494716389685
	a 61 36 0.9216494716389685
5.328797042689076 2
	a 37 248 0.850497986652563
	a 248 37 0.850497986652563
1.830156796793081 2
	a 37 99 0.9425695579946403
	a 99 37 0.9425695579946403
5.83491777127179 2
	a 38 53 0.8388689926529802
	a 53 38 0.8388689926529802
1.027006667447879 2
	a 38 79 0.9669120859946405
	a 79 38 0.9669120859946405
1.017007035400675 2
	a 39 79 0.9672234530388609
	a 79 39 0.9672234530388609
1.933180707300893 2
	a 40 120 0.9395402897026972
	a 120 40 0.9395402897026972
1.126737926931244 2
	a 40 59 0.9638180012646471
	a 59 40 0.9638180012646471
3.759459567124471 2
	a 41 196 0.8891548983430146
	a 196 41 0.8891548983430146
2.359534492315178 2
	a 41 57 0.9272228606341048
	a 57 41 0.9272228606341048
3.621840584397044 2
	a 41 161 0.8927416668472004
	a 161 41 0.8927416668472004
4.549468209073992 2
	a 41 224 0.8691895573953012
	a 224 41 0.8691895573953012
0.6981164340668319 2
	a 42 72 0.9772626664842042
	a 72 42 0.9772626664842042
0.8241254245324514 2
	a 42 52 0.9732701672041728
	a 52 42 0.9732701672041728
0.5294379043957786 2
	a 43 63 0.9826598871066465
	a 63 43 0.9826598871066465
0.2701555345749592 2
	a 44 54 0.9910754242055927
	a 54 44 0.9910754242055927
1.607067595221909 2
	a 45 103 0.9492009145166291
	a 103 45 0.9492009145166291
0.6623180749170225 2
	a 45 71 0.9784030414175598
	a 71 45 0.9784030414175598
0.9493102690277512 2
	a 46 81 0.9693368529259123
	a 81 46 0.9693368529259123
2.034085142496823 2
	a 46 65 0.936593441505138
	a 65 46 0.936593441505138
4.399379217747845 2
	a 47 161 0.8729021864636313
	a 161 47 0.8729021864636313
4.463025245559152 2
	a 47 224 0.8713232889888367
	a 224 47 0.8713232889888367
6.11500685685818 2
	a 47 48 0.8326001356585273
	a 48 47 0.8326001356585273
1.385168937220699 2
	a 48 99 0.9558954480381517
	a 99 48 0.9558954480381517
8.030976162134344 2
	a 49 117 0.7927179998224703
	a 117 49 0.7927179998224703
3.312357851252894 2
	a 49 172 0.9009289548548127
	a 172 49 0.9009289548548127
3.700570939918522 2
	a 49 197 0.8906856877620483
	a 197 49 0.8906856877620483
3.484200282873288 2
	a 50 188 0.8963620572616898
	a 188 50 0.8963620572616898
12.12555112349584 2
	a 50 212 0.722791871394854
	a 212 50 0.722791871394854
8.470128286005204 2
	a 50 55 0.7842723846377953
	a 55 50 0.7842723846377953
3.399399870232219 2
	a 51 182 0.8986091809112571
	a 182 51 0.8986091809112571
4.151259995324677 2
	a 51 98 0.8791217645832221
	a 98 51 0.8791217645832221
0.5488408072586609 2
	a 52 72 0.9820359572016657
	a 72 52 0.9820359572016657
1.385168937220699 2
	a 53 112 0.9558954480381517
	a 112 53 0.9558954480381517
1.381814599110866 2
	a 53 81 0.9559974079363562
	a 81 53 0.9559974079363562
3.094573463272924 2
	a 54 176 0.9067924891973753
	a 176 54 0.9067924891973753
8.111150540629188 2
	a 54 150 0.7911576080712774
	a 150 54 0.7911576080712774
6.466394884715419 2
	a 55 212 0.8248992408501958
	a 212 55 0.8248992408501958
6.067250415973536 2
	a 55 181 0.8336607430382117
	a 181 55 0.8336607430382117
3.428182374441404 2
	a 55 196 0.8978450495710038
	a 196 55 0.8978450495710038
3.648982807036052 2
	a 55 200 0.8920316506374524
	a 200 55 0.8920316506374524
3.698525623820751 2
	a 56 206 0.8907389631092197
	a 206 56 0.8907389631092197
4.603173425910573 2
	a 56 225 0.8678700938584034
	a 225 56 0.8678700938584034
3.939994335620593 2
	a 56 208 0.884499238858057
	a 208 56 0.884499238858057
2.592183370349636 2
	a 57 161 0.920647787275513
	a 161 57 0.920647787275513
2.5686516911005 2
	a 58 152 0.9213082084211554
	a 152 58 0.9213082084211554
3.352142427509702 2
	a 58 108 0.8998669779155906
	a 108 58 0.8998669779155906
0.6623180749170225 2
	a 58 87 0.9784030414175598
	a 87 58 0.9784030414175598
0.2712315054364995 2
	a 58 74 0.9910401999457994
	a 74 58 0.9910401999457994
4.183107790748875 2
	a 59 140 0.8783176723441714
	a 140 59 0.8783176723441714
1.438672882198144 2
	a 59 120 0.9542721977711464
	a 120 59 0.9542721977711464
12.64893144290075 2
	a 60 230 0.715152268326402
	a 230 60 0.715152268326402
2.206569809637366 2
	a 60 87 0.9316018174983534
	a 87 60 0.9316018174983534
0.487629339878578 2
	a 60 80 0.9840070514701087
	a 80 60 0.9840070514701087
10.57570362966893 2
	a 60 115 0.7470426984181276
	a 115 60 0.7470426984181276
0.6780787635912512 2
	a 61 88 0.9779006413097311
	a 88 61 0.9779006413097311
2.010524034629345 2
	a 61 82 0.9372797553858452
	a 82 61 0.9372797553858452
0.9589481822187813 2
	a 62 101 0.9690353879296758
	a 101 62 0.9690353879296758
1.63627500166646 2
	a 63 131 0.9483270992762396
	a 131 63 0.9483270992762396
3.159829756367808 2
	a 63 96 0.9050266151353954
	a 96 63 0.9050266151353954
10.98316680936728 2
	a 64 171 0.7404223041774721
	a 171 64 0.7404223041774721
8.978324676970619 2
	a 64 154 0.7748026269931892
	a 154 64 0.7748026269931892
10.84766090088821 2
	a 64 388 0.7426040535207421
	a 388 64 0.7426040535207421
5.181866890324168 2
	a 64 133 0.8539481047846535
	a 133 64 0.8539481047846535
12.33669766284326 2
	a 64 163 0.7196777253453905
	a 163 64 0.7196777253453905
0.4261984914158477 2
	a 65 81 0.9859933135416687
	a 81 65 0.9859933135416687
2.974330954064437 2
	a 66 83 0.9100665108598451
	a 83 66 0.9100665108598451
4.412714233343177 2
	a 66 238 0.872570823345065
	a 238 66 0.872570823345065
0.487629339878578 2
	a 67 85 0.9840070514701087
	a 85 67 0.9840070514701087
0.99986533083179 2
	a 68 111 0.9677576919995778
	a 111 68 0.9677576919995778
1.712188283485123 2
	a 68 89 0.9460638989100543
	a 89 68 0.9460638989100543
9.775270941653552 2
	a 69 286 0.7605835056594368
	a 286 69 0.7605835056594368
1.381814599110866 2
	a 69 129 0.9559974079363562
	a 129 69 0.9559974079363562
6.490254957509764 2
	a 70 294 0.8243828436990327
	a 294 70 0.8243828436990327
4.485454572162318 2
	a 70 222 0.8707684684789543
	a 222 70 0.8707684684789543
0.7960384844779068 2
	a 71 103 0.9741571781134749
	a 103 71 0.9741571781134749
0.754358709720538 2
	a 71 73 0.9754765278968778
	a 73 71 0.9754765278968778
0.8136945163095008 2
	a 72 104 0.9735993908395411
	a 104 72 0.9735993908395411
1.875209981755642 2
	a 72 139 0.9412422743939006
	a 139 72 0.9412422743939006
1.356792294795199 2
	a 73 103 0.956758716476848
	a 103 73 0.956758716476848
2.255077037411157 2
	a 73 160 0.9302083513075068
	a 160 73 0.9302083513075068
0.3981115513613038 2
	a 74 87 0.986904170385881
	a 87 74 0.986904170385881
0.1917896373478611 2
	a 75 81 0.9936477087493498
	a 81 75 0.9936477087493498
3.694700120421774 2
	a 76 150 0.8908386273663105
	a 150 76 0.8908386273663105
2.184273549210764 2
	a 76 112 0.9322438349680046
	a 112 76 0.9322438349680046
0.1356157527182506 2
	a 76 81 0.9954998486103701
	a 81 76 0.9954998486103701
2.22352195954815 2
	a 76 91 0.9311143211065041
	a 91 76 0.9311143211065041
1.090487985406985 2
	a 77 122 0.9649402484598857
	a 122 77 0.9649402484598857
1.627389032619001 2
	a 77 79 0.9485927660071689
	a 79 77 0.9485927660071689
0.726203378641899 2
	a 78 107 0.9763698459609977
	a 107 78 0.9763698459609977
4.297993663066522 2
	a 78 108 0.8754311832949424
	a 108 78 0.8754311832949424
0.99986533083179 2
	a 79 122 0.9677576919995778
	a 122 79 0.9677576919995778
0.6981164340668319 2
	a 80 113 0.9772626664842042
	a 113 80 0.9772626664842042
1.392998929689093 2
	a 80 87 0.9556575329443662
	a 87 80 0.9556575329443662
0.6780787635912512 2
	a 81 112 0.9779006413097311
	a 112 81 0.9779006413097311
0.7068004757790167 2
	a 81 91 0.9769864418565645
	a 91 81 0.9769864418565645
0.1516230224745966 2
	a 82 88 0.9949713573345427
	a 88 82 0.9949713573345427
3.372397209764335 2
	a 83 159 0.8993273943979005
	a 159 83 0.8993273943979005
3.941954711051911 2
	a 83 238 0.8844489912841844
	a 238 83 0.8844489912841844
10.34851898606352 2
	a 83 303 0.7508127971270822
	a 303 83 0.7508127971270822
5.810566638357377 2
	a 84 178 0.8394195623573093
	a 178 84 0.8394195623573093
7.082327349899424 2
	a 84 173 0.8118283704568265
	a 173 84 0.8118283704568265
1.330050418899266 2
	a 84 137 0.9575737484377891
	a 137 84 0.9575737484377891
4.065361447687546 2
	a 84 242 0.8812990601142632
	a 242 84 0.8812990601142632
5.238265377242906 2
	a 85 271 0.8526197943356382
	a 271 85 0.8526197943356382
11.88953341906863 2
	a 86 168 0.7263251171887267
	a 168 86 0.7263251171887267
6.366882707960046 2
	a 86 171 0.8270618351128434
	a 171 86 0.8270618351128434
8.7277320085594 2
	a 86 347 0.7794320912202393
	a 347 86 0.7794320912202393
1.972151023975755 2
	a 87 152 0.938399836852394
	a 152 87 0.938399836852394
0.5308290191434861 2
	a 87 113 0.9826151268297626
	a 113 87 0.9826151268297626
0.1917896373478611 2
	a 88 95 0.9936477087493498
	a 95 88 0.9936477087493498
0.8185134729050157 2
	a 89 124 0.9734472649499103
	a 124 89 0.9734472649499103
1.642740432951527 2
	a 89 111 0.9481338990464174
	a 111 89 0.9481338990464174
0.5308290191434861 2
	a 90 114 0.9826151268297626
	a 114 90 0.9826151268297626
0.4068472581547501 2
	a 91 112 0.986620689469499
	a 112 91 0.986620689469499
2.161759639062626 2
	a 92 179 0.9328930886782791
	a 179 92 0.9328930886782791
2.017807540819533 2
	a 92 94 0.9370674782737249
	a 94 92 0.9370674782737249
5.333048017909581 2
	a 92 101 0.850398670175884
	a 101 92 0.850398670175884
2.876470314986717 2
	a 93 209 0.9127505481142744
	a 209 93 0.9127505481142744
2.671894268447994 2
	a 94 190 0.9184183686269025
	a 190 94 0.9184183686269025
2.11728015845984 2
	a 94 179 0.9341786510906264
	a 179 94 0.9341786510906264
1.73006200572298 2
	a 94 162 0.9455326939779243
	a 162 94 0.9455326939779243
3.661060379810606 2
	a 94 139 0.8917161249612757
	a 139 94 0.8917161249612757
3.898203075673438 2
	a 95 248 0.8855719797132535
	a 248 95 0.8855719797132535
4.457121362941889 2
	a 95 182 0.8714694676950968
	a 182 95 0.8714694676950968
2.413093054276768 2
	a 96 182 0.9257001512525
	a 182 96 0.9257001512525
2.319924670517324 2
	a 96 141 0.9283524995627528
	a 141 96 0.9283524995627528
0.7960384844779068 2
	a 96 131 0.9741571781134749
	a 131 96 0.9741571781134749
0.572507812946912 2
	a 96 98 0.9812760003733393
	a 98 96 0.9812760003733393
0.2712315054364995 2
	a 97 112 0.9910401999457994
	a 112 97 0.9910401999457994
5.009566900195153 2
	a 97 102 0.858037228687955
	a 102 97 0.858037228687955
3.892229075191496 2
	a 97 122 0.8857255707758348
	a 122 97 0.8857255707758348
2.146287170027124 2
	a 98 182 0.9333398473813576
	a 182 98 0.9333398473813576
3.065945900061222 2
	a 99 224 0.9075695956969159
	a 224 99 0.9075695956969159
6.990143961434073 2
	a 99 248 0.813750630809837
	a 248 99 0.813750630809837
1.617377570357635 2
	a 100 140 0.948892270581849
	a 140 100 0.948892270581849
0.6780787635912512 2
	a 100 121 0.9779006413097311
	a 121 100 0.9779006413097311
0.487629339878578 2
	a 100 122 0.9840070514701087
	a 122 100 0.9840070514701087
0.7068004757790167 2
	a 100 105 0.9769864418565645
	a 105 100 0.9769864418565645
3.188154584534717 2
	a 101 170 0.9042625161763864
	a 170 101 0.9042625161763864
2.256058904501888 2
	a 101 194 0.9301801917343283
	a 194 101 0.9301801917343283
1.428089202829759 2
	a 102 158 0.9545928356279318
	a 158 102 0.9545928356279318
1.127108817932829 2
	a 102 116 0.9638065330115606
	a 116 102 0.9638065330115606
1.957566648258504 2
	a 102 140 0.9388262966694736
	a 140 102 0.9388262966694736
0.9763801406626829 2
	a 102 121 0.9684906241748837
	a 121 102 0.9684906241748837
1.360345102038611 2
	a 102 122 0.9566505442427642
	a 122 102 0.9566505442427642
11.06818721788241 2
	a 103 209 0.7390634386909116
	a 209 103 0.7390634386909116
2.301626222344578 2
	a 103 130 0.9288753641524587
	a 130 103 0.9288753641524587
1.494593721394759 2
	a 103 160 0.9525817985122674
	a 160 103 0.9525817985122674
1.48777868626076 2
	a 104 162 0.9527874692877062
	a 162 104 0.9527874692877062
1.500957395660036 2
	a 104 139 0.9523898336922578
	a 139 104 0.9523898336922578
0.3981115513613038 2
	a 105 122 0.986904170385881
	a 122 105 0.986904170385881
3.039604547208841 2
	a 106 226 0.9082859534760653
	a 226 106 0.9082859534760653
1.111936995459528 2
	a 106 143 0.9642758896968104
	a 143 106 0.9642758896968104
0.5424630108730013 2
	a 106 114 0.9822409559256213
	a 114 106 0.9822409559256213
2.69429133206359 2
	a 107 213 0.9177940786303092
	a 213 107 0.9177940786303092
3.614319868173251 2
	a 107 227 0.8929386294614464
	a 227 107 0.8929386294614464
3.30072683402889 2
	a 107 108 0.9012399561865931
	a 108 107 0.9012399561865931
5.804515725661544 2
	a 108 227 0.8395565098533024
	a 227 108 0.8395565098533024
1.057281840000934 2
	a 108 152 0.9659706467906755
	a 152 108 0.9659706467906755
2.297112274617977 2
	a 109 133 0.9290044449719543
	a 133 109 0.9290044449719543
10.19953442682489 2
	a 109 399 0.7533163585475344
	a 399 109 0.7533163585475344
12.24601251652921 2
	a 109 384 0.7210098485251196
	a 384 109 0.7210098485251196
7.256507304359447 2
	a 109 156 0.808228362458308
	a 156 109 0.808228362458308
13.32077111789822 2
	a 109 296 0.7057283667316838
	a 296 109 0.7057283667316838
1.045093975455218 2
	a 110 153 0.9663494131232866
	a 153 110 0.9663494131232866
1.545598435309036 2
	a 111 166 0.9510454916119191
	a 166 111 0.9510454916119191
0.4217785570495555 2
	a 111 124 0.9861365385453571
	a 124 111 0.9861365385453571
0.9779391025070049 2
	a 112 150 0.9684419361045216
	a 150 112 0.9684419361045216
1.058859358600752 2
	a 112 116 0.9659216442099845
	a 116 112 0.9659216442099845
1.025590215157039 2
	a 113 152 0.9669561786560346
	a 152 113 0.9669561786560346
1.654092624187943 2
	a 113 144 0.9477948739037747
	a 144 113 0.9477948739037747
0.726203378641899 2
	a 114 143 0.9763698459609977
	a 143 114 0.9763698459609977
5.084869472635648 2
	a 114 155 0.8562443245066245
	a 155 114 0.8562443245066245
11.4684635763812 2
	a 115 230 0.7327683749039504
	a 230 115 0.7327683749039504
0.3002129760370238 2
	a 115 129 0.9900923780751469
	a 129 115 0.9900923780751469
0.8753836449732832 2
	a 116 150 0.9716556615608998
	a 150 116 0.9716556615608998
1.79148558970189 2
	a 116 158 0.943712009963719
	a 158 116 0.943712009963719
3.976478670891326 2
	a 117 262 0.8835651620148606
	a 262 117 0.8835651620148606
9.222094516862587 2
	a 117 197 0.7703728134929204
	a 197 117 0.7703728134929204
10.33738095470328 2
	a 117 209 0.7509991036747913
	a 209 117 0.7509991036747913
3.514600949723382 2
	a 118 252 0.8955595593617701
	a 252 118 0.8955595593617701
3.422244963089545 2
	a 118 230 0.8980025587230751
	a 230 118 0.8980025587230751
4.462336177399063 2
	a 119 166 0.8713403471843452
	a 166 119 0.8713403471843452
4.935630367149686 2
	a 119 188 0.8598063873806905
	a 188 119 0.8598063873806905
4.602520711813265 2
	a 119 196 0.8678861018064372
	a 196 119 0.8678861018064372
0.487629339878578 2
	a 119 142 0.9840070514701087
	a 142 119 0.9840070514701087
0.4518359985116184 2
	a 120 140 0.9851633791903387
	a 140 120 0.9851633791903387
0.4518359985116184 2
	a 121 140 0.9851633791903387
	a 140 121 0.9851633791903387
1.385168937220699 2
	a 121 122 0.9558954480381517
	a 122 121 0.9558954480381517
0.4151947874586657 2
	a 122 140 0.9863499594430311
	a 140 122 0.9863499594430311
0.6623180749170225 2
	a 123 151 0.9784030414175598
	a 151 123 0.9784030414175598
2.118200225452055 2
	a 123 187 0.9341520203443309
	a 187 123 0.9341520203443309
1.208722079564016 2
	a 124 166 0.9612898680661656
	a 166 124 0.9612898680661656
8.575635497245765 2
	a 125 307 0.7822798811996203
	a 307 125 0.7822798811996203
1.867041682230517 2
	a 125 126 0.941482619765754
	a 126 125 0.941482619765754
5.068660763760741 2
	a 125 289 0.8566294832696397
	a 289 125 0.8566294832696397
1.604933260944054 2
	a 125 176 0.9492648353914381
	a 176 125 0.9492648353914381
1.726106731610226 2
	a 126 195 0.9456501897302323
	a 195 126 0.9456501897302323
6.168386265889906 2
	a 127 173 0.831418639245704
	a 173 127 0.831418639245704
3.257600943295035 2
	a 127 218 0.9023952047955694
	a 218 127 0.9023952047955694
3.090224428822154 2
	a 127 242 0.9069104499337148
	a 242 127 0.9069104499337148
4.124710806810729 2
	a 127 267 0.8797933837858947
	a 267 127 0.8797933837858947
2.604665358339847 2
	a 128 229 0.920297898164167
	a 229 128 0.920297898164167
1.843510156679232 2
	a 128 177 0.9421757472716881
	a 177 128 0.9421757472716881
1.515971031398842 2
	a 128 162 0.951937259144688
	a 162 128 0.951937259144688
4.753921785546961 2
	a 129 280 0.8641915550618972
	a 280 129 0.8641915550618972
3.727679141085697 2
	a 129 230 0.8899802729571218
	a 230 129 0.8899802729571218
1.385168937220699 2
	a 130 160 0.9558954480381517
	a 160 130 0.9558954480381517
0.3981115513613038 2
	a 130 149 0.986904170385881
	a 149 130 0.986904170385881
0.1917896373478611 2
	a 131 141 0.9936477087493498
	a 141 131 0.9936477087493498
1.220541774464252 2
	a 132 178 0.9609265242053444
	a 178 132 0.9609265242053444
13.39547734718929 2
	a 133 388 0.704706301297046
	a 388 133 0.704706301297046
9.634044462370163 2
	a 133 399 0.763048510988829
	a 399 133 0.763048510988829
7.720013404555002 2
	a 133 163 0.7988496302774317
	a 163 133 0.7988496302774317
0.9493102690277512 2
	a 134 166 0.9693368529259123
	a 166 134 0.9693368529259123
0.2701555345749592 2
	a 135 146 0.9910754242055927
	a 146 135 0.9910754242055927
3.463679390868148 2
	a 135 239 0.89690467520867
	a 239 135 0.89690467520867
2.413936864531231 2
	a 135 187 0.9256762045825243
	a 187 135 0.9256762045825243
0.4068472581547501 2
	a 136 153 0.986620689469499
	a 153 136 0.986620689469499
2.817142988902825 2
	a 137 242 0.9143862731790322
	a 242 137 0.9143862731790322
6.1980099042027 2
	a 137 138 0.8307647634043336
	a 138 137 0.8307647634043336
2.816826972555314 2
	a 138 242 0.9143950034600961
	a 242 138 0.9143950034600961
4.668750337247507 2
	a 138 229 0.8662653519130776
	a 229 138 0.8662653519130776
0.6623180749170225 2
	a 139 162 0.9784030414175598
	a 162 139 0.9784030414175598
0.5424630108730013 2
	a 140 158 0.9822409559256213
	a 158 140 0.9822409559256213
3.347049269423765 2
	a 140 207 0.9000027733506645
	a 207 140 0.9000027733506645
3.283419705364841 2
	a 140 194 0.9017031774726754
	a 194 140 0.9017031774726754
1.165489355260694 2
	a 141 182 0.9626213070482963
	a 182 141 0.9626213070482963
1.220770282487056 2
	a 141 164 0.9609195025649143
	a 164 141 0.9609195025649143
0.9056588220468618 2
	a 141 148 0.9707046576993192
	a 148 141 0.9707046576993192
1.356157527182502 2
	a 142 196 0.9567780459285045
	a 196 142 0.9567780459285045
0.6981164340668319 2
	a 143 165 0.9772626664842042
	a 165 143 0.9772626664842042
0.1917896373478611 2
	a 144 152 0.9936477087493498
	a 152 144 0.9936477087493498
1.768027563368052 2
	a 144 198 0.9444064600374136
	a 198 144 0.9444064600374136
4.578997237317166 2
	a 145 200 0.8684634850456558
	a 200 145 0.8684634850456558
7.975821985910994 2
	a 145 333 0.7937962890224203
	a 333 145 0.7937962890224203
1.841776535306984 2
	a 145 183 0.9422268545800392
	a 183 145 0.9422268545800392
7.980798071438135 2
	a 145 236 0.7936988414894404
	a 236 145 0.7936988414894404
2.722745962587952 2
	a 145 248 0.917002284798268
	a 248 145 0.917002284798268
1.766150822171435 2
	a 146 151 0.9444620659100418
	a 151 146 0.9444620659100418
1.075086642313258 2
	a 146 187 0.9654178739060115
	a 187 146 0.9654178739060115
0.5769277473132041 2
	a 147 163 0.9811342073759752
	a 163 147 0.9811342073759752
0.9569120473074697 2
	a 147 178 0.9690990602062898
	a 178 147 0.9690990602062898
0.572507812946912 2
	a 148 164 0.9812760003733393
	a 164 148 0.9812760003733393
0.4068472581547501 2
	a 149 160 0.986620689469499
	a 160 149 0.986620689469499
0.754358709720538 2
	a 150 176 0.9754765278968778
	a 176 150 0.9754765278968778
1.438775190721994 2
	a 150 158 0.9542690993871807
	a 158 150 0.9542690993871807
0.9493102690277512 2
	a 151 187 0.9693368529259123
	a 187 151 0.9693368529259123
2.593248460307285 2
	a 152 227 0.9206179198203142
	a 227 152 0.9206179198203142
4.079985748682397 2
	a 152 252 0.8809274924593254
	a 252 152 0.8809274924593254
1.127108817932829 2
	a 152 198 0.9638065330115606
	a 198 152 0.9638065330115606
0.4068472581547501 2
	a 153 163 0.986620689469499
	a 163 153 0.986620689469499
0.572507812946912 2
	a 154 171 0.9812760003733393
	a 171 154 0.9812760003733393
2.18362772891422 2
	a 155 228 0.9322624454914153
	a 228 155 0.9322624454914153
1.763004785337253 2
	a 155 217 0.9445552952885187
	a 217 155 0.9445552952885187
0.3002129760370238 2
	a 155 164 0.9900923780751469
	a 164 155 0.9900923780751469
1.034095167226709 2
	a 156 163 0.9666914910404347
	a 163 156 0.9666914910404347
0.726203378641899 2
	a 156 185 0.9763698459609977
	a 185 156 0.9763698459609977
0.5143760708184569 2
	a 157 178 0.9831447800380628
	a 178 157 0.9831447800380628
6.727704375520521 2
	a 157 251 0.8192883054259605
	a 251 157 0.8192883054259605
2.823321186023633 2
	a 157 173 0.9142156309848245
	a 173 157 0.9142156309848245
8.086710018851635 2
	a 157 328 0.7916323976938247
	a 328 157 0.7916323976938247
2.556506482229538 2
	a 158 176 0.9216494716389685
	a 176 158 0.9216494716389685
0.6780787635912512 2
	a 158 186 0.9779006413097311
	a 186 158 0.9779006413097311
3.13174608013238 2
	a 158 207 0.9057856345372637
	a 207 158 0.9057856345372637
3.549209958721852 2
	a 159 276 0.8946479498063329
	a 276 159 0.8946479498063329
11.67518092332694 2
	a 159 303 0.7295825600370638
	a 303 159 0.7295825600370638
0.2591518306177774 2
	a 160 169 0.9914357996108145
	a 169 160 0.9914357996108145
1.533585185085995 2
	a 161 224 0.9514068711275351
	a 224 161 0.9514068711275351
0.3981115513613038 2
	a 162 177 0.986904170385881
	a 177 162 0.986904170385881
0.4518359985116184 2
	a 163 185 0.9851633791903387
	a 185 163 0.9851633791903387
1.932052162732547 2
	a 163 178 0.9395733603338385
	a 178 163 0.9395733603338385
0.4217785570495555 2
	a 164 182 0.9861365385453571
	a 182 164 0.9861365385453571
6.463624697898845 2
	a 165 286 0.8249592484973529
	a 286 165 0.8249592484973529
0.3981115513613038 2
	a 165 184 0.986904170385881
	a 184 165 0.986904170385881
3.065108206077205 2
	a 165 226 0.907592357572385
	a 226 165 0.907592357572385
0.4068472581547501 2
	a 166 188 0.986620689469499
	a 188 166 0.986620689469499
0.4362744118444816 2
	a 167 189 0.9856669678313139
	a 189 167 0.9856669678313139
3.621229585705272 2
	a 168 281 0.8927576648159994
	a 281 168 0.8927576648159994
9.898825974114786 2
	a 168 304 0.7584458945989372
	a 304 168 0.7584458945989372
11.53556750301164 2
	a 168 243 0.7317293891740332
	a 243 168 0.7317293891740332
10.93614659928099 2
	a 168 326 0.7411771337843921
	a 326 168 0.7411771337843921
14.02631577372497 2
	a 168 347 0.6962757150487022
	a 347 168 0.6962757150487022
4.266136803989514 2
	a 169 301 0.8762293678032618
	a 301 169 0.8762293678032618
0.9589481822187813 2
	a 170 207 0.9690353879296758
	a 207 170 0.9690353879296758
0.4518359985116184 2
	a 170 194 0.9851633791903387
	a 194 170 0.9851633791903387
10.34095964647336 2
	a 171 347 0.7509392275892359
	a 347 171 0.7509392275892359
8.09259883907929 2
	a 171 388 0.7915179287806846
	a 388 171 0.7915179287806846
0.4498654971040983 2
	a 172 197 0.9852271177182471
	a 197 172 0.9852271177182471
0.9212233289732074 2
	a 172 209 0.9702164919514231
	a 209 172 0.9702164919514231
5.433063256779137 2
	a 173 328 0.8480700947904918
	a 328 173 0.8480700947904918
3.009435543708067 2
	a 173 218 0.9091079518520152
	a 218 173 0.9091079518520152
7.622030548560932 2
	a 173 242 0.8008081627526409
	a 242 173 0.8008081627526409
4.04539436973178 2
	a 174 254 0.8818069599523057
	a 254 174 0.8818069599523057
0.6780787635912512 2
	a 174 203 0.9779006413097311
	a 203 174 0.9779006413097311
4.944327902629269 2
	a 174 258 0.8595978192661518
	a 258 174 0.8595978192661518
4.173913955860647 2
	a 175 259 0.878549622768362
	a 259 175 0.878549622768362
5.348692081556999 2
	a 175 250 0.8500334167373795
	a 250 175 0.8500334167373795
3.721300454156593 2
	a 175 291 0.8901461456942789
	a 291 175 0.8901461456942789
0.4068472581547501 2
	a 175 193 0.986620689469499
	a 193 175 0.986620689469499
2.801193373923483 2
	a 176 270 0.9148271276201108
	a 270 176 0.9148271276201108
3.962207698658081 2
	a 176 258 0.8839302588486642
	a 258 176 0.8839302588486642
2.671253212784895 2
	a 176 186 0.9184362509733359
	a 186 176 0.9184362509733359
1.228984903832783 2
	a 177 229 0.9606671530574474
	a 229 177 0.9606671530574474
0.1516230224745966 2
	a 178 185 0.9949713573345427
	a 185 178 0.9949713573345427
3.179448491701141 2
	a 178 202 0.9044972207481217
	a 202 178 0.9044972207481217
6.734303157775234 2
	a 178 199 0.8191478753835355
	a 199 178 0.8191478753835355
6.770243863739623 2
	a 178 251 0.8183840974430004
	a 251 178 0.8183840974430004
0.649991823536707 2
	a 179 205 0.9787963307315013
	a 205 179 0.9787963307315013
1.648983906454645 2
	a 179 190 0.947947410385374
	a 190 179 0.947947410385374
0.487629339878578 2
	a 180 201 0.9840070514701087
	a 201 180 0.9840070514701087
1.856596163670476 2
	a 180 240 0.9417901611608843
	a 240 180 0.9417901611608843
5.828395896710441 2
	a 180 334 0.8390163620923461
	a 334 180 0.8390163620923461
7.850300796266852 2
	a 180 332 0.7962651149287618
	a 332 180 0.7962651149287618
2.255077037411157 2
	a 181 212 0.9302083513075068
	a 212 181 0.9302083513075068
1.392998929689093 2
	a 181 235 0.9556575329443662
	a 235 181 0.9556575329443662
2.473880297500248 2
	a 181 261 0.9239784995151347
	a 261 181 0.9239784995151347
7.332075276828013 2
	a 181 351 0.8066794545014999
	a 351 181 0.8066794545014999
1.708642085249394 2
	a 182 248 0.9461693667773177
	a 248 182 0.9461693667773177
4.049271312185764 2
	a 183 235 0.8817082897966546
	a 235 183 0.8817082897966546
4.287065582973581 2
	a 183 261 0.8757047990887128
	a 261 183 0.8757047990887128
2.637660630291472 2
	a 183 200 0.9193743913517806
	a 200 183 0.9193743913517806
5.69326785440317 2
	a 183 333 0.8420842008680698
	a 333 183 0.8420842008680698
8.486109151374496 2
	a 184 401 0.7839696846662033
	a 401 184 0.7839696846662033
4.288546651650068 2
	a 184 273 0.8756677046127561
	a 273 184 0.8756677046127561
3.528554870408871 2
	a 184 272 0.8951917566834264
	a 272 184 0.8951917566834264
4.137675519072744 2
	a 184 268 0.8794652648092718
	a 268 184 0.8794652648092718
3.546363067635541 2
	a 184 226 0.8947228582300145
	a 226 184 0.8947228582300145
2.455712655241525 2
	a 185 231 0.9244923232648297
	a 231 185 0.9244923232648297
0.4217785570495555 2
	a 185 202 0.9861365385453571
	a 202 185 0.9861365385453571
2.033355190707818 2
	a 186 258 0.936614688166348
	a 258 186 0.936614688166348
0.5424630108730013 2
	a 186 207 0.9822409559256213
	a 207 186 0.9822409559256213
1.4107841807304 2
	a 187 239 0.9551175875356257
	a 239 187 0.9551175875356257
7.864271696044581 2
	a 187 263 0.7959893040443542
	a 263 187 0.7959893040443542
0.1356157527182506 2
	a 188 196 0.9954998486103701
	a 196 188 0.9954998486103701
0.3981115513613038 2
	a 189 204 0.986904170385881
	a 204 189 0.986904170385881
1.766150822171435 2
	a 189 233 0.9444620659100418
	a 233 189 0.9444620659100418
0.9849989873620122 2
	a 190 229 0.9682215115723076
	a 229 190 0.9682215115723076
1.127108817932829 2
	a 190 205 0.9638065330115606
	a 205 190 0.9638065330115606
3.304337400021385 2
	a 191 284 0.9011433875865936
	a 284 191 0.9011433875865936
1.540389556301305 2
	a 191 244 0.951202148236711
	a 244 191 0.951202148236711
1.57306112249224 2
	a 191 246 0.9502204523527806
	a 246 191 0.9502204523527806
2.285230558113497 2
	a 191 265 0.9293444002088587
	a 265 191 0.9293444002088587
3.775183187492956 2
	a 192 204 0.8887471838128922
	a 204 192 0.8887471838128922
2.073285431844619 2
	a 192 259 0.9354539584735182
	a 259 192 0.9354539584735182
4.344881742724935 2
	a 193 311 0.8742594657532961
	a 311 193 0.8742594657532961
3.389481395171965 2
	a 193 291 0.8988728410865233
	a 291 193 0.8988728410865233
0.3835792746957232 2
	a 194 207 0.9873761207069657
	a 207 194 0.9873761207069657
1.588984649521283 2
	a 195 249 0.9497427661098292
	a 249 195 0.9497427661098292
0.1917896373478611 2
	a 196 200 0.9936477087493498
	a 200 196 0.9936477087493498
0.3911042311720507 2
	a 197 209 0.9871316830851129
	a 209 197 0.9871316830851129
1.583572297158699 2
	a 198 252 0.9499050731450112
	a 252 198 0.9499050731450112
5.171934582457135 2
	a 199 202 0.8541825504986995
	a 202 199 0.8541825504986995
2.968623592234441 2
	a 199 282 0.9102225670770616
	a 282 199 0.9102225670770616
5.331449180513435 2
	a 199 279 0.8504360208662671
	a 279 199 0.8504360208662671
5.155159845074057 2
	a 199 251 0.854578860008347
	a 251 199 0.854578860008347
0.9708242887516226 2
	a 200 235 0.9686641806166716
	a 235 200 0.9686641806166716
1.18272896536199 2
	a 200 224 0.962089918407351
	a 224 200 0.962089918407351
2.101306589218044 2
	a 201 232 0.9346412562118409
	a 232 201 0.9346412562118409
0.4498654971040983 2
	a 201 216 0.9852271177182471
	a 216 201 0.9852271177182471
5.880092002334703 2
	a 201 334 0.8378499847747995
	a 334 201 0.8378499847747995
1.903185445661449 2
	a 202 231 0.9404201108243881
	a 231 202 0.9404201108243881
2.883031292090099 2
	a 202 282 0.9125700511319986
	a 282 202 0.9125700511319986
1.441427748955187 2
	a 203 255 0.9541887748069333
	a 255 203 0.9541887748069333
3.404320823435353 2
	a 203 254 0.8984784332174989
	a 254 203 0.8984784332174989
4.429363010815132 2
	a 203 219 0.8721575295000412
	a 219 203 0.8721575295000412
1.694756523944324 2
	a 204 259 0.9465825788101658
	a 259 204 0.9465825788101658
2.453202868752269 2
	a 204 233 0.9245633548803185
	a 233 204 0.9245633548803185
1.739940618792985 2
	a 204 250 0.9452393742353443
	a 250 204 0.9452393742353443
2.031806418127049 2
	a 205 229 0.9366597716176013
	a 229 205 0.9366597716176013
3.162466384270581 2
	a 205 237 0.9049554277604106
	a 237 205 0.9049554277604106
0.4068472581547501 2
	a 205 219 0.986620689469499
	a 219 205 0.986620689469499
0.3981115513613038 2
	a 206 221 0.986904170385881
	a 221 206 0.986904170385881
3.223599519991894 2
	a 206 225 0.9033083733518135
	a 225 206 0.9033083733518135
1.502204188123702 2
	a 207 258 0.9523522328392757
	a 258 207 0.9523522328392757
0.4518359985116184 2
	a 208 225 0.9851633791903387
	a 225 208 0.9851633791903387
5.197252822947861 2
	a 208 249 0.8535852361393863
	a 249 208 0.8535852361393863
2.753101957609101 2
	a 209 285 0.9161592368525581
	a 285 209 0.9161592368525581
7.038331203839325 2
	a 210 375 0.8127443295246162
	a 375 210 0.8127443295246162
0.3002129760370238 2
	a 210 222 0.9900923780751469
	a 222 210 0.9900923780751469
0.1356157527182506 2
	a 211 215 0.9954998486103701
	a 215 211 0.9954998486103701
4.339704086984006 2
	a 211 262 0.8743886738299413
	a 262 211 0.8743886738299413
5.00236351579167 2
	a 212 325 0.8582092086318378
	a 325 212 0.8582092086318378
7.491584477377353 2
	a 212 397 0.8034355200094268
	a 397 212 0.8034355200094268
7.44434191170291 2
	a 212 351 0.8043926980352012
	a 351 212 0.8043926980352012
1.207341673940248 2
	a 213 256 0.9613323211614231
	a 256 213 0.9613323211614231
4.886763377907084 2
	a 214 236 0.8609804758052662
	a 236 214 0.8609804758052662
0.9056588220468618 2
	a 214 248 0.9707046576993192
	a 248 214 0.9707046576993192
1.469582609899217 2
	a 215 262 0.9533370662617073
	a 262 215 0.9533370662617073
1.40114626753937 2
	a 216 262 0.9554101070881892
	a 262 216 0.9554101070881892
1.488143266609318 2
	a 216 244 0.9527764642605556
	a 244 216 0.9527764642605556
2.157772368673279 2
	a 216 232 0.9330081747598618
	a 232 216 0.9330081747598618
0.1917896373478611 2
	a 217 228 0.9936477087493498
	a 228 217 0.9936477087493498
5.226764234704754 2
	a 218 328 0.8528902667148621
	a 328 218 0.8528902667148621
5.283923987089801 2
	a 218 316 0.8515480842819036
	a 316 218 0.8515480842819036
1.493347064546847 2
	a 218 267 0.9526194143552711
	a 267 218 0.9526194143552711
1.009070534840621 2
	a 219 255 0.967470726395711
	a 255 219 0.967470726395711
4.137892386743439 2
	a 219 234 0.8794597785990586
	a 234 219 0.8794597785990586
3.574450007690083 2
	a 220 313 0.8939844459533219
	a 313 220 0.8939844459533219
3.058282665242896 2
	a 220 295 0.907777868995068
	a 295 220 0.907777868995068
2.883031292090099 2
	a 220 221 0.9125700511319986
	a 221 220 0.9125700511319986
3.562345781899594 2
	a 221 313 0.8943024993751948
	a 313 221 0.8943024993751948
4.855578386392192 2
	a 221 294 0.8617317346730553
	a 294 221 0.8617317346730553
5.055571407060406 2
	a 221 295 0.8569408224586316
	a 295 221 0.8569408224586316
4.107104351577807 2
	a 221 225 0.8802394331936071
	a 225 221 0.8802394331936071
8.093535541603844 2
	a 222 362 0.7914997249770861
	a 362 222 0.7914997249770861
9.049500597671653 2
	a 222 294 0.7735017604473219
	a 294 222 0.7735017604473219
1.088420984350353 2
	a 222 257 0.9650043216734201
	a 257 222 0.9650043216734201
4.939140600087794 2
	a 222 256 0.8597221969498539
	a 256 222 0.8597221969498539
1.533956076087579 2
	a 223 268 0.9513957097490873
	a 268 223 0.9513957097490873
0.6623180749170225 2
	a 223 226 0.9784030414175598
	a 226 223 0.9784030414175598
3.539074620511426 2
	a 223 266 0.8949146992790775
	a 266 223 0.8949146992790775
0.7241308354215087 2
	a 224 248 0.9764356703146633
	a 248 224 0.9764356703146633
2.722378276638658 2
	a 225 295 0.9170125066489447
	a 295 225 0.9170125066489447
5.634335491116966 2
	a 225 249 0.8434308331700267
