from,to,probability
0,82,0.9463836498442388
0,221,0.8219861382447995
1,100,0.9214611723241046
1,53,0.9644819118512427
1,47,0.8613101420074077
2,93,0.9133010884855284
2,70,0.9558012826194622
3,240,0.8540364404585744
4,303,0.7944091429221217
4,138,0.5674295335274981
4,101,0.9437830818422798
4,75,0.5662865204743269
5,47,0.9738083407717619
6,175,0.8982079031724008
6,253,0.8016157540135661
6,190,0.8122109608225572
7,111,0.9386737058518245
7,64,0.9143865913738085
8,93,0.9509530557937554
9,34,0.9872954174986995
10,208,0.8811375086527974
10,51,0.9463836498442388
11,120,0.9393868605949705
12,60,0.973241378938998
13,61,0.973241378938998
13,146,0.8788961875278912
13,27,0.8772951062947431
14,62,0.973241378938998
15,100,0.9550161751648277
16,90,0.9623684211445606
17,63,0.9222614480785846
17,83,0.9644819118512427
18,148,0.7986263602889536
18,37,0.9909996972207402
18,100,0.7058809647088833
19,100,0.9558012826194622
20,196,0.7686565659693217
20,422,0.7380672117057431
21,146,0.9264505654950353
21,260,0.6228703823738413
22,67,0.973241378938998
23,283,0.6900357801922778
23,78,0.6004961472336809
23,141,0.7832739769738057
23,68,0.973241378938998
24,93,0.9606142271693334
24,31,0.8859739034107651
24,38,0.9820803998915989
24,44,0.8555686795673674
25,148,0.9282688659415461
25,100,0.6268584202117942
26,381,0.678354430308855
26,179,0.6720554850115051
26,159,0.8881253300757229
26,529,0.6909564832268168
26,312,0.6540676721060737
27,305,0.6777347702336795
27,13,0.8772951062947431
27,146,0.929937759415283
27,182,0.8955897478075493
28,164,0.8032674206022401
28,129,0.8835803223217685
28,160,0.9218530484106888
29,138,0.9368838722090432
30,60,0.9821508484111854
31,93,0.9653197742132931
31,46,0.9899427146690853
31,24,0.8859739034107651
32,58,0.9020909832238383
32,93,0.9653197742132931
33,148,0.8562124954018679
33,100,0.9623684211445606
34,9,0.9872954174986995
34,200,0.8966541985524791
35,57,0.9550161751648277
35,240,0.8725380620087531
36,211,0.8906570102721439
36,256,0.737608416359728
36,140,0.9060362592028831
37,18,0.9909996972207402
37,100,0.9644819118512427
38,93,0.9680141029402175
38,24,0.9820803998915989
38,44,0.9558491977655615
39,206,0.8709079169470365
39,86,0.9726999188860621
40,105,0.6636178349252422
40,71,0.9801847561502938
41,76,0.9014965856039029
41,69,0.9821508484111854
41,63,0.9417246184471164
42,105,0.9623684211445606
43,152,0.9309041576090206
43,114,0.516061890809122
44,93,0.9703267583806774
44,24,0.8555686795673674
44,38,0.9558491977655615
44,62,0.9722730770907142
45,206,0.5394914071022652
45,157,0.9300086433468401
45,178,0.8731780843417525
45,163,0.755383799100047
46,93,0.973241378938998
46,31,0.9899427146690853
47,100,0.9703267583806774
47,1,0.8613101420074077
47,53,0.9801847561502938
47,52,0.9197180289558177
47,5,0.9738083407717619
48,148,0.9411692672390646
48,100,0.7867611656973477
49,194,0.8958948207707479
49,77,0.9738083407717619
49,138,0.9471987816790822
50,138,0.9471987816790822
51,10,0.9463836498442388
51,184,0.9145164811919109
52,100,0.973241378938998
52,53,0.9369359881636277
52,47,0.9197180289558177
53,100,0.973241378938998
53,1,0.9644819118512427
53,47,0.9801847561502938
53,56,0.9801847561502938
53,52,0.9369359881636277
54,84,0.9821508484111854
55,119,0.9606142271693334
55,489,0.6297888236312701
55,264,0.7340309518285616
56,100,0.9775635533426917
56,53,0.9801847561502938
57,89,0.8725401872164539
57,35,0.9550161751648277
57,240,0.8036107220591013
57,355,0.7945807710963595
58,32,0.9020909832238383
58,93,0.9821508484111854
59,174,0.9295962468484706
59,211,0.6956168374452886
59,64,0.8799869930573299
60,125,0.9635139401772062
60,30,0.9821508484111854
60,12,0.973241378938998
61,241,0.6732396289108193
61,13,0.973241378938998
61,146,0.9489740375706385
62,93,0.9558491977655615
62,44,0.9722730770907142
62,14,0.973241378938998
62,112,0.9704542354364942
63,100,0.9813602292765327
63,41,0.9417246184471164
63,17,0.9222614480785846
63,83,0.9471987816790822
64,177,0.9297307889571341
64,111,0.8821293409917438
64,59,0.8799869930573299
64,7,0.9143865913738085
65,200,0.9136075472781886
65,248,0.8448846547135488
65,118,0.7864206680773322
66,100,0.9821508484111854
67,104,0.9396605004494286
67,167,0.9376295392554486
67,308,0.8173731105072533
67,22,0.973241378938998
67,72,0.9872954174986995
68,141,0.9550161751648277
68,23,0.973241378938998
69,100,0.9828715992216289
69,41,0.9821508484111854
70,93,0.9872954174986995
70,2,0.9558012826194622
70,80,0.9338241719892809
71,40,0.9801847561502938
71,267,0.8729234626690084
72,67,0.9872954174986995
72,308,0.8402079441987049
73,544,0.6989457086391085
73,508,0.6105359695100345
73,192,0.5980606514003618
73,243,0.6799891780370891
73,139,0.8083926379651613
73,186,0.680321779160872
73,202,0.8254805009931181
74,350,0.8057688943132582
74,295,0.8354139166212837
74,229,0.8209500058209867
75,138,0.9605681082362557
75,4,0.5662865204743269
76,100,0.9872954174986995
76,41,0.9014965856039029
77,194,0.9218530484106888
77,49,0.9738083407717619
78,283,0.8629637498073828
78,258,0.7464626692614772
78,23,0.6004961472336809
79,441,0.663446580274348
79,255,0.8865007864363644
80,93,0.6790872426657834
80,70,0.9338241719892809
80,150,0.9568060828351197
81,107,0.9509530557937554
81,213,0.913556091857009
82,110,0.7051767634415991
82,0,0.9463836498442388
82,221,0.8472080004108739
82,297,0.8525854384560132
83,100,0.9909996972207402
83,63,0.9471987816790822
83,17,0.9644819118512427
84,54,0.9821508484111854
84,97,0.9386737058518245
84,144,0.9625520007466786
85,193,0.9261191283460204
86,170,0.9437830818422798
86,92,0.9446132398187344
86,39,0.9726999188860621
86,120,0.9437830818422798
87,148,0.9605681082362557
88,316,0.8373721253087295
88,398,0.7816772547326211
88,193,0.8351770860061558
89,57,0.8725401872164539
89,355,0.8058562796764837
90,202,0.8024799123731862
90,285,0.8650702419445007
90,16,0.9623684211445606
90,142,0.8656528300936336
91,118,0.9820803998915989
91,179,0.9201145110339601
92,244,0.85428745430997
92,170,0.9463836498442388
92,133,0.9722730770907142
92,86,0.9446132398187344
93,58,0.9821508484111854
93,32,0.9653197742132931
93,8,0.9509530557937554
93,2,0.9133010884855284
93,46,0.973241378938998
93,70,0.9872954174986995
93,31,0.9653197742132931
93,24,0.9606142271693334
93,38,0.9680141029402175
93,80,0.6790872426657834
93,44,0.9703267583806774
93,62,0.9558491977655615
93,112,0.9872954174986995
93,189,0.9226646423228461
93,150,0.8589163816465427
94,183,0.9381981204125796
94,152,0.7993312834574418
95,96,0.9680141029402175
95,135,0.9653197742132931
95,173,0.9471987816790822
95,105,0.8341629281873728
96,95,0.9680141029402175
96,135,0.9738083407717619
97,84,0.9386737058518245
97,144,0.8651962163670712
97,265,0.8872094582961952
97,268,0.6429215080396816
98,156,0.9509530557937554
98,115,0.9872954174986995
98,180,0.9143865913738085
99,162,0.5821675367725032
99,136,0.902732007022098
99,153,0.7287410983547898
99,176,0.8332142185817009
99,172,0.906935442825665
99,315,0.8440751229094912
100,148,0.9680141029402175
100,37,0.9644819118512427
100,18,0.7058809647088833
100,25,0.6268584202117942
100,48,0.7867611656973477
100,33,0.9623684211445606
100,1,0.9214611723241046
100,66,0.9821508484111854
100,53,0.973241378938998
100,76,0.9872954174986995
100,47,0.9703267583806774
100,56,0.9775635533426917
100,69,0.9828715992216289
100,52,0.973241378938998
100,63,0.9813602292765327
100,83,0.9909996972207402
100,19,0.9558012826194622
100,15,0.9550161751648277
101,361,0.8089944414962434
101,229,0.8805701633829723
101,4,0.9437830818422798
102,260,0.890700797753449
103,189,0.903874518289376
103,150,0.9680141029402175
103,219,0.8406492952803297
103,171,0.8788961875278912
104,483,0.7122253756471399
104,127,0.7858995677706654
104,167,0.9558012826194622
104,67,0.9396605004494286
105,95,0.8341629281873728
105,42,0.9623684211445606
105,173,0.9530151793505801
105,40,0.6636178349252422
106,148,0.973241378938998
107,137,0.8786494154585598
107,213,0.9282688659415461
107,81,0.9509530557937554
108,170,0.9568060828351197
108,147,0.8624997353004263
109,150,0.973241378938998
110,82,0.7051767634415991
110,302,0.8641372031072623
110,331,0.716532605137578
111,177,0.9557608360287156
111,64,0.8821293409917438
111,7,0.9386737058518245
112,93,0.9872954174986995
112,62,0.9704542354364942
112,189,0.9471987816790822
113,253,0.9056076721861585
113,128,0.8575310822469285
113,126,0.9276215826507387
114,520,0.7316922294187772
114,338,0.6290844708610519
114,43,0.516061890809122
114,483,0.6961394190057967
114,127,0.9722730770907142
115,156,0.973241378938998
115,98,0.9872954174986995
116,484,0.7523813244278793
116,198,0.8486812795609673
116,328,0.756877901684457
116,236,0.7658838107732321
117,235,0.9202879852099414
117,139,0.7991320915798099
117,202,0.7508699969974486
117,313,0.8544113561388565
117,273,0.8189573055670232
118,65,0.7864206680773322
118,248,0.8009787043685758
118,179,0.9583247203620042
118,91,0.9820803998915989
119,545,0.5813752513037523
119,378,0.8122122079504506
119,279,0.7574567314655724
119,197,0.9200250655279731
119,489,0.6130530691124958
119,55,0.9606142271693334
120,206,0.9381981204125796
120,86,0.9437830818422798
120,11,0.9393868605949705
121,164,0.9325135174178822
121,263,0.8511921460983393
121,160,0.973241378938998
122,219,0.9318432884199691
123,150,0.9821508484111854
124,222,0.9300086433468401
125,60,0.9635139401772062
125,143,0.9872954174986995
126,253,0.9119948158727124
126,113,0.9276215826507387
126,148,0.9102159086864587
127,114,0.9722730770907142
127,483,0.757099245536724
127,104,0.7858995677706654
128,505,0.7419941754020023
128,224,0.4318872929847891
128,253,0.9134355206558386
128,113,0.8575310822469285
129,164,0.9740254572354989
129,28,0.8835803223217685
129,160,0.8305928385213227
130,266,0.7305588928851164
130,225,0.9314733060428629
131,407,0.798903707260735
131,352,0.4375637567982075
131,424,0.3799116313871985
131,307,0.5115899086358469
132,169,0.973241378938998
132,192,0.9449487209151111
133,244,0.8794336973996375
133,206,0.9471987816790822
133,92,0.9722730770907142
134,240,0.8063017292369322
134,293,0.8100325917689535
134,205,0.9498856685173891
135,95,0.9653197742132931
135,96,0.9738083407717619
135,173,0.973241378938998
136,99,0.902732007022098
136,176,0.9722730770907142
136,220,0.884351494543376
137,460,0.6675105781790805
137,260,0.913556091857009
137,107,0.8786494154585598
137,256,0.5106069017248175
138,229,0.8268993381442635
138,49,0.9471987816790822
138,166,0.9801847561502938
138,4,0.5674295335274981
138,75,0.9605681082362557
138,29,0.9368838722090432
138,50,0.9471987816790822
139,73,0.8083926379651613
139,235,0.8108524415287479
139,117,0.7991320915798099
139,202,0.9558012826194622
140,211,0.9491740977316223
140,36,0.9060362592028831
141,283,0.8985296707828764
141,155,0.8841284630228493
141,23,0.7832739769738057
141,68,0.9550161751648277
142,285,0.8971855320143377
142,90,0.8656528300936336
142,228,0.9076319992126715
143,125,0.9872954174986995
143,216,0.9491740977316223
143,156,0.896593562789905
144,84,0.9625520007466786
144,97,0.8651962163670712
144,265,0.9149954267821812
145,176,0.8496976848498543
145,172,0.9369812483497675
145,245,0.9276360025292943
145,300,0.851400302505
145,315,0.8055543301860655
146,61,0.9489740375706385
146,13,0.8788961875278912
146,27,0.929937759415283
146,182,0.8062987613159605
146,21,0.9264505654950353
146,342,0.8521150196475515
147,170,0.9821508484111854
147,108,0.8624997353004263
148,253,0.8956080376602044
148,126,0.9102159086864587
148,210,0.9545253329684085
148,18,0.7986263602889536
148,25,0.9282688659415461
148,87,0.9605681082362557
148,48,0.9411692672390646
148,33,0.8562124954018679
148,100,0.9680141029402175
148,106,0.973241378938998
149,364,0.8150406443724042
149,404,0.7448991503306513
149,381,0.8263790442785298
149,272,0.8532180014731405
150,93,0.8589163816465427
150,80,0.9568060828351197
150,189,0.9252426140965927
150,103,0.9680141029402175
150,171,0.9821508484111854
150,271,0.8285774273060031
150,109,0.973241378938998
150,123,0.9821508484111854
150,316,0.7872291927355682
151,545,0.7026005395495262
151,162,0.8654450886049539
151,354,0.8416925287736065
151,153,0.7439771617638281
152,338,0.8584549542374794
152,94,0.7993312834574418
152,43,0.9309041576090206
153,151,0.7439771617638281
153,99,0.7287410983547898
153,368,0.8229997060278255
153,341,0.8571490004483839
153,289,0.8204909557140445
153,315,0.8387487827035611
154,320,0.7168617818601961
154,326,0.8717177368842495
154,231,0.8462217099881163
154,241,0.7638614458666467
154,305,0.7472547259786925
155,283,0.906935442825665
155,141,0.8841284630228493
156,143,0.896593562789905
156,216,0.9583247203620042
156,98,0.9509530557937554
156,115,0.973241378938998
157,201,0.968511557725705
157,254,0.8546998137082643
157,178,0.9113150658887325
157,45,0.9300086433468401
158,230,0.9126058530536908
158,444,0.7183826524851633
158,471,0.779773226660648
159,26,0.8881253300757229
159,464,0.7864206680773322
160,28,0.9218530484106888
160,129,0.8305928385213227
160,121,0.973241378938998
160,323,0.8769595567106208
161,255,0.7114615706966977
161,399,0.7488868761939419
161,667,0.6798423692797212
162,389,0.6490190553136626
162,354,0.848031857021032
162,151,0.8654450886049539
162,99,0.5821675367725032
163,283,0.9117908960763035
163,178,0.8082570616457427
163,45,0.755383799100047
164,28,0.8032674206022401
164,129,0.9740254572354989
164,263,0.9298804969197713
164,121,0.9325135174178822
165,217,0.9644819118512427
166,229,0.9558491977655615
166,138,0.9801847561502938
167,483,0.7790415821906029
167,482,0.7182315903689065
167,540,0.7221928743592451
167,104,0.9558012826194622
167,67,0.9376295392554486
167,421,0.7593041819642151
168,336,0.7055732988609809
168,224,0.9355153839991557
168,279,0.9200400887774002
169,132,0.973241378938998
169,192,0.9821508484111854
170,207,0.9722730770907142
170,92,0.9463836498442388
170,147,0.9821508484111854
170,108,0.9568060828351197
170,86,0.9437830818422798
171,150,0.9821508484111854
171,219,0.9662032285945363
171,103,0.8788961875278912
171,424,0.7131794200612196
172,99,0.906935442825665
172,176,0.8120961644760827
172,145,0.9369812483497675
172,300,0.9059512961069284
172,315,0.8397639035443974
173,95,0.9471987816790822
173,191,0.7502647988225609
173,135,0.973241378938998
173,410,0.7620668658068188
173,105,0.9530151793505801
173,242,0.9369812483497675
173,295,0.7749099600468727
173,267,0.9339123573120692
174,204,0.8769160219187836
174,177,0.9909996972207402
174,390,0.8362830640718817
174,329,0.7971796548175644
174,211,0.7122924394602349
174,59,0.9295962468484706
175,420,0.8174624749385981
175,385,0.719031943528306
175,253,0.9386737058518245
175,6,0.8982079031724008
176,99,0.8332142185817009
176,136,0.9722730770907142
176,220,0.9680141029402175
176,172,0.8120961644760827
176,245,0.9218530484106888
176,145,0.8496976848498543
177,328,0.8838461195173439
177,236,0.9000856288552439
177,226,0.9026398343772031
177,204,0.9381081363295531
177,174,0.9909996972207402
177,111,0.9557608360287156
177,64,0.9297307889571341
178,283,0.9218390051298286
178,157,0.9113150658887325
178,45,0.8731780843417525
178,270,0.913556091857009
178,163,0.8082570616457427
179,381,0.8461636398573344
179,118,0.9583247203620042
179,91,0.9201145110339601
179,26,0.6720554850115051
180,98,0.9143865913738085
180,199,0.9872954174986995
181,401,0.8264052499013764
181,460,0.8025199682186448
181,260,0.7671634393022434
182,146,0.8062987613159605
182,27,0.8955897478075493
182,401,0.838463401762985
182,342,0.7155960808890824
183,299,0.582509077218841
183,372,0.7427884267392829
183,338,0.8795590997714636
183,94,0.9381981204125796
184,51,0.9145164811919109
184,278,0.7900830157440288
184,250,0.9545253329684085
184,335,0.8254805009931181
185,238,0.9653197742132931
185,382,0.654979893909401
186,73,0.680321779160872
186,202,0.9909996972207402
187,266,0.7712401002602693
187,215,0.9821508484111854
188,368,0.728159995167359
188,489,0.7901541264455098
188,266,0.8860330970781489
188,283,0.7273151337446615
188,215,0.7753069756597573
189,93,0.9226646423228461
189,112,0.9471987816790822
189,150,0.9252426140965927
189,219,0.9783511137385126
189,103,0.903874518289376
190,253,0.9558012826194622
190,6,0.8122109608225572
191,323,0.800842342186223
191,410,0.7533061926482165
191,261,0.9487936471897895
191,173,0.7502647988225609
192,309,0.7670294972023896
192,169,0.9821508484111854
192,132,0.9449487209151111
192,508,0.780377099380587
192,73,0.5980606514003618
193,398,0.7829759277356838
193,88,0.8351770860061558
193,345,0.8819273991534167
193,85,0.9261191283460204
193,234,0.7272449468732594
194,267,0.9501419324278259
194,77,0.9218530484106888
194,49,0.8958948207707479
195,283,0.9223900739679414
195,269,0.9487936471897895
195,254,0.9451909613112631
196,232,0.9644819118512427
196,335,0.8913003794604645
196,20,0.7686565659693217
196,422,0.7170001861989267
197,224,0.8968453867046987
197,279,0.9414093153986384
197,119,0.9200250655279731
198,618,0.718757605179375
198,514,0.6706051419968495
198,360,0.8296692882718347
198,484,0.7976971582264413
198,116,0.8486812795609673
198,233,0.4709712383278663
199,180,0.9872954174986995
199,533,0.5930348544464055
199,238,0.973241378938998
199,696,0.5582478624166468
200,34,0.8966541985524791
200,249,0.8658901828784294
200,65,0.9136075472781886
200,248,0.9653197742132931
201,315,0.8037549749804135
201,269,0.9509530557937554
201,206,0.720337787207761
201,254,0.8405082278552574
201,157,0.968511557725705
202,73,0.8254805009931181
202,139,0.9558012826194622
202,117,0.7508699969974486
202,186,0.9909996972207402
202,273,0.9464902956121946
202,285,0.9298804969197713
202,90,0.8024799123731862
203,272,0.9386737058518245
203,474,0.804043694205911
203,330,0.7570879076095506
204,226,0.9821508484111854
204,177,0.9381081363295531
204,174,0.8769160219187836
205,134,0.9498856685173891
205,306,0.9233495930287094
206,315,0.8816634702981748
206,244,0.973241378938998
206,201,0.720337787207761
206,133,0.9471987816790822
206,39,0.8709079169470365
206,45,0.5394914071022652
206,120,0.9381981204125796
207,244,0.973241378938998
207,170,0.9722730770907142
208,228,0.9471987816790822
208,281,0.9463836498442388
208,365,0.8631454327328397
208,10,0.8811375086527974
209,257,0.9644819118512427
209,364,0.7397730565223575
210,253,0.9703267583806774
210,148,0.9545253329684085
211,174,0.7122924394602349
211,329,0.9060631799387474
211,59,0.6956168374452886
211,140,0.9491740977316223
211,36,0.8906570102721439
212,223,0.7462882165810993
212,251,0.9558012826194622
212,488,0.8043487557068021
212,309,0.9091856712558638
212,544,0.7444093935261278
212,508,0.7191967786003102
213,260,0.9644819118512427
213,107,0.9282688659415461
213,81,0.913556091857009
214,265,0.8526502756750366
214,317,0.7843236381587207
214,404,0.8435206209560157
214,528,0.7814223613263397
215,188,0.7753069756597573
215,283,0.9468945298998206
215,187,0.9821508484111854
216,143,0.9491740977316223
216,563,0.6149540867237061
216,370,0.8566306320041716
216,156,0.9583247203620042
216,533,0.7762647909531627
217,253,0.973241378938998
217,165,0.9644819118512427
218,312,0.7718897657510664
218,427,0.8381737297603901
219,189,0.9783511137385126
219,122,0.9318432884199691
219,103,0.8406492952803297
219,171,0.9662032285945363
219,424,0.840340438745805
220,136,0.884351494543376
220,176,0.9680141029402175
220,245,0.9623684211445606
220,280,0.9545253329684085
221,0,0.8219861382447995
221,82,0.8472080004108739
221,297,0.9386737058518245
221,292,0.8891105905770373
221,310,0.8317901323065962
222,259,0.9722730770907142
222,347,0.813618208769616
222,124,0.9300086433468401
223,344,0.6666065173966358
223,212,0.7462882165810993
223,488,0.811304183632125
224,636,0.731013839620487
224,621,0.6753188552204151
224,505,0.5246527054690736
224,168,0.9355153839991557
224,279,0.913556091857009
224,197,0.8968453867046987
224,128,0.4318872929847891
225,489,0.7589516876668645
225,264,0.973241378938998
225,266,0.8679676589696314
225,130,0.9314733060428629
226,521,0.7923197306588539
226,328,0.8691423431506766
226,204,0.9821508484111854
226,177,0.9026398343772031
226,390,0.8006309229643176
227,321,0.8064039359961416
227,262,0.9738083407717619
227,392,0.840288019495536
228,285,0.9545253329684085
228,142,0.9076319992126715
228,208,0.9471987816790822
229,350,0.848587828954415
229,361,0.8866643834626358
229,325,0.9115925663617311
229,74,0.8209500058209867
229,166,0.9558491977655615
229,138,0.8268993381442635
229,101,0.8805701633829723
230,334,0.9119948158727124
230,158,0.9126058530536908
230,471,0.7693644802445413
230,558,0.7238534010577038
231,320,0.8334048645254607
231,286,0.9558012826194622
231,154,0.8462217099881163
231,241,0.7683263208684183
232,196,0.9644819118512427
232,335,0.9117908960763035
233,198,0.4709712383278663
233,236,0.9056076721861585
233,353,0.8931058511044692
233,246,0.6797551514839605
234,497,0.7492439720933227
234,492,0.7049806774445677
234,193,0.7272449468732594
234,345,0.792264857075922
234,247,0.8994190350135673
234,375,0.8816634702981748
235,377,0.8816634702981748
235,243,0.9286363304059415
235,139,0.8108524415287479
235,117,0.9202879852099414
235,313,0.8323703105063329
236,116,0.7658838107732321
236,328,0.9218530484106888
236,177,0.9000856288552439
236,233,0.9056076721861585
237,260,0.9801847561502938
238,199,0.973241378938998
238,185,0.9653197742132931
238,757,0.6785954603605552
238,382,0.8239699000771177
239,321,0.8650821776131814
239,262,0.9821508484111854
240,57,0.8036107220591013
240,35,0.8725380620087531
240,3,0.8540364404585744
240,293,0.8854786844658508
240,355,0.8971855320143377
240,134,0.8063017292369322
241,286,0.9644819118512427
241,231,0.7683263208684183
241,154,0.7638614458666467
241,395,0.7903828025886167
241,61,0.6732396289108193
241,305,0.770516343580519
242,410,0.8405957963283339
242,173,0.9369812483497675
242,350,0.9051393468000783
242,295,0.9202057633827514
243,377,0.8891105905770373
243,73,0.6799891780370891
243,235,0.9286363304059415
244,280,0.8747293395247265
244,315,0.9384095649053928
244,207,0.973241378938998
244,206,0.973241378938998
244,92,0.85428745430997
244,133,0.8794336973996375
245,176,0.9218530484106888
245,220,0.9623684211445606
245,145,0.9276360025292943
245,280,0.973241378938998
245,315,0.9045398032251166
246,434,0.8537120682099751
246,353,0.7460608401387878
246,412,0.839651469922407
246,233,0.6797551514839605
246,259,0.5411605392320192
247,492,0.8185492222142337
247,234,0.8994190350135673
247,375,0.8914351084274457
247,473,0.7777130064767742
248,200,0.9653197742132931
248,65,0.8448846547135488
248,337,0.923024325154819
248,301,0.9318432884199691
248,118,0.8009787043685758
249,200,0.8658901828784294
249,364,0.8921277978201086
249,351,0.9081435504817337
250,184,0.9545253329684085
250,278,0.9775635533426917
251,212,0.9558012826194622
251,309,0.9483143562269498
252,384,0.889398462395082
252,321,0.8603138971894851
252,500,0.7267978182498713
253,505,0.7836532800566109
253,420,0.864821465771282
253,175,0.9386737058518245
253,128,0.9134355206558386
253,6,0.8016157540135661
253,190,0.9558012826194622
253,113,0.9056076721861585
253,217,0.973241378938998
253,126,0.9119948158727124
253,210,0.9703267583806774
253,148,0.8956080376602044
254,283,0.9738083407717619
254,195,0.9451909613112631
254,201,0.8405082278552574
254,157,0.8546998137082643
255,79,0.8865007864363644
255,290,0.9680141029402175
255,356,0.7998211772252124
255,161,0.7114615706966977
256,460,0.8447126700601084
256,137,0.5106069017248175
256,36,0.737608416359728
257,209,0.9644819118512427
257,404,0.8800242870979362
258,283,0.9801847561502938
258,78,0.7464626692614772
259,469,0.5977463014765256
259,246,0.5411605392320192
259,222,0.9722730770907142
259,347,0.9218530484106888
260,401,0.8861397751794027
260,21,0.6228703823738413
260,342,0.5952367950341204
260,237,0.9801847561502938
260,181,0.7671634393022434
260,102,0.890700797753449
260,137,0.913556091857009
260,213,0.9644819118512427
261,323,0.8977154683324304
261,191,0.9487936471897895
261,410,0.8769595567106208
262,239,0.9821508484111854
262,227,0.9738083407717619
262,392,0.8907769766035998
263,164,0.9298804969197713
263,277,0.9872954174986995
263,380,0.9000856288552439
263,121,0.8511921460983393
264,489,0.8346348329690547
264,55,0.7340309518285616
264,225,0.973241378938998
265,97,0.8872094582961952
265,144,0.9149954267821812
265,317,0.7970279703327122
265,404,0.883286772903033
265,214,0.8526502756750366
266,489,0.83563606458377
266,188,0.8860330970781489
266,225,0.8679676589696314
266,130,0.7305588928851164
266,187,0.7712401002602693
267,173,0.9339123573120692
267,295,0.9738083407717619
267,71,0.8729234626690084
267,194,0.9501419324278259
268,97,0.6429215080396816
268,318,0.8423152155119515
268,317,0.8931058511044692
268,441,0.7736339977483579
268,528,0.8136518710884932
269,315,0.9545253329684085
269,195,0.9487936471897895
269,201,0.9509530557937554
270,283,0.9909996972207402
270,178,0.913556091857009
271,150,0.8285774273060031
271,466,0.8555988885309674
272,381,0.908065740587924
272,149,0.8532180014731405
272,203,0.9386737058518245
273,117,0.8189573055670232
273,202,0.9464902956121946
273,313,0.9235808009025567
273,285,0.9606142271693334
273,288,0.9872954174986995
274,285,0.8816634702981748
274,321,0.9558012826194622
274,391,0.8679683239010909
275,425,0.8457055875723746
275,276,0.9505827415449388
275,463,0.8598213894266227
276,365,0.9083775496138666
276,386,0.692889275579548
276,425,0.7315067178773834
276,319,0.9201945322328581
276,278,0.9364430231446151
276,275,0.9505827415449388
276,335,0.9463836498442388
276,463,0.8285774273060031
277,413,0.8863103681023075
277,263,0.9872954174986995
277,380,0.9019305023371259
278,184,0.7900830157440288
278,276,0.9364430231446151
278,250,0.9775635533426917
278,304,0.9644819118512427
278,335,0.9471987816790822
279,168,0.9200400887774002
279,224,0.913556091857009
279,378,0.9127900147357522
279,197,0.9414093153986384
279,119,0.7574567314655724
280,220,0.9545253329684085
280,245,0.973241378938998
280,315,0.9644819118512427
280,244,0.8747293395247265
281,208,0.9463836498442388
281,365,0.9218530484106888
282,402,0.9014965856039029
282,320,0.9623684211445606
282,326,0.9381981204125796
283,368,0.9218530484106888
283,188,0.7273151337446615
283,215,0.9468945298998206
283,195,0.9223900739679414
283,254,0.9738083407717619
283,178,0.9218390051298286
283,270,0.9909996972207402
283,258,0.9801847561502938
283,163,0.9117908960763035
283,78,0.8629637498073828
283,155,0.906935442825665
283,141,0.8985296707828764
283,23,0.6900357801922778
284,400,0.8572637197249371
284,311,0.973241378938998
284,605,0.7659163932788362
284,493,0.743256297458164
285,202,0.9298804969197713
285,313,0.8300600661095571
285,273,0.9606142271693334
285,90,0.8650702419445007
285,288,0.9575926614630027
285,142,0.8971855320143377
285,228,0.9545253329684085
285,274,0.8816634702981748
285,365,0.8955897478075493
285,386,0.8498130428640799
285,391,0.9091856712558638
285,425,0.8589163816465427
286,320,0.8062987613159605
286,343,0.9471987816790822
286,231,0.9558012826194622
286,241,0.9644819118512427
287,339,0.9113150658887325
287,432,0.8819273991534167
287,401,0.851400302505
288,313,0.973241378938998
288,273,0.9872954174986995
288,285,0.9575926614630027
289,153,0.8204909557140445
289,341,0.7544613099444655
289,315,0.9722730770907142
290,255,0.9680141029402175
290,356,0.8457055875723746
290,399,0.9105430772406294
291,465,0.7179636129491792
291,326,0.8271844087439152
291,383,0.9136018892151078
291,348,0.9449487209151111
292,221,0.8891105905770373
292,297,0.8913003794604645
292,446,0.834584732969052
292,310,0.9821508484111854
293,240,0.8854786844658508
293,355,0.9392715785638494
293,134,0.8100325917689535
294,323,0.8494935234738548
294,322,0.8094629841796854
294,376,0.9271479306594969
295,173,0.7749099600468727
295,242,0.9202057633827514
295,350,0.9463836498442388
295,267,0.9738083407717619
295,74,0.8354139166212837
296,410,0.7572668442929218
296,350,0.9044616776288923
296,361,0.8998101462900223
296,325,0.973241378938998
296,324,0.9510887940112148
297,82,0.8525854384560132
297,221,0.9386737058518245
297,331,0.7871817651392946
297,292,0.8913003794604645
297,446,0.884351494543376
298,472,0.869174554309495
298,388,0.8018590522533251
298,349,0.6627975613649419
299,422,0.8937998387472451
299,372,0.9318432884199691
299,183,0.582509077218841
300,172,0.9059512961069284
300,145,0.851400302505
300,315,0.9820803998915989
301,248,0.9318432884199691
301,337,0.8371755654639097
301,381,0.8910653879558487
301,346,0.9558012826194622
302,110,0.8641372031072623
302,331,0.8824845487878011
302,446,0.8410196903486479
302,527,0.8402088469002296
303,361,0.9437830818422798
303,4,0.7944091429221217
304,278,0.9644819118512427
304,335,0.9703267583806774
305,326,0.5526562954639596
305,154,0.7472547259786925
305,241,0.770516343580519
305,339,0.9653197742132931
305,27,0.6777347702336795
306,205,0.9233495930287094
306,344,0.9625520007466786
307,131,0.5115899086358469
307,407,0.5595237984845129
307,352,0.8925503413284119
307,424,0.872209036758666
307,537,0.6828295636166488
307,606,0.7959297689320973
307,604,0.7555707931282071
308,67,0.8173731105072533
308,676,0.5350362966254564
308,421,0.9083775496138666
308,72,0.8402079441987049
308,783,0.4721360504813447
309,212,0.9091856712558638
309,251,0.9483143562269498
309,508,0.8573207629341473
309,192,0.7670294972023896
310,221,0.8317901323065962
310,292,0.9821508484111854
310,446,0.8955897478075493
310,355,0.9218530484106888
311,321,0.9899427146690853
311,284,0.973241378938998
312,26,0.6540676721060737
312,529,0.8040878991848182
312,510,0.7948590309532689
312,218,0.7718897657510664
312,427,0.9083775496138666
313,377,0.9463836498442388
313,235,0.8323703105063329
313,117,0.8544113561388565
313,384,0.8201330217196902
313,273,0.9235808009025567
313,285,0.8300600661095571
313,288,0.973241378938998
314,375,0.9483143562269498
315,99,0.8440751229094912
315,368,0.9528713406293264
315,153,0.8387487827035611
315,172,0.8397639035443974
315,245,0.9045398032251166
315,145,0.8055543301860655
315,300,0.9820803998915989
315,289,0.9722730770907142
315,280,0.9644819118512427
315,244,0.9384095649053928
315,269,0.9545253329684085
315,206,0.8816634702981748
315,201,0.8037549749804135
316,150,0.7872291927355682
316,466,0.8741829423143557
316,398,0.9369812483497675
316,88,0.8373721253087295
317,265,0.7970279703327122
317,268,0.8931058511044692
317,528,0.854240783077955
317,214,0.7843236381587207
318,268,0.8423152155119515
318,441,0.9046095216388276
319,365,0.9583247203620042
319,386,0.8547569786847269
319,276,0.9201945322328581
320,680,0.768428717833342
320,426,0.8577507283049174
320,402,0.8481191918151464
320,282,0.9623684211445606
320,343,0.7849170934274758
320,286,0.8062987613159605
320,231,0.8334048645254607
320,154,0.7168617818601961
321,384,0.7979220328153631
321,252,0.8603138971894851
321,274,0.9558012826194622
321,391,0.9119948158727124
321,357,0.9644819118512427
321,311,0.9899427146690853
321,239,0.8650821776131814
321,227,0.8064039359961416
322,380,0.8261867348363134
322,294,0.8094629841796854
322,415,0.8923832136614579
322,376,0.9530151793505801
323,160,0.8769595567106208
323,294,0.8494935234738548
323,191,0.800842342186223
323,410,0.9276130660231213
323,261,0.8977154683324304
324,296,0.9510887940112148
324,361,0.9625520007466786
324,325,0.9653197742132931
325,350,0.973241378938998
325,296,0.973241378938998
325,324,0.9653197742132931
325,229,0.9115925663617311
326,402,0.8047904095911388
326,465,0.8986980549294703
326,282,0.9381981204125796
326,291,0.8271844087439152
326,348,0.8778507136781892
326,154,0.8717177368842495
326,305,0.5526562954639596
326,339,0.5417834799492479
327,685,0.631885964337364
327,367,0.7149342385737546
327,359,0.9091856712558638
327,450,0.906935442825665
328,521,0.8092457840761135
328,484,0.887609363671782
328,116,0.756877901684457
328,236,0.9218530484106888
328,226,0.8691423431506766
328,177,0.8838461195173439
329,477,0.8771220094082
329,460,0.9043681975754079
329,418,0.9067185555259958
329,174,0.7971796548175644
329,390,0.8981924156960898
329,211,0.9060631799387474
330,381,0.9227155337830817
330,203,0.7570879076095506
330,743,0.7438105202370717
331,110,0.716532605137578
331,302,0.8824845487878011
331,297,0.7871817651392946
331,446,0.913556091857009
332,477,0.8968398854260691
332,460,0.9091856712558638
332,437,0.856670448380164
333,364,0.9214145039298607
333,404,0.9429172559762844
334,427,0.9259006636492924
334,760,0.5231458526857635
334,230,0.9119948158727124
335,184,0.8254805009931181
335,276,0.9463836498442388
335,278,0.9471987816790822
335,304,0.9703267583806774
335,232,0.9117908960763035
335,196,0.8913003794604645
335,463,0.803959742114691
335,422,0.9053338104244587
335,387,0.9300086433468401
335,454,0.9124847112550236
336,636,0.7443387957308902
336,546,0.8538694190129897
336,409,0.7162503823530399
336,168,0.7055732988609809
336,378,0.9137040921746717
337,364,0.973241378938998
337,248,0.923024325154819
337,381,0.8629637498073828
337,301,0.8371755654639097
338,372,0.7606707143642129
338,406,0.7764706948455566
338,520,0.8745151937794887
338,183,0.8795590997714636
338,152,0.8584549542374794
338,114,0.6290844708610519
339,326,0.5417834799492479
339,348,0.5427575395907467
339,305,0.9653197742132931
339,414,0.9409376685008637
339,432,0.8859504978398617
339,287,0.9113150658887325
339,401,0.8344947074176731
340,381,0.9680141029402175
340,464,0.7604797446217791
341,368,0.9747522414139314
341,153,0.8571490004483839
341,289,0.7544613099444655
342,146,0.8521150196475515
342,182,0.7155960808890824
342,401,0.9558012826194622
342,260,0.5952367950341204
343,426,0.9338241719892809
343,320,0.7849170934274758
343,286,0.9471987816790822
343,395,0.8247448504399986
344,759,0.7458011098422204
344,374,0.8081632103900677
344,306,0.9625520007466786
344,583,0.7026829433969721
344,223,0.6666065173966358
344,462,0.5972975623726205
345,497,0.8907103809894563
345,193,0.8819273991534167
345,234,0.792264857075922
346,381,0.973241378938998
346,301,0.9558012826194622
347,506,0.7794384541619838
347,468,0.8659940730125437
347,259,0.9218530484106888
347,222,0.813618208769616
347,416,0.9471987816790822
348,326,0.8778507136781892
348,383,0.8866560184125029
348,291,0.9449487209151111
348,367,0.9821508484111854
348,362,0.8870305442804773
348,339,0.5427575395907467
349,388,0.9113150658887325
349,438,0.6676568463106523
349,570,0.8342714790435549
349,298,0.6627975613649419
349,420,0.9463836498442388
349,385,0.9261191283460204
350,410,0.9545253329684085
350,242,0.9051393468000783
350,295,0.9463836498442388
350,296,0.9044616776288923
350,325,0.973241378938998
350,74,0.8057688943132582
350,229,0.848587828954415
351,364,0.9899427146690853
351,249,0.9081435504817337
352,131,0.4375637567982075
352,424,0.9461885164005041
352,307,0.8925503413284119
353,434,0.9437830818422798
353,233,0.8931058511044692
353,246,0.7460608401387878
354,389,0.7794306107199067
354,490,0.8211390720539455
354,545,0.8729851698473812
354,162,0.848031857021032
354,151,0.8416925287736065
355,57,0.7945807710963595
355,89,0.8058562796764837
355,240,0.8971855320143377
355,310,0.9218530484106888
355,293,0.9392715785638494
355,394,0.973241378938998
355,532,0.8821342934480713
356,255,0.7998211772252124
356,290,0.8457055875723746
356,399,0.973241378938998
356,470,0.7341461209484693
357,321,0.9644819118512427
357,500,0.9020513491110393
357,400,0.8754811676111143
358,377,0.9872954174986995
358,366,0.8522720763495351
358,396,0.8805701633829723
358,384,0.9545253329684085
359,367,0.9200400887774002
359,327,0.9091856712558638
359,450,0.8575310822469285
359,477,0.9224566379246724
360,618,0.8344947074176731
360,484,0.7837339784280638
360,198,0.8296692882718347
361,410,0.9640719144033315
361,296,0.8998101462900223
361,324,0.9625520007466786
361,229,0.8866643834626358
361,303,0.9437830818422798
361,101,0.8089944414962434
362,348,0.8870305442804773
362,367,0.9074642534405949
362,436,0.9487936471897895
363,392,0.9801847561502938
363,393,0.847620409760358
364,209,0.7397730565223575
364,404,0.7266606516080294
364,249,0.8921277978201086
364,351,0.9899427146690853
364,337,0.973241378938998
364,333,0.9214145039298607
364,381,0.9909996972207402
364,149,0.8150406443724042
365,285,0.8955897478075493
365,281,0.9218530484106888
365,208,0.8631454327328397
365,386,0.9872954174986995
365,319,0.9583247203620042
365,276,0.9083775496138666
366,377,0.9703267583806774
366,724,0.7802149627237565
366,358,0.8522720763495351
367,685,0.6061268523201614
367,383,0.7161467569105809
367,348,0.9821508484111854
367,327,0.7149342385737546
367,362,0.9074642534405949
367,359,0.9200400887774002
367,436,0.8968611331323423
367,477,0.9282688659415461
368,545,0.8808603838965433
368,153,0.8229997060278255
368,341,0.9747522414139314
368,188,0.728159995167359
368,315,0.9528713406293264
368,283,0.9218530484106888
369,384,0.7102421349957747
369,526,0.8971855320143377
369,572,0.8203294419931803
369,500,0.8286233322159883
370,216,0.8566306320041716
370,563,0.8716445429054754
371,496,0.9148038379176535
371,469,0.7664384835313569
372,422,0.9623684211445606
372,299,0.9318432884199691
372,406,0.77120803083395
372,183,0.7427884267392829
372,338,0.7606707143642129
373,404,0.9252426140965927
373,542,0.870060589350114
373,513,0.9066741325234148
374,394,0.9872954174986995
374,532,0.8805701633829723
374,344,0.8081632103900677
375,234,0.8816634702981748
375,247,0.8914351084274457
375,314,0.9483143562269498
375,473,0.8316157786497426
375,428,0.9600460053862431
376,294,0.9271479306594969
376,322,0.9530151793505801
376,415,0.8304184392719646
376,410,0.973241378938998
376,534,0.8192571186291973
377,662,0.8192176227892324
377,243,0.8891105905770373
377,366,0.9703267583806774
377,235,0.8816634702981748
377,358,0.9872954174986995
377,384,0.9640719144033315
377,313,0.9463836498442388
378,545,0.8854030699924088
378,409,0.7135939786915653
378,336,0.9137040921746717
378,279,0.9127900147357522
378,119,0.8122122079504506
379,400,0.9558012826194622
379,605,0.8498075788442305
380,413,0.9722730770907142
380,277,0.9019305023371259
380,263,0.9000856288552439
380,322,0.8261867348363134
381,364,0.9909996972207402
381,337,0.8629637498073828
381,301,0.8910653879558487
381,346,0.973241378938998
381,179,0.8461636398573344
381,149,0.8263790442785298
381,272,0.908065740587924
381,340,0.9680141029402175
381,26,0.678354430308855
381,330,0.9227155337830817
381,464,0.9433113231217994
382,238,0.8239699000771177
382,185,0.654979893909401
382,750,0.7762450128438776
382,704,0.6431371045265282
383,685,0.6343106935126042
383,397,0.9909996972207402
383,291,0.9136018892151078
383,348,0.8866560184125029
383,367,0.7161467569105809
384,377,0.9640719144033315
384,724,0.7881202106786404
384,358,0.9545253329684085
384,396,0.9644819118512427
384,313,0.8201330217196902
384,526,0.6978371278910349
384,369,0.7102421349957747
384,252,0.889398462395082
384,321,0.7979220328153631
384,500,0.6644890367745286
385,349,0.9261191283460204
385,420,0.973241378938998
385,175,0.719031943528306
386,285,0.8498130428640799
386,365,0.9872954174986995
386,425,0.9680141029402175
386,319,0.8547569786847269
386,276,0.692889275579548
387,335,0.9300086433468401
387,422,0.8716448237169279
387,454,0.9527396919219954
388,506,0.9182141025520183
388,405,0.6588226350274278
388,472,0.9014965856039029
388,298,0.8018590522533251
388,349,0.9113150658887325
389,578,0.8730929737215269
389,445,0.8376041488917751
389,162,0.6490190553136626
389,354,0.7794306107199067
390,477,0.9414093153986384
390,226,0.8006309229643176
390,174,0.8362830640718817
390,329,0.8981924156960898
391,285,0.9091856712558638
391,321,0.9119948158727124
391,274,0.8679683239010909
391,425,0.973241378938998
392,425,0.973241378938998
392,227,0.840288019495536
392,262,0.8907769766035998
392,493,0.8811083260575976
392,503,0.9127999357666516
392,363,0.9801847561502938
392,393,0.9180692042318234
392,487,0.9380707758593515
393,392,0.9180692042318234
393,503,0.9225797361323311
393,363,0.847620409760358
393,487,0.7166639140169633
393,524,0.7128988121283797
394,355,0.973241378938998
394,532,0.9053338104244587
394,374,0.9872954174986995
395,426,0.9738083407717619
395,343,0.8247448504399986
395,241,0.7903828025886167
396,724,0.7948590309532689
396,358,0.8805701633829723
396,384,0.9644819118512427
397,552,0.8914704022557204
397,383,0.9909996972207402
398,316,0.9369812483497675
398,88,0.7816772547326211
398,497,0.9276130660231213
