0.2701555345749592 2
	a 0 3 0.9910754242055927
	a 3 0 0.9910754242055927
11.76124271616615 2
	a 1 15 0.7282691124471601
	a 15 1 0.7282691124471601
15.836328066473 2
	a 1 49 0.6739647850550112
	a 49 1 0.6739647850550112
0.8678838813832842 2
	a 1 6 0.9718915409211399
	a 6 1 0.9718915409211399
1.812791290068011 2
	a 1 9 0.9430822176662588
	a 9 1 0.9430822176662588
1.828816583157894 2
	a 1 3 0.9426091022782831
	a 3 1 0.9426091022782831
8.540586550745477 2
	a 2 31 0.782940226543086
	a 31 2 0.782940226543086
16.59538020684834 2
	a 2 42 0.6653805890303007
	a 42 2 0.6653805890303007
0.9056588220468618 2
	a 3 9 0.9707046576993192
	a 9 3 0.9707046576993192
0.3897640175368631 2
	a 4 8 0.9871752090644744
	a 8 4 0.9871752090644744
9.552221014404369 2
	a 5 34 0.7644873341468597
	a 34 5 0.7644873341468597
1.633168994081954 2
	a 6 11 0.9484199427130345
	a 11 6 0.9484199427130345
1.220770282487056 2
	a 6 9 0.9609195025649143
	a 9 6 0.9609195025649143
4.448401649766214 2
	a 7 19 0.8716854709526839
	a 19 7 0.8716854709526839
2.603710727412789 2
	a 8 12 0.9203246476401649
	a 12 8 0.9203246476401649
1.220770282487056 2
	a 9 11 0.9609195025649143
	a 11 9 0.9609195025649143
7.216130394658967 2
	a 9 26 0.8090591673850478
	a 26 9 0.8090591673850478
5.358061959253829 2
	a 10 25 0.8498148336607347
	a 25 10 0.8498148336607347
13.56797080675114 2
	a 11 49 0.7023657515337179
	a 49 11 0.7023657515337179
11.49961344793666 2
	a 11 36 0.7322854961325136
	a 36 11 0.7322854961325136
6.350253323540731 2
	a 11 24 0.8274246253072715
	a 24 11 0.8274246253072715
1.330050418899266 2
	a 12 14 0.9575737484377891
	a 14 12 0.9575737484377891
1.754926729054513 2
	a 12 18 0.9447947692786187
	a 18 12 0.9447947692786187
3.769073340711518 2
	a 13 29 0.8889055617815274
	a 29 13 0.8889055617815274
4.058802247150524 2
	a 14 20 0.8814658310410621
	a 20 14 0.8814658310410621
0.6027356872459425 2
	a 14 18 0.9803071135846667
	a 18 14 0.9803071135846667
2.958936938741883 2
	a 15 27 0.910487564890059
	a 27 15 0.910487564890059
6.919941070197217 2
	a 16 36 0.8152224858331399
	a 36 16 0.8152224858331399
3.769985144183868 2
	a 16 26 0.8888819221372484
	a 26 16 0.8888819221372484
7.306200193536104 2
	a 16 29 0.8072089348103839
	a 29 16 0.8072089348103839
2.159927619420729 2
	a 16 19 0.9329459631498691
	a 19 16 0.9329459631498691
1.453744046139253 2
	a 17 23 0.9538159996063358
	a 23 17 0.9538159996063358
4.087840513628286 2
	a 17 28 0.8807280716163642
	a 28 17 0.8807280716163642
2.68551096248225 2
	a 18 28 0.9180387093162032
	a 28 18 0.9180387093162032
2.211714673489286 2
	a 19 26 0.9314538073769172
	a 26 19 0.9314538073769172
1.027952275406858 2
	a 20 23 0.9668826525367566
	a 23 20 0.9668826525367566
1.533956076087579 2
	a 21 25 0.9513957097490873
	a 25 21 0.9513957097490873
2.034778658853599 2
	a 21 27 0.9365732563255703
	a 27 21 0.9365732563255703
2.292841933467983 2
	a 22 28 0.9291265953809196
	a 28 22 0.9291265953809196
1.960778042844447 2
	a 22 30 0.9387323570995137
	a 30 22 0.9387323570995137
3.395700091677062 2
	a 23 28 0.8987075107506746
	a 28 23 0.8987075107506746
1.935871965749386 2
	a 23 31 0.9394614356755866
	a 31 23 0.9394614356755866
0.5488408072586609 2
	a 24 26 0.9820359572016657
	a 26 24 0.9820359572016657
0.3835792746957232 2
	a 25 27 0.9873761207069657
	a 27 25 0.9873761207069657
5.887321867974165 2
	a 25 37 0.837687183345952
	a 37 25 0.837687183345952
4.404659814886136 2
	a 26 36 0.8727709331536018
	a 36 26 0.8727709331536018
4.892989451909125 2
	a 27 37 0.8608306741529124
	a 37 27 0.8608306741529124
0.487629339878578 2
	a 28 30 0.9840070514701087
	a 30 28 0.9840070514701087
4.498956856227057 2
	a 29 39 0.8704348705670288
	a 39 29 0.8704348705670288
1.712188283485123 2
	a 30 33 0.9460638989100543
	a 33 30 0.9460638989100543
4.332000289494044 2
	a 31 33 0.8745810041832316
	a 33 31 0.8745810041832316
4.185271621452946 2
	a 31 38 0.8782631019206172
	a 38 31 0.8782631019206172
3.697805716638496 2
	a 32 38 0.8907577166116375
	a 38 32 0.8907577166116375
3.410152223953312 2
	a 32 35 0.8983235508360322
	a 35 32 0.8983235508360322
2.671253212784895 2
	a 33 38 0.9184362509733359
	a 38 33 0.9184362509733359
3.965587442118924 2
	a 34 44 0.8838437628747193
	a 44 34 0.8838437628747193
4.089123524538977 2
	a 34 41 0.8806955077910495
	a 41 34 0.8806955077910495
2.010524034629345 2
	a 35 38 0.9372797553858452
	a 38 35 0.9372797553858452
0.9589481822187813 2
	a 36 39 0.9690353879296758
	a 39 36 0.9690353879296758
1.255322192733106 2
	a 37 42 0.9598590144779089
	a 42 37 0.9598590144779089
0.1917896373478611 2
	a 37 40 0.9936477087493498
	a 40 37 0.9936477087493498
0.99986533083179 2
	a 37 43 0.9677576919995778
	a 43 37 0.9677576919995778
0.5491773151464054 2
	a 38 42 0.9820251433961789
	a 42 38 0.9820251433961789
2.634386264791015 2
	a 38 45 0.9194659470135615
	a 45 38 0.9194659470135615
1.277257733339577 2
	a 39 44 0.9591870222090993
	a 44 39 0.9591870222090993
0.3282999206120918 2
	a 39 41 0.9891755568692563
	a 41 39 0.9891755568692563
0.4217785570495555 2
	a 40 42 0.9861365385453571
	a 42 40 0.9861365385453571
1.161205967875288 2
	a 41 44 0.9627534316634843
	a 44 41 0.9627534316634843
1.165489355260694 2
	a 42 45 0.9626213070482963
	a 45 42 0.9626213070482963
0.7241308354215087 2
	a 42 43 0.9764356703146633
	a 43 42 0.9764356703146633
1.094826392103268 2
	a 43 45 0.9648057945788575
	a 45 43 0.9648057945788575
1.69290710932188 2
	a 43 46 0.9466376432947569
	a 46 43 0.9466376432947569
1.73006200572298 2
	a 44 49 0.9455326939779243
	a 49 44 0.9455326939779243
0.3002129760370238 2
	a 45 46 0.9900923780751469
	a 46 45 0.9900923780751469
3.806749191465107 2
	a 45 49 0.8879299643163827
	a 49 45 0.8879299643163827
0.1356157527182506 2
	a 46 47 0.9954998486103701
	a 47 46 0.9954998486103701
2.032393751869971 2
	a 46 48 0.9366426742844616
	a 48 46 0.9366426742844616
2.883031292090099 2
	a 46 49 0.9125700511319986
	a 49 46 0.9125700511319986
0.7269919299976549 2
	a 47 48 0.9763448038133792
	a 48 47 0.9763448038133792
0.1917896373478611 2
	a 48 49 0.9936477087493498
	a 49 48 0.9936477087493498
