0.4068472581547501 2
	a 0 9 0.986620689469499
	a 9 0 0.986620689469499
0.1917896373478611 2
	a 1 4 0.9936477087493498
	a 4 1 0.9936477087493498
0.3981115513613038 2
	a 2 9 0.986904170385881
	a 9 2 0.986904170385881
0.3002129760370238 2
	a 3 9 0.9900923780751469
	a 9 3 0.9900923780751469
0.9507581163653473 2
	a 4 18 0.9692915532379855
	a 18 4 0.9692915532379855
2.514720976910826 2
	a 5 37 0.9228256982684526
	a 37 5 0.9228256982684526
1.334528378725622 2
	a 5 21 0.9574371690344996
	a 21 5 0.9574371690344996
0.9056588220468618 2
	a 5 14 0.9707046576993192
	a 14 5 0.9707046576993192
0.1917896373478611 2
	a 6 9 0.9936477087493498
	a 9 6 0.9936477087493498
5.619527810501289 2
	a 7 28 0.8437700281715994
	a 28 7 0.8437700281715994
13.74844150132462 2
	a 7 171 0.6999456004234628
	a 171 7 0.6999456004234628
8.609103322287735 2
	a 7 48 0.7816507637219418
	a 48 7 0.7816507637219418
1.200526638806247 2
	a 8 20 0.9615419685147637
	a 20 8 0.9615419685147637
2.103169588018385 2
	a 9 37 0.9345872771547474
	a 37 9 0.9345872771547474
0.6780787635912512 2
	a 9 16 0.9779006413097311
	a 16 9 0.9779006413097311
3.524708568073951 2
	a 9 32 0.8952931048084869
	a 32 9 0.8952931048084869
1.555825766205055 2
	a 10 29 0.9507380636632827
	a 29 10 0.9507380636632827
1.73006200572298 2
	a 11 37 0.9455326939779243
	a 37 11 0.9455326939779243
2.285798534967981 2
	a 12 27 0.9293281433378501
	a 27 12 0.9293281433378501
1.660637331921523 2
	a 12 25 0.9475995374159278
	a 25 12 0.9475995374159278
1.441427748955187 2
	a 12 19 0.9541887748069333
	a 19 12 0.9541887748069333
1.993359989625462 2
	a 12 41 0.937780407731913
	a 41 12 0.937780407731913
3.69959219651063 2
	a 13 41 0.8907111806631698
	a 41 13 0.8907111806631698
1.726106731610226 2
	a 13 38 0.9456501897302323
	a 38 13 0.9456501897302323
11.95517225255825 2
	a 13 127 0.7253368998346826
	a 127 13 0.7253368998346826
12.38247612085136 2
	a 13 121 0.7190083135180083
	a 121 13 0.7190083135180083
1.581436050698731 2
	a 14 37 0.9499691515824692
	a 37 14 0.9499691515824692
2.309342523606942 2
	a 14 21 0.9286547987880289
	a 21 14 0.9286547987880289
2.849053479489506 2
	a 15 47 0.9135056589209453
	a 47 15 0.9135056589209453
1.413255877275242 2
	a 16 37 0.9550425995428069
	a 37 16 0.9550425995428069
0.4068472581547501 2
	a 17 20 0.986620689469499
	a 20 17 0.986620689469499
1.206514340999738 2
	a 17 33 0.9613577668915408
	a 33 17 0.9613577668915408
1.353727654535798 2
	a 18 37 0.9568520460873359
	a 37 18 0.9568520460873359
1.255322192733106 2
	a 18 32 0.9598590144779089
	a 32 18 0.9598590144779089
2.337789541567052 2
	a 18 21 0.9278426390981682
	a 21 18 0.9278426390981682
0.4518359985116184 2
	a 19 27 0.9851633791903387
	a 27 19 0.9851633791903387
2.646678114975391 2
	a 20 33 0.9191223536408548
	a 33 20 0.9191223536408548
0.8577887261203904 2
	a 20 34 0.972209235706611
	a 34 20 0.972209235706611
4.696914650609499 2
	a 20 53 0.8655782896598205
	a 53 20 0.8655782896598205
2.305467796210252 2
	a 20 50 0.9287655411234643
	a 50 20 0.9287655411234643
13.59063618613348 2
	a 20 80 0.7020602026690512
	a 80 20 0.7020602026690512
0.9589481822187813 2
	a 21 37 0.9690353879296758
	a 37 21 0.9690353879296758
14.60700982816108 2
	a 22 37 0.6888225043187225
	a 37 22 0.6888225043187225
0.5424630108730013 2
	a 22 31 0.9822409559256213
	a 31 22 0.9822409559256213
0.9006357637435058 2
	a 23 37 0.9708623092235582
	a 37 23 0.9708623092235582
1.127108817932829 2
	a 24 40 0.9638065330115606
	a 40 24 0.9638065330115606
0.1356157527182506 2
	a 25 27 0.9954998486103701
	a 27 25 0.9954998486103701
0.7884591958105146 2
	a 26 37 0.9743968235948948
	a 37 26 0.9743968235948948
5.402181899893534 2
	a 27 101 0.8487874247290826
	a 101 27 0.8487874247290826
0.6027356872459425 2
	a 28 37 0.9803071135846667
	a 37 28 0.9803071135846667
0.4518359985116184 2
	a 29 37 0.9851633791903387
	a 37 29 0.9851633791903387
0.4068472581547501 2
	a 30 37 0.986620689469499
	a 37 30 0.986620689469499
3.167778588920307 2
	a 30 45 0.9048120394117656
	a 45 30 0.9048120394117656
0.5488408072586609 2
	a 31 39 0.9820359572016657
	a 39 31 0.9820359572016657
0.3002129760370238 2
	a 32 37 0.9900923780751469
	a 37 32 0.9900923780751469
0.953531833712017 2
	a 33 45 0.9692047824526964
	a 45 33 0.9692047824526964
2.918190024062736 2
	a 33 53 0.9116041542413641
	a 53 33 0.9116041542413641
0.5424630108730013 2
	a 34 36 0.9822409559256213
	a 36 34 0.9822409559256213
1.881164616308095 2
	a 34 56 0.9410671467240357
	a 56 34 0.9410671467240357
3.462562681034489 2
	a 34 60 0.8969342247988557
	a 60 34 0.8969342247988557
0.1917896373478611 2
	a 35 37 0.9936477087493498
	a 37 35 0.9936477087493498
13.22063818715793 2
	a 35 115 0.7071063064726018
	a 115 35 0.7071063064726018
1.767823741932766 2
	a 36 56 0.944412498715943
	a 56 36 0.944412498715943
0.6915073676175353 2
	a 37 45 0.9774729968621538
	a 45 37 0.9774729968621538
13.56293129373645 2
	a 37 115 0.7024337512785037
	a 115 37 0.7024337512785037
15.85381731353137 2
	a 37 109 0.6737620690493008
	a 109 37 0.6737620690493008
18.64619230477803 2
	a 37 39 0.6442472168743855
	a 39 37 0.6442472168743855
0.1917896373478611 2
	a 38 41 0.9936477087493498
	a 41 38 0.9936477087493498
10.39835349877074 2
	a 38 135 0.7499809042231418
	a 135 38 0.7499809042231418
11.78118565903846 2
	a 38 124 0.7279658235829825
	a 124 38 0.7279658235829825
2.824475764295976 2
	a 39 68 0.9141837492539987
	a 68 39 0.9141837492539987
1.834428561908478 2
	a 40 61 0.9424435390596697
	a 61 40 0.9424435390596697
9.749905918248666 2
	a 41 151 0.7610245255516741
	a 151 41 0.7610245255516741
1.711770758746703 2
	a 42 54 0.9460763152637054
	a 54 42 0.9460763152637054
1.633029911086493 2
	a 42 59 0.9484241005715679
	a 59 42 0.9484241005715679
12.30245934142274 2
	a 43 94 0.7201797244856545
	a 94 43 0.7201797244856545
1.497924950580329 2
	a 43 62 0.9524812994257927
	a 62 43 0.9524812994257927
9.662497158109788 2
	a 43 147 0.762550021300946
	a 147 43 0.762550021300946
2.101603782099075 2
	a 44 66 0.9346326448113396
	a 66 44 0.9346326448113396
1.056839081691459 2
	a 44 55 0.9659844011520589
	a 55 44 0.9659844011520589
2.332015407060942 2
	a 44 46 0.9280073655309269
	a 46 44 0.9280073655309269
2.549952570706873 2
	a 45 53 0.9218337421144969
	a 53 45 0.9218337421144969
1.360345102038611 2
	a 45 60 0.9566505442427642
	a 60 45 0.9566505442427642
4.301256003970237 2
	a 46 66 0.8753495398731672
	a 66 46 0.8753495398731672
3.320037708041977 2
	a 46 85 0.9007237355973872
	a 85 46 0.9007237355973872
2.490485135468322 2
	a 47 78 0.9235094195771556
	a 78 47 0.9235094195771556
3.579538568402 2
	a 48 103 0.8938508143694988
	a 103 48 0.8938508143694988
4.651207653062036 2
	a 48 101 0.8666939543185597
	a 101 48 0.8666939543185597
0.4068472581547501 2
	a 49 52 0.986620689469499
	a 52 49 0.986620689469499
0.726203378641899 2
	a 49 60 0.9763698459609977
	a 60 49 0.9763698459609977
0.1356157527182506 2
	a 50 52 0.9954998486103701
	a 52 50 0.9954998486103701
1.385168937220699 2
	a 51 61 0.9558954480381517
	a 61 51 0.9558954480381517
0.4068472581547501 2
	a 51 58 0.986620689469499
	a 58 51 0.986620689469499
0.9131757184269528 2
	a 51 54 0.9704688342504318
	a 54 51 0.9704688342504318
0.5753689120435835 2
	a 52 60 0.9811842105722803
	a 60 52 0.9811842105722803
0.8753836449732832 2
	a 53 56 0.9716556615608998
	a 56 53 0.9716556615608998
0.5488408072586609 2
	a 53 60 0.9820359572016657
	a 60 53 0.9820359572016657
0.5575248444503217 2
	a 54 61 0.9817569700886031
	a 61 54 0.9817569700886031
0.9763801406626829 2
	a 54 59 0.9684906241748837
	a 59 54 0.9684906241748837
1.154824871506312 2
	a 55 66 0.9629503318246462
	a 66 55 0.9629503318246462
0.4068472581547501 2
	a 56 60 0.986620689469499
	a 60 56 0.986620689469499
0.3981115513613038 2
	a 57 61 0.986904170385881
	a 61 57 0.986904170385881
0.3002129760370238 2
	a 58 61 0.9900923780751469
	a 61 58 0.9900923780751469
1.364607188709789 2
	a 59 61 0.9565208103950003
	a 61 59 0.9565208103950003
0.4518359985116184 2
	a 59 64 0.9851633791903387
	a 64 59 0.9851633791903387
2.55807635662143 2
	a 60 67 0.9216053448342681
	a 67 60 0.9216053448342681
5.535737468506992 2
	a 60 89 0.8456957088274633
	a 89 60 0.8456957088274633
3.127870426028047 2
	a 60 106 0.9058904937339444
	a 106 60 0.9058904937339444
1.106545252170832 2
	a 61 64 0.9644428034543762
	a 64 61 0.9644428034543762
1.250982524810324 2
	a 61 72 0.9599920760860292
	a 72 61 0.9599920760860292
6.296265225805553 2
	a 61 74 0.8286052174751051
	a 74 61 0.8286052174751051
2.284891952702111 2
	a 62 94 0.929354092207401
	a 94 62 0.929354092207401
2.025425177101269 2
	a 63 89 0.9368455732195562
	a 89 63 0.9368455732195562
1.824403406976611 2
	a 64 72 0.9427393422329253
	a 72 64 0.9427393422329253
0.7241308354215087 2
	a 64 70 0.9764356703146633
	a 70 64 0.9764356703146633
28.2579177684804 2
	a 65 165 0.5760010315983592
	a 165 65 0.5760010315983592
9.021390824444881 2
	a 65 170 0.7740147791560581
	a 170 65 0.7740147791560581
5.852468167473065 2
	a 66 135 0.8384727388398063
	a 135 66 0.8384727388398063
3.609013626096117 2
	a 66 102 0.8930776558828835
	a 102 66 0.8930776558828835
5.266675584567204 2
	a 66 85 0.8519525596467149
	a 85 66 0.8519525596467149
2.533511339582877 2
	a 67 69 0.9222963600051035
	a 69 67 0.9222963600051035
2.340115184466742 2
	a 67 106 0.9277763102938179
	a 106 67 0.9277763102938179
1.604933260944054 2
	a 68 76 0.9492648353914381
	a 76 68 0.9492648353914381
10.74250876785247 2
	a 68 171 0.7443107174240431
	a 171 68 0.7443107174240431
8.94956370854297 2
	a 68 173 0.7753300384389912
	a 173 68 0.7753300384389912
0.4217785570495555 2
	a 69 73 0.9861365385453571
	a 73 69 0.9861365385453571
3.065108206077205 2
	a 69 106 0.907592357572385
	a 106 69 0.907592357572385
0.1917896373478611 2
	a 70 72 0.9936477087493498
	a 72 70 0.9936477087493498
4.562238177115101 2
	a 71 106 0.8688753885552079
	a 106 71 0.8688753885552079
0.7824456497750818 2
	a 71 86 0.9745870488658112
	a 86 71 0.9745870488658112
7.21625263417794 2
	a 71 153 0.8090566487790466
	a 153 71 0.8090566487790466
0.7617588454580648 2
	a 72 87 0.9752420130266003
	a 87 72 0.9752420130266003
0.6027356872459425 2
	a 72 74 0.9803071135846667
	a 74 72 0.9803071135846667
0.3897640175368631 2
	a 73 82 0.9871752090644744
	a 82 73 0.9871752090644744
0.5424630108730013 2
	a 74 87 0.9822409559256213
	a 87 74 0.9822409559256213
1.641845906926071 2
	a 75 104 0.9481606243389975
	a 104 75 0.9481606243389975
0.5227236001223743 2
	a 75 83 0.9828759838238488
	a 83 75 0.9828759838238488
0.8023026348627905 2
	a 75 94 0.9739592066624652
	a 94 75 0.9739592066624652
5.826412086877054 2
	a 76 115 0.8390612013235508
	a 115 76 0.8390612013235508
0.4217785570495555 2
	a 76 84 0.9861365385453571
	a 84 76 0.9861365385453571
0.4518359985116184 2
	a 77 89 0.9851633791903387
	a 89 77 0.9851633791903387
0.8293136085763161 2
	a 77 96 0.9731065013280988
	a 96 77 0.9731065013280988
2.084040832399623 2
	a 78 112 0.9351418382697081
	a 112 78 0.9351418382697081
7.752675382712222 2
	a 79 171 0.7981996035664458
	a 171 79 0.7981996035664458
0.2701555345749592 2
	a 80 87 0.9910754242055927
	a 87 80 0.9910754242055927
2.517661225881308 2
	a 81 115 0.9227428255359984
	a 115 81 0.9227428255359984
1.356157527182502 2
	a 81 106 0.9567780459285045
	a 106 81 0.9567780459285045
1.004467080717226 2
	a 82 104 0.9676142137486992
	a 104 82 0.9676142137486992
2.151609803528235 2
	a 82 106 0.9331861073804242
	a 106 82 0.9331861073804242
0.979672656071377 2
	a 83 104 0.9683878012868997
	a 104 83 0.9683878012868997
0.9302638502529895 2
	a 84 100 0.9699331771903307
	a 100 84 0.9699331771903307
0.2701555345749592 2
	a 84 90 0.9910754242055927
	a 90 84 0.9910754242055927
7.939558283908358 2
	a 84 173 0.7945074243610291
	a 173 84 0.7945074243610291
0.5575248444503217 2
	a 85 98 0.9817569700886031
	a 98 85 0.9817569700886031
3.894368024925469 2
	a 86 106 0.8856705715234827
	a 106 86 0.8856705715234827
0.487629339878578 2
	a 86 93 0.9840070514701087
	a 93 86 0.9840070514701087
0.2701555345749592 2
	a 86 91 0.9910754242055927
	a 91 86 0.9910754242055927
0.4068472581547501 2
	a 86 94 0.986620689469499
	a 94 86 0.986620689469499
0.2701555345749592 2
	a 87 92 0.9910754242055927
	a 92 87 0.9910754242055927
3.649316525759815 2
	a 87 104 0.8920229288476651
	a 104 87 0.8920229288476651
1.632881814163999 2
	a 87 95 0.9484285279420417
	a 95 87 0.9484285279420417
3.942043200330558 2
	a 88 129 0.8844467233166131
	a 129 88 0.8844467233166131
0.3002129760370238 2
	a 89 96 0.9900923780751469
	a 96 89 0.9900923780751469
2.819843867028712 2
	a 89 108 0.9143116661079942
	a 108 89 0.9143116661079942
0.3981115513613038 2
	a 90 100 0.986904170385881
	a 100 90 0.986904170385881
0.5753689120435835 2
	a 91 104 0.9811842105722803
	a 104 91 0.9811842105722803
0.5413870400114591 2
	a 91 93 0.9822755489807651
	a 93 91 0.9822755489807651
0.5308290191434861 2
	a 92 104 0.9826151268297626
	a 104 92 0.9826151268297626
3.969737804012488 2
	a 92 95 0.8837375715313791
	a 95 92 0.8837375715313791
0.8272569866452942 2
	a 93 106 0.9731713725222706
	a 106 93 0.9731713725222706
0.5143760708184569 2
	a 94 104 0.9831447800380628
	a 104 94 0.9831447800380628
0.4068472581547501 2
	a 95 104 0.986620689469499
	a 104 95 0.986620689469499
1.763004785337253 2
	a 96 115 0.9445552952885187
	a 115 96 0.9445552952885187
0.6693430567978045 2
	a 97 105 0.9781790423614531
	a 105 97 0.9781790423614531
3.127870426028047 2
	a 98 122 0.9058904937339444
	a 122 98 0.9058904937339444
0.5753689120435835 2
	a 98 105 0.9811842105722803
	a 105 98 0.9811842105722803
5.66086877190312 2
	a 99 137 0.8428238803614556
	a 137 99 0.8428238803614556
2.753874714250191 2
	a 99 123 0.9161377980838592
	a 123 99 0.9161377980838592
2.631797667467332 2
	a 100 115 0.9195383418219365
	a 115 100 0.9195383418219365
0.5294379043957786 2
	a 100 107 0.9826598871066465
	a 107 100 0.9826598871066465
8.648881963095102 2
	a 100 173 0.7809048409147241
	a 173 100 0.7809048409147241
9.065390632130301 2
	a 101 171 0.773212183694021
	a 171 101 0.773212183694021
0.1917896373478611 2
	a 101 103 0.9936477087493498
	a 103 101 0.9936477087493498
3.902159959093124 2
	a 102 135 0.8854702822357705
	a 135 102 0.8854702822357705
6.644481617095021 2
	a 103 171 0.8210646989822633
	a 171 103 0.8210646989822633
0.3002129760370238 2
	a 104 106 0.9900923780751469
	a 106 104 0.9900923780751469
2.816826972555314 2
	a 105 128 0.9143950034600961
	a 128 105 0.9143950034600961
3.187916696422351 2
	a 105 122 0.9042689275103505
	a 122 105 0.9042689275103505
3.680638697129103 2
	a 105 110 0.8912051823075086
	a 110 105 0.8912051823075086
1.784624015762082 2
	a 106 114 0.9439150272450716
	a 114 106 0.9439150272450716
1.875380545687836 2
	a 106 119 0.9412372570879349
	a 119 106 0.9412372570879349
5.83641039441041 2
	a 107 115 0.8388352740840189
	a 115 107 0.8388352740840189
6.678694691382908 2
	a 107 113 0.8203332261373725
	a 113 107 0.8203332261373725
8.085371839452737 2
	a 107 173 0.7916584159521537
	a 173 107 0.7916584159521537
7.735753447991144 2
	a 107 184 0.7985362010084391
	a 184 107 0.7985362010084391
0.9337457621014058 2
	a 108 115 0.9698241054569177
	a 115 108 0.9698241054569177
0.2701555345749592 2
	a 109 111 0.9910754242055927
	a 111 109 0.9910754242055927
2.987780420314016 2
	a 110 135 0.9096989972666629
	a 135 110 0.9096989972666629
3.258333259318663 2
	a 110 128 0.9023755599113619
	a 128 110 0.9023755599113619
0.5753689120435835 2
	a 111 115 0.9811842105722803
	a 115 111 0.9811842105722803
2.765972430484548 2
	a 112 135 0.915802312256082
	a 135 112 0.915802312256082
4.7740946287638 2
	a 113 115 0.8637020989836148
	a 115 113 0.8637020989836148
5.443430814363468 2
	a 113 134 0.8478296021273752
	a 134 113 0.8478296021273752
6.117040387947037 2
	a 113 174 0.8325550485337307
	a 174 113 0.8325550485337307
6.867686765614243 2
	a 113 179 0.8163225162171782
	a 179 113 0.8163225162171782
1.995071677409972 2
	a 114 115 0.9377304543570391
	a 115 114 0.9377304543570391
1.027006667447879 2
	a 114 119 0.9669120859946405
	a 119 114 0.9669120859946405
0.4068472581547501 2
	a 115 116 0.986620689469499
	a 116 115 0.986620689469499
4.806416473572153 2
	a 115 134 0.862919241213447
	a 134 115 0.862919241213447
3.196306343458535 2
	a 116 138 0.9040428791578058
	a 138 116 0.9040428791578058
2.3831614416306 2
	a 116 140 0.9265504588082816
	a 140 116 0.9265504588082816
0.7671585448709205 2
	a 117 124 0.975070966213913
	a 124 117 0.975070966213913
3.42137733418838 2
	a 117 133 0.8980255806237299
	a 133 117 0.8980255806237299
1.633020205519121 2
	a 118 135 0.9484243907190164
	a 135 118 0.9484243907190164
1.775246850978804 2
	a 118 131 0.9441926249626991
	a 131 118 0.9441926249626991
3.141371227360553 2
	a 119 153 0.9055253349618864
	a 153 119 0.9055253349618864
4.421034314018743 2
	a 120 146 0.8723642260267341
	a 146 120 0.8723642260267341
3.964566137967303 2
	a 120 149 0.8838698985130302
	a 149 120 0.8838698985130302
2.653997161533844 2
	a 120 148 0.9189178984574791
	a 148 120 0.9189178984574791
0.9260422855687234 2
	a 121 129 0.9700654526900963
	a 129 121 0.9700654526900963
1.330335433485705 2
	a 122 135 0.9575650541742107
	a 135 122 0.9575650541742107
1.736200693454497 2
	a 122 128 0.9453503988767245
	a 128 122 0.9453503988767245
4.611929117945444 2
	a 123 135 0.8676554260332998
	a 135 123 0.8676554260332998
2.375760709183763 2
	a 123 148 0.9267609631215958
	a 148 123 0.9267609631215958
0.2701555345749592 2
	a 124 127 0.9910754242055927
	a 127 124 0.9910754242055927
3.507938984089476 2
	a 124 133 0.8957352786594546
	a 133 124 0.8957352786594546
6.894745919084187 2
	a 125 130 0.815752402630664
	a 130 125 0.815752402630664
4.741330509342159 2
	a 125 144 0.8644973925041451
	a 144 125 0.8644973925041451
5.721833454777456 2
	a 125 191 0.8414333647438297
	a 191 125 0.8414333647438297
5.67723228163923 2
	a 126 191 0.8424500974849114
	a 191 126 0.8424500974849114
6.901299351431191 2
	a 126 188 0.8156144819607141
	a 188 126 0.8156144819607141
0.7283443128863859 2
	a 127 135 0.976301859045213
	a 135 127 0.976301859045213
2.501242687793268 2
	a 127 132 0.9232058001474852
	a 132 127 0.9232058001474852
0.6345790254324017 2
	a 128 135 0.9792885563192237
	a 135 128 0.9792885563192237
0.5488408072586609 2
	a 129 135 0.9820359572016657
	a 135 129 0.9820359572016657
6.693922654257307 2
	a 130 207 0.8200081896550675
	a 207 130 0.8200081896550675
1.370876854135283 2
	a 130 144 0.9563300347516961
	a 144 130 0.9563300347516961
0.4518359985116184 2
	a 131 135 0.9851633791903387
	a 135 131 0.9851633791903387
0.4217785570495555 2
	a 132 135 0.9861365385453571
	a 135 132 0.9861365385453571
2.255077037411157 2
	a 132 133 0.9302083513075068
	a 133 132 0.9302083513075068
0.3403795954308141 2
	a 133 135 0.9887817766713458
	a 135 133 0.9887817766713458
0.4151947874586657 2
	a 134 138 0.9863499594430311
	a 138 134 0.9863499594430311
6.159211950629017 2
	a 134 179 0.8316214038522489
	a 179 134 0.8316214038522489
1.413255877275242 2
	a 135 151 0.9550425995428069
	a 151 135 0.9550425995428069
1.633168994081954 2
	a 135 148 0.9484199427130345
	a 148 135 0.9484199427130345
2.845914354538187 2
	a 136 171 0.9135922043719575
	a 171 136 0.9135922043719575
3.752499893269673 2
	a 136 167 0.8893354996487451
	a 167 136 0.8893354996487451
3.858694721581767 2
	a 136 139 0.8865888726043425
	a 139 136 0.8865888726043425
4.744613581373939 2
	a 136 176 0.8644176231544152
	a 176 136 0.8644176231544152
1.618531669454317 2
	a 137 154 0.9488577341662152
	a 154 137 0.9488577341662152
0.2701555345749592 2
	a 138 140 0.9910754242055927
	a 140 138 0.9910754242055927
3.769154136056462 2
	a 138 178 0.8889034670032346
	a 178 138 0.8889034670032346
1.671496971264591 2
	a 139 156 0.9472756033872035
	a 156 139 0.9472756033872035
2.685054913829007 2
	a 139 143 0.9180514192421061
	a 143 139 0.9180514192421061
3.501763544488972 2
	a 139 168 0.8958982348220942
	a 168 139 0.8958982348220942
1.756468616875567 2
	a 140 153 0.9447490500526149
	a 153 140 0.9447490500526149
3.298787271095089 2
	a 140 178 0.9012918415507905
	a 178 140 0.9012918415507905
0.5424630108730013 2
	a 141 148 0.9822409559256213
	a 148 141 0.9822409559256213
0.7884591958105146 2
	a 142 151 0.9743968235948948
	a 151 142 0.9743968235948948
1.221882173440967 2
	a 143 156 0.9608853376828252
	a 156 143 0.9608853376828252
4.987728311290299 2
	a 144 195 0.8585588768544705
	a 195 144 0.8585588768544705
5.196118451422672 2
	a 144 204 0.8536119769520809
	a 204 144 0.8536119769520809
2.699124514751566 2
	a 145 175 0.9176594819752828
	a 175 145 0.9176594819752828
4.198182277275925 2
	a 146 167 0.8779376670120159
	a 167 146 0.8779376670120159
2.486272693203688 2
	a 146 157 0.9236283702106962
	a 157 146 0.9236283702106962
0.4068472581547501 2
	a 146 152 0.986620689469499
	a 152 146 0.986620689469499
2.03569844557326 2
	a 146 149 0.9365464868607635
	a 149 146 0.9365464868607635
5.188805765243023 2
	a 146 154 0.853784409207886
	a 154 146 0.853784409207886
1.088420984350353 2
	a 147 158 0.9650043216734201
	a 158 147 0.9650043216734201
0.247517838888265 2
	a 148 151 0.9918171047969631
	a 151 148 0.9918171047969631
1.00519166664295 2
	a 149 157 0.9675916258490693
	a 157 149 0.9675916258490693
0.99986533083179 2
	a 149 155 0.9677576919995778
	a 155 149 0.9677576919995778
0.8266086393752234 2
	a 150 153 0.9731918249221194
	a 153 150 0.9731918249221194
2.460325435208182 2
	a 150 178 0.9243618040220928
	a 178 150 0.9243618040220928
7.692069055423392 2
	a 150 186 0.7994068930882348
	a 186 150 0.7994068930882348
1.493347064546847 2
	a 151 171 0.9526194143552711
	a 171 151 0.9526194143552711
1.088420984350353 2
	a 152 167 0.9650043216734201
	a 167 152 0.9650043216734201
2.140995922531718 2
	a 153 178 0.933492734904104
	a 178 153 0.933492734904104
0.8678838813832842 2
	a 154 167 0.9718915409211399
	a 167 154 0.9718915409211399
1.126737926931244 2
	a 155 160 0.9638180012646471
	a 160 155 0.9638180012646471
3.394828742383747 2
	a 155 162 0.8987306723239108
	a 162 155 0.8987306723239108
0.3002129760370238 2
	a 155 157 0.9900923780751469
	a 157 155 0.9900923780751469
3.311996028424642 2
	a 156 173 0.9009386259880117
	a 173 156 0.9009386259880117
3.818662465755245 2
	a 156 172 0.8876219855623997
	a 172 156 0.8876219855623997
3.659070055900562 2
	a 156 203 0.8917681045410368
	a 203 156 0.8917681045410368
4.128305917127941 2
	a 156 196 0.8797023680858826
	a 196 156 0.8797023680858826
0.2701555345749592 2
	a 157 160 0.9910754242055927
	a 160 157 0.9910754242055927
2.707770724189268 2
	a 157 167 0.9174188065892863
	a 167 157 0.9174188065892863
2.443261655450811 2
	a 158 166 0.9248448264670417
	a 166 158 0.9248448264670417
3.293852218374197 2
	a 158 197 0.9014238896980526
	a 197 158 0.9014238896980526
0.2712315054364995 2
	a 158 163 0.9910401999457994
	a 163 158 0.9910401999457994
0.8249184195643712 2
	a 159 171 0.9732451478060973
	a 171 159 0.9732451478060973
0.247517838888265 2
	a 159 162 0.9918171047969631
	a 162 159 0.9918171047969631
0.1356157527182506 2
	a 160 167 0.9954998486103701
	a 167 160 0.9954998486103701
0.9849989873620122 2
	a 160 162 0.9682215115723076
	a 162 160 0.9682215115723076
0.4217785570495555 2
	a 161 171 0.9861365385453571
	a 171 161 0.9861365385453571
0.4217785570495555 2
	a 162 171 0.9861365385453571
	a 171 162 0.9861365385453571
13.13888034557277 2
	a 163 229 0.7082382260868708
	a 229 163 0.7082382260868708
12.36098824332409 2
	a 163 227 0.7193222732631582
	a 227 163 0.7193222732631582
12.91738248184662 2
	a 163 239 0.7113359962621103
	a 239 163 0.7113359962621103
0.3981115513613038 2
	a 164 171 0.986904170385881
	a 171 164 0.986904170385881
18.57577071957834 2
	a 165 190 0.6449260168782123
	a 190 165 0.6449260168782123
15.81956994201963 2
	a 165 242 0.6741592485641377
	a 242 165 0.6741592485641377
13.06435522207841 2
	a 165 235 0.7092753991026315
	a 235 165 0.7092753991026315
3.781457472895092 2
	a 166 186 0.8885846104309545
	a 186 166 0.8885846104309545
2.724609219058225 2
	a 166 197 0.9169504892015994
	a 197 166 0.9169504892015994
0.3103221494482235 2
	a 167 171 0.989762194094717
	a 171 167 0.989762194094717
3.27062794387227 2
	a 167 189 0.9020458896641289
	a 189 167 0.9020458896641289
4.713604492531377 2
	a 168 196 0.8651717529452456
	a 196 168 0.8651717529452456
1.027006667447879 2
	a 168 176 0.9669120859946405
	a 176 168 0.9669120859946405
2.782004337102639 2
	a 169 196 0.9153581427383932
	a 196 169 0.9153581427383932
1.417846655846283 2
	a 169 183 0.9549033541977192
	a 183 169 0.9549033541977192
8.468742713421257 2
	a 169 199 0.7842986445187775
	a 199 169 0.7842986445187775
15.03490681646923 2
	a 170 224 0.683512168257168
	a 224 170 0.683512168257168
5.284797818151391 2
	a 170 213 0.8515276053027026
	a 213 170 0.8515276053027026
0.4068472581547501 2
	a 171 173 0.986620689469499
	a 173 171 0.986620689469499
0.1356157527182506 2
	a 172 173 0.9954998486103701
	a 173 172 0.9954998486103701
1.018458359022064 2
	a 173 184 0.9671782490634919
	a 184 173 0.9671782490634919
3.473803703517877 2
	a 173 193 0.8966368731276397
	a 193 173 0.8966368731276397
6.619838055933022 2
	a 173 203 0.8215926110210303
	a 203 173 0.8215926110210303
0.9141633717897993 2
	a 174 184 0.9704378579284878
	a 184 174 0.9704378579284878
1.342527456914504 2
	a 174 179 0.9571932956869043
	a 179 174 0.9571932956869043
4.343445987791957 2
	a 175 209 0.8742952904593966
	a 209 175 0.8742952904593966
0.6780787635912512 2
	a 175 182 0.9779006413097311
	a 182 175 0.9779006413097311
4.780216210828377 2
	a 176 196 0.8635537004504019
	a 196 176 0.8635537004504019
1.082484264638834 2
	a 176 189 0.9651883981195207
	a 189 176 0.9651883981195207
1.897775697121318 2
	a 177 201 0.9405789769402959
	a 201 177 0.9405789769402959
0.9493102690277512 2
	a 178 181 0.9693368529259123
	a 181 178 0.9693368529259123
5.694501984876053 2
	a 178 179 0.8420560569234234
	a 179 178 0.8420560569234234
4.555765861070322 2
	a 178 202 0.869034588105456
	a 202 178 0.869034588105456
3.734457162160254 2
	a 178 211 0.889804093131221
	a 211 178 0.889804093131221
0.4068472581547501 2
	a 179 184 0.986620689469499
	a 184 179 0.986620689469499
2.093433633679189 2
	a 179 200 0.9348694435092513
	a 200 179 0.9348694435092513
0.4068472581547501 2
	a 179 180 0.986620689469499
	a 180 179 0.986620689469499
0.8126185454479601 2
	a 180 184 0.97363336400097
	a 184 180 0.97363336400097
1.435634045095961 2
	a 180 200 0.9543642377079159
	a 200 180 0.9543642377079159
6.33306296908082 2
	a 180 222 0.8278000767621614
	a 222 180 0.8278000767621614
3.271409407044684 2
	a 181 211 0.9020249446059672
	a 211 181 0.9020249446059672
6.82859708899489 2
	a 181 186 0.8171479209012221
	a 186 181 0.8171479209012221
3.166491138853976 2
	a 182 207 0.9048467859220236
	a 207 182 0.9048467859220236
0.4518359985116184 2
	a 182 187 0.9851633791903387
	a 187 182 0.9851633791903387
0.8266086393752234 2
	a 182 194 0.9731918249221194
	a 194 182 0.9731918249221194
0.9308612421642376 2
	a 183 196 0.969914461944419
	a 196 183 0.969914461944419
0.6780787635912512 2
	a 184 193 0.9779006413097311
	a 193 184 0.9779006413097311
5.398766376476601 2
	a 184 222 0.8488668532128473
	a 222 184 0.8488668532128473
0.4261984914158477 2
	a 185 190 0.9859933135416687
	a 190 185 0.9859933135416687
3.056622240212915 2
	a 186 211 0.9078230104655129
	a 211 186 0.9078230104655129
1.572591308840098 2
	a 186 197 0.9502345538879484
	a 197 186 0.9502345538879484
1.783013673629581 2
	a 187 207 0.943962686808074
	a 207 187 0.943962686808074
0.5753689120435835 2
	a 187 194 0.9811842105722803
	a 194 187 0.9811842105722803
5.104153038156664 2
	a 188 224 0.8557866413768717
	a 224 188 0.8557866413768717
6.370126804024493 2
	a 188 191 0.826991108093819
	a 191 188 0.826991108093819
0.8266086393752234 2
	a 189 201 0.9731918249221194
	a 201 189 0.9731918249221194
0.9493102690277512 2
	a 189 199 0.9693368529259123
	a 199 189 0.9693368529259123
0.7884591958105146 2
	a 190 201 0.9743968235948948
	a 201 190 0.9743968235948948
3.717000883291363 2
	a 191 217 0.8902579924566963
	a 217 191 0.8902579924566963
0.7241308354215087 2
	a 192 201 0.9764356703146633
	a 201 192 0.9764356703146633
4.755805533557469 2
	a 193 222 0.8641458215924822
	a 222 193 0.8641458215924822
8.12946131175333 2
	a 193 203 0.7908024035628387
	a 203 193 0.7908024035628387
0.2701555345749592 2
	a 194 198 0.9910754242055927
	a 198 194 0.9910754242055927
2.868845472987987 2
	a 195 212 0.9129604119633292
	a 212 195 0.9129604119633292
1.027952275406858 2
	a 195 205 0.9668826525367566
	a 205 195 0.9668826525367566
5.141778448891295 2
	a 195 204 0.8548953184894903
	a 204 195 0.8548953184894903
0.5294379043957786 2
	a 196 203 0.9826598871066465
	a 203 196 0.9826598871066465
3.381424901793908 2
	a 197 211 0.8990871330562931
	a 211 197 0.8990871330562931
4.443211802169113 2
	a 197 223 0.8718140925988456
	a 223 197 0.8718140925988456
0.8683645126519677 2
	a 198 207 0.9718764207747155
	a 207 198 0.9718764207747155
0.1917896373478611 2
	a 199 201 0.9936477087493498
	a 201 199 0.9936477087493498
0.1356157527182506 2
	a 200 202 0.9954998486103701
	a 202 200 0.9954998486103701
7.846782227480476 2
	a 200 234 0.7963346183592552
	a 234 200 0.7963346183592552
1.629075776146061 2
	a 201 210 0.9485423247803125
	a 210 201 0.9485423247803125
4.797496528258114 2
	a 202 226 0.8631351200470008
	a 226 202 0.8631351200470008
6.423630902699792 2
	a 202 231 0.8258268281523219
	a 231 202 0.8258268281523219
3.852339441931584 2
	a 203 221 0.8867526993337177
	a 221 203 0.8867526993337177
9.27684210349771 2
	a 204 230 0.7693877948973972
	a 230 204 0.7693877948973972
8.381387024246948 2
	a 204 238 0.7859591485764554
	a 238 204 0.7859591485764554
4.667306969750276 2
	a 204 208 0.8663005973090734
	a 208 204 0.8663005973090734
4.977193991535377 2
	a 204 205 0.8588107768879506
	a 205 204 0.8588107768879506
7.945018996848364 2
	a 204 220 0.7944002291740753
	a 220 204 0.7944002291740753
0.572507812946912 2
	a 205 208 0.9812760003733393
	a 208 205 0.9812760003733393
0.6981164340668319 2
	a 206 209 0.9772626664842042
	a 209 206 0.9772626664842042
5.153398603293508 2
	a 206 229 0.8546204957261678
	a 229 206 0.8546204957261678
1.77982890493642 2
	a 207 209 0.9440569580465148
	a 209 207 0.9440569580465148
1.703770921109608 2
	a 207 212 0.9463142812540988
	a 212 207 0.9463142812540988
2.711563110221431 2
	a 208 216 0.917313285712267
	a 216 208 0.917313285712267
1.581537861964821 2
	a 208 214 0.9499660974642323
	a 214 208 0.9499660974642323
6.436794138341683 2
	a 209 229 0.8255410245528394
	a 229 209 0.8255410245528394
1.695752562881215 2
	a 209 216 0.9465529255522346
	a 216 209 0.9465529255522346
11.14175592936283 2
	a 210 242 0.7378938033778585
	a 242 210 0.7378938033778585
3.644003100568314 2
	a 211 226 0.8921618190793603
	a 226 211 0.8921618190793603
2.292841933467983 2
	a 211 223 0.9291265953809196
	a 223 211 0.9291265953809196
1.165489355260694 2
	a 212 216 0.9626213070482963
	a 216 212 0.9626213070482963
0.3981115513613038 2
	a 212 214 0.986904170385881
	a 214 212 0.986904170385881
1.20149535568949 2
	a 213 219 0.9615121625774095
	a 219 213 0.9615121625774095
0.2701555345749592 2
	a 214 216 0.9910754242055927
	a 216 214 0.9910754242055927
1.491773279900752 2
	a 215 220 0.9526669052122294
	a 220 215 0.9526669052122294
0.5753689120435835 2
	a 215 218 0.9811842105722803
	a 218 215 0.9811842105722803
5.599009106430293 2
	a 215 225 0.8442405976458508
	a 225 215 0.8442405976458508
0.1917896373478611 2
	a 215 217 0.9936477087493498
	a 217 215 0.9936477087493498
4.608807690849853 2
	a 215 224 0.8677319413014954
	a 224 215 0.8677319413014954
2.075429932783403 2
	a 216 229 0.9353917074953507
	a 229 216 0.9353917074953507
3.045695421346476 2
	a 216 230 0.9081201992409631
	a 230 216 0.9081201992409631
0.3835792746957232 2
	a 217 218 0.9873761207069657
	a 218 217 0.9873761207069657
0.4068472581547501 2
	a 218 220 0.986620689469499
	a 220 218 0.986620689469499
12.73435638416519 2
	a 219 225 0.7139304594015176
	a 225 219 0.7139304594015176
4.808920347214592 2
	a 219 237 0.8628586660078492
	a 237 219 0.8628586660078492
10.31550559584734 2
	a 220 238 0.7513654170821364
	a 238 220 0.7513654170821364
8.157727680489769 2
	a 220 240 0.7902549243685721
	a 240 220 0.7902549243685721
3.423052912018465 2
	a 221 222 0.897981121584349
	a 222 221 0.897981121584349
1.088420984350353 2
	a 221 228 0.9650043216734201
	a 228 221 0.9650043216734201
3.412666042750948 2
	a 222 234 0.8982568022140109
	a 234 222 0.8982568022140109
4.111011667439872 2
	a 222 228 0.8801403983882625
	a 228 222 0.8801403983882625
1.515225646537176 2
	a 223 226 0.9519597175154471
	a 226 223 0.9519597175154471
1.220541774464252 2
	a 223 232 0.9609265242053444
	a 232 223 0.9609265242053444
0.2701555345749592 2
	a 224 225 0.9910754242055927
	a 225 224 0.9910754242055927
7.611409145410664 2
	a 225 240 0.801021238500351
	a 240 225 0.801021238500351
8.239573482452144 2
	a 225 241 0.7886754941410462
	a 241 225 0.7886754941410462
0.5143760708184569 2
	a 226 232 0.9831447800380628
	a 232 226 0.9831447800380628
1.005484153657362 2
	a 226 231 0.9675825083060545
	a 231 226 0.9675825083060545
0.4068472581547501 2
	a 227 229 0.986620689469499
	a 229 227 0.986620689469499
0.2701555345749592 2
	a 227 230 0.9910754242055927
	a 230 227 0.9910754242055927
2.521562118077222 2
	a 228 234 0.9226329015507376
	a 234 228 0.9226329015507376
0.1356157527182506 2
	a 229 230 0.9954998486103701
	a 230 229 0.9954998486103701
4.657258136307985 2
	a 230 239 0.8665460724373266
	a 239 230 0.8665460724373266
5.860844695945439 2
	a 230 238 0.8382837765040623
	a 238 230 0.8382837765040623
1.098491529874655 2
	a 231 232 0.9646922366346682
	a 232 231 0.9646922366346682
2.11597334246402 2
	a 231 233 0.9342164788454855
	a 233 231 0.9342164788454855
3.081419417858545 2
	a 231 236 0.9071493767834968
	a 236 231 0.9071493767834968
3.016343249606422 2
	a 232 236 0.9089195953982387
	a 236 232 0.9089195953982387
1.106545252170832 2
	a 233 234 0.9644428034543762
	a 234 233 0.9644428034543762
2.662300697087576 2
	a 233 236 0.9186860626543647
	a 236 233 0.9186860626543647
15.40246878132238 2
	a 234 249 0.6790700099357646
	a 249 234 0.6790700099357646
4.999349455687507 2
	a 235 242 0.858281193469462
	a 242 235 0.858281193469462
0.2591518306177774 2
	a 235 237 0.9914357996108145
	a 237 235 0.9914357996108145
4.457326802725157 2
	a 236 243 0.8714643800894746
	a 243 236 0.8714643800894746
11.01095154779899 2
	a 236 239 0.739977378320657
	a 239 236 0.739977378320657
4.236326861276161 2
	a 237 242 0.876977802977343
	a 242 237 0.876977802977343
1.027952275406858 2
	a 238 239 0.9668826525367566
	a 239 238 0.9668826525367566
7.061977541686863 2
	a 238 246 0.8122517007171537
	a 246 238 0.8122517007171537
7.023288944135646 2
	a 238 240 0.8130581122600709
	a 240 238 0.8130581122600709
5.415708215069655 2
	a 239 246 0.8484730459208574
	a 246 239 0.8484730459208574
7.505486592845303 2
	a 240 246 0.8031544239148102
	a 246 240 0.8031544239148102
11.01449605535834 2
	a 240 249 0.7399206782446138
	a 249 240 0.7399206782446138
10.34806380083057 2
	a 240 241 0.7508204083279977
	a 241 240 0.7508204083279977
5.828292860382054 2
	a 241 248 0.8390186908337585
	a 248 241 0.8390186908337585
2.070387775261539 2
	a 242 245 0.9355380863343382
	a 245 242 0.9355380863343382
1.610564433844173 2
	a 243 244 0.9490962078480449
	a 244 243 0.9490962078480449
2.869251027375966 2
	a 243 246 0.9129492469204554
	a 246 243 0.9129492469204554
0.8136945163095008 2
	a 244 246 0.9735993908395411
	a 246 244 0.9735993908395411
8.485576900229802 2
	a 244 249 0.7839797610576227
	a 249 244 0.7839797610576227
2.990698911997238 2
	a 245 247 0.9096192914798604
	a 247 245 0.9096192914798604
7.704602939041643 2
	a 246 249 0.7991568155073973
	a 249 246 0.7991568155073973
0.7623395882754054 2
	a 247 248 0.9752236138237385
	a 248 247 0.9752236138237385
4.349242467253591 2
	a 248 249 0.8741506787382429
	a 249 248 0.8741506787382429
