11.04734720844955 2
	a 0 16 0.7393958084782567
	a 16 0 0.7393958084782567
10.37917507614281 2
	a 0 78 0.7503007245965903
	a 78 0 0.7503007245965903
12.65029558367524 2
	a 0 130 0.7151327026839619
	a 130 0 0.7151327026839619
0.9397593081368385 2
	a 1 18 0.9696357892819247
	a 18 1 0.9696357892819247
0.6981164340668319 2
	a 1 12 0.9772626664842042
	a 12 1 0.9772626664842042
0.2701555345749592 2
	a 2 9 0.9910754242055927
	a 9 2 0.9910754242055927
11.50144568908429 2
	a 3 117 0.732257124329081
	a 117 3 0.732257124329081
4.204088334265754 2
	a 3 32 0.8777888882104756
	a 32 3 0.8777888882104756
11.0934674724008 2
	a 3 123 0.7386608723804158
	a 123 3 0.7386608723804158
4.601766918774932 2
	a 4 61 0.8679045896031286
	a 61 4 0.8679045896031286
0.9653175387840964 2
	a 4 20 0.9688362666333206
	a 20 4 0.9688362666333206
10.58288326323359 2
	a 5 119 0.7469244816421912
	a 119 5 0.7469244816421912
10.27732202231819 2
	a 5 36 0.7520061008484167
	a 36 5 0.7520061008484167
7.220949396459732 2
	a 6 57 0.8089598928870898
	a 57 6 0.8089598928870898
1.972151023975755 2
	a 6 34 0.938399836852394
	a 34 6 0.938399836852394
1.515225646537176 2
	a 7 30 0.9519597175154471
	a 30 7 0.9519597175154471
3.701065684266537 2
	a 8 51 0.8906728020054966
	a 51 8 0.8906728020054966
1.898620538055502 2
	a 9 35 0.9405541630287988
	a 35 9 0.9405541630287988
4.001320122559693 2
	a 9 16 0.8829304666894406
	a 16 9 0.8829304666894406
39.90392660874585 2
	a 10 181 0.5349649567605586
	a 181 10 0.5349649567605586
2.614784589919377 2
	a 10 43 0.9200144543317819
	a 43 10 0.9200144543317819
17.31379930005104 2
	a 11 196 0.6576464412113986
	a 196 11 0.6576464412113986
15.85133709127621 2
	a 11 116 0.6737908026614774
	a 116 11 0.6737908026614774
0.2701555345749592 2
	a 12 18 0.9910754242055927
	a 18 12 0.9910754242055927
1.027006667447879 2
	a 13 29 0.9669120859946405
	a 29 13 0.9669120859946405
1.424336574815765 2
	a 14 34 0.9547065777090585
	a 34 14 0.9547065777090585
2.761685833526329 2
	a 14 44 0.9159211543646764
	a 44 14 0.9159211543646764
12.34710558871665 2
	a 14 97 0.7195253522490049
	a 97 14 0.7195253522490049
10.01995596185011 2
	a 15 94 0.7563672621825017
	a 94 15 0.7563672621825017
11.06791784883331 2
	a 15 125 0.7390677318155363
	a 125 15 0.7390677318155363
5.757429977002492 2
	a 15 58 0.8406240693698932
	a 58 15 0.8406240693698932
5.616264651382533 2
	a 15 52 0.8438448213935228
	a 52 15 0.8438448213935228
3.244178740332278 2
	a 16 35 0.9027554346147919
	a 35 16 0.9027554346147919
5.553132688643482 2
	a 16 78 0.8452950443302512
	a 78 16 0.8452950443302512
0.2701555345749592 2
	a 17 21 0.9910754242055927
	a 21 17 0.9910754242055927
1.763004785337253 2
	a 17 30 0.9445552952885187
	a 30 17 0.9445552952885187
0.487629339878578 2
	a 18 24 0.9840070514701087
	a 24 18 0.9840070514701087
4.392021000839484 2
	a 18 32 0.8730851576829328
	a 32 18 0.8730851576829328
3.539571489506236 2
	a 19 30 0.8949016181044218
	a 30 19 0.8949016181044218
0.4068472581547501 2
	a 19 24 0.986620689469499
	a 24 19 0.986620689469499
3.670438679245683 2
	a 20 61 0.8914712927653436
	a 61 20 0.8914712927653436
21.50258926426411 2
	a 20 190 0.6192356929693713
	a 190 20 0.6192356929693713
23.74694790613865 2
	a 20 149 0.6026657163583665
	a 149 20 0.6026657163583665
7.343750287802199 2
	a 21 99 0.8064408483047537
	a 99 21 0.8064408483047537
1.220541774464252 2
	a 22 37 0.9609265242053444
	a 37 22 0.9609265242053444
7.718832901071267 2
	a 22 23 0.7988731507382628
	a 23 22 0.7988731507382628
0.487629339878578 2
	a 23 27 0.9840070514701087
	a 27 23 0.9840070514701087
2.385076661536789 2
	a 24 47 0.9264959997564106
	a 47 24 0.9264959997564106
1.954180946745591 2
	a 24 32 0.9389253568390946
	a 32 24 0.9389253568390946
2.033355190707818 2
	a 25 31 0.936614688166348
	a 31 25 0.936614688166348
3.529074025592377 2
	a 25 62 0.8951780791968549
	a 62 25 0.8951780791968549
6.542783865909892 2
	a 25 91 0.8232488653006086
	a 91 25 0.8232488653006086
2.957602502337763 2
	a 26 50 0.9105240844844726
	a 50 26 0.9105240844844726
2.309439321610708 2
	a 26 38 0.9286520326016992
	a 38 26 0.9286520326016992
0.1917896373478611 2
	a 26 28 0.9936477087493498
	a 28 26 0.9936477087493498
3.655671624588996 2
	a 27 53 0.8918568743961552
	a 53 27 0.8918568743961552
3.190611006225279 2
	a 27 64 0.9041963189825806
	a 64 27 0.9041963189825806
4.508055692280505 2
	a 27 37 0.8702102369603439
	a 37 27 0.8702102369603439
0.7884591958105146 2
	a 28 38 0.9743968235948948
	a 38 28 0.9743968235948948
0.2701555345749592 2
	a 29 33 0.9910754242055927
	a 33 29 0.9910754242055927
2.820674875156118 2
	a 29 46 0.9142887136530016
	a 46 29 0.9142887136530016
4.83457165095294 2
	a 29 73 0.8622386764199244
	a 73 29 0.8622386764199244
7.63770938860787 2
	a 30 107 0.8004939054829944
	a 107 30 0.8004939054829944
6.664027115401362 2
	a 30 39 0.8206466134624005
	a 39 30 0.8206466134624005
2.972903968950136 2
	a 31 62 0.9101055233026129
	a 62 31 0.9101055233026129
2.332015407060942 2
	a 32 47 0.9280073655309269
	a 47 32 0.9280073655309269
8.620418983160896 2
	a 32 117 0.7814383728749777
	a 117 32 0.7814383728749777
1.763004785337253 2
	a 33 46 0.9445552952885187
	a 46 33 0.9445552952885187
7.076543080376061 2
	a 34 57 0.8119486402670864
	a 57 34 0.8119486402670864
0.8979553409936541 2
	a 34 44 0.9709464574114709
	a 44 34 0.9709464574114709
3.508146860435769 2
	a 35 70 0.8957297944305342
	a 70 35 0.8957297944305342
4.360614345376774 2
	a 35 60 0.8738671331721231
	a 60 35 0.8738671331721231
8.358997835386058 2
	a 36 119 0.7863862935036994
	a 119 36 0.7863862935036994
2.634213757033034 2
	a 37 64 0.9194707711166392
	a 64 37 0.9194707711166392
0.487629339878578 2
	a 37 41 0.9840070514701087
	a 41 37 0.9840070514701087
1.383388700193716 2
	a 38 50 0.9559495580461783
	a 50 38 0.9559495580461783
9.312136953001353 2
	a 39 86 0.7687546732753177
	a 86 39 0.7687546732753177
7.42401113490098 2
	a 39 101 0.8048055470903243
	a 101 39 0.8048055470903243
1.709095751585913 2
	a 39 55 0.9461558728465707
	a 55 39 0.9461558728465707
7.857122327395404 2
	a 40 116 0.7961304134465093
	a 116 40 0.7961304134465093
2.048693165080823 2
	a 40 48 0.9361684640178483
	a 48 40 0.9361684640178483
1.889172731026632 2
	a 41 63 0.9408317351490874
	a 63 41 0.9408317351490874
2.443119864660818 2
	a 41 64 0.9248488424249272
	a 64 41 0.9248488424249272
3.38992663072919 2
	a 42 76 0.8988610017707894
	a 76 42 0.8988610017707894
5.794279462207946 2
	a 42 65 0.8397883082621092
	a 65 42 0.8397883082621092
27.60594925493731 2
	a 43 293 0.5793772244531169
	a 293 43 0.5793772244531169
41.33518239419632 2
	a 43 181 0.5317829274234782
	a 181 43 0.5317829274234782
5.384200941759478 2
	a 44 57 0.8492057775639293
	a 57 44 0.8492057775639293
3.825173454892175 2
	a 44 71 0.8874537685711922
	a 71 44 0.8874537685711922
2.9866271439529 2
	a 44 74 0.9097304982222058
	a 74 44 0.9097304982222058
15.80564242572119 2
	a 45 140 0.6743210307114913
	a 140 45 0.6743210307114913
13.98956738554264 2
	a 45 184 0.6967571589619864
	a 184 45 0.6967571589619864
16.71738321195074 2
	a 45 211 0.6640409159639066
	a 211 45 0.6640409159639066
16.61205469254648 2
	a 45 109 0.6651968487572711
	a 109 45 0.6651968487572711
17.85571897997235 2
	a 45 177 0.6520526485770499
	a 177 45 0.6520526485770499
5.337521904742832 2
	a 46 73 0.8502941761600128
	a 73 46 0.8502941761600128
5.467712683792442 2
	a 46 105 0.847266994090571
	a 105 46 0.847266994090571
0.4068472581547501 2
	a 47 55 0.986620689469499
	a 55 47 0.986620689469499
6.593531117838158 2
	a 48 116 0.82215711368155
	a 116 48 0.82215711368155
26.32224763513525 2
	a 48 284 0.5864694860619664
	a 284 48 0.5864694860619664
5.601054191981284 2
	a 48 85 0.8441936674136474
	a 85 48 0.8441936674136474
0.5575248444503217 2
	a 49 56 0.9817569700886031
	a 56 49 0.9817569700886031
0.1356157527182506 2
	a 49 51 0.9954998486103701
	a 51 49 0.9954998486103701
0.6981164340668319 2
	a 50 59 0.9772626664842042
	a 59 50 0.9772626664842042
0.2701555345749592 2
	a 51 56 0.9910754242055927
	a 56 51 0.9910754242055927
0.4068472581547501 2
	a 52 58 0.986620689469499
	a 58 52 0.986620689469499
25.17431605357278 2
	a 53 95 0.5933466853431384
	a 95 53 0.5933466853431384
2.800921581872936 2
	a 53 84 0.9148346441359174
	a 84 53 0.9148346441359174
7.032056511589931 2
	a 53 64 0.8128751818526785
	a 64 53 0.8128751818526785
0.1356157527182506 2
	a 54 56 0.9954998486103701
	a 56 54 0.9954998486103701
6.624075306839354 2
	a 55 101 0.8215017792786958
	a 101 55 0.8215017792786958
6.413257567884395 2
	a 55 117 0.82605223346885
	a 117 55 0.82605223346885
16.05589556653391 2
	a 56 202 0.6714368643032897
	a 202 56 0.6714368643032897
12.58520517124856 2
	a 56 181 0.7160682695198824
	a 181 56 0.7160682695198824
15.52398999790167 2
	a 57 87 0.6776251501781196
	a 87 57 0.6776251501781196
8.885167969727487 2
	a 57 126 0.7765145846936318
	a 126 57 0.7765145846936318
1.385931215284629 2
	a 57 71 0.9558722806868565
	a 71 57 0.9558722806868565
7.38764701395398 2
	a 58 125 0.805545375887429
	a 125 58 0.805545375887429
9.836944189712689 2
	a 58 67 0.7595143031264524
	a 67 58 0.7595143031264524
9.72616016049281 2
	a 59 153 0.7614380678045888
	a 153 59 0.7614380678045888
10.00595873453425 2
	a 59 142 0.7566066025581966
	a 142 59 0.7566066025581966
14.14927164222911 2
	a 59 132 0.6946734077228025
	a 132 59 0.6946734077228025
1.126737926931244 2
	a 60 70 0.9638180012646471
	a 70 60 0.9638180012646471
10.55115655459447 2
	a 60 122 0.7474473077713478
	a 122 60 0.7474473077713478
1.912227277893508 2
	a 61 81 0.940154710505683
	a 81 61 0.940154710505683
2.239509420363549 2
	a 61 65 0.9306550710037038
	a 65 61 0.9306550710037038
3.296669405090138 2
	a 62 91 0.9013485043741242
	a 91 62 0.9013485043741242
4.171038445329986 2
	a 62 87 0.8786221979529398
	a 87 62 0.8786221979529398
15.4587828926403 2
	a 63 104 0.6783989924175322
	a 104 63 0.6783989924175322
0.9302638502529895 2
	a 63 69 0.9699331771903307
	a 69 63 0.9699331771903307
1.220541774464252 2
	a 63 64 0.9609265242053444
	a 64 63 0.9609265242053444
6.425738556838564 2
	a 64 84 0.825781049351068
	a 84 64 0.825781049351068
0.8266086393752234 2
	a 64 69 0.9731918249221194
	a 69 64 0.9731918249221194
1.604933260944054 2
	a 65 81 0.9492648353914381
	a 81 65 0.9492648353914381
4.449351375923548 2
	a 65 76 0.8716619384034033
	a 76 65 0.8716619384034033
2.614424159412851 2
	a 66 77 0.9200245468545381
	a 77 66 0.9200245468545381
11.87177884883111 2
	a 66 182 0.7265931628045657
	a 182 66 0.7265931628045657
4.618949931902093 2
	a 67 112 0.8674833836092802
	a 112 67 0.8674833836092802
11.78909168673887 2
	a 68 166 0.7278457016342788
	a 166 68 0.7278457016342788
12.08642769663616 2
	a 68 185 0.7233737219636359
	a 185 68 0.7233737219636359
6.755114204203842 2
	a 68 73 0.8187053956532397
	a 73 68 0.8187053956532397
16.60830413945351 2
	a 69 135 0.6652381592250964
	a 135 69 0.6652381592250964
0.5294379043957786 2
	a 69 75 0.9826598871066465
	a 75 69 0.9826598871066465
0.6659990887725294 2
	a 70 78 0.9782856552732181
	a 78 70 0.9782856552732181
6.22916749229449 2
	a 71 126 0.8300784209933529
	a 126 71 0.8300784209933529
5.44205345557361 2
	a 71 74 0.8478615426711299
	a 74 71 0.8478615426711299
12.75010811315869 2
	a 71 165 0.7137059256739688
	a 165 71 0.7137059256739688
5.819729200253031 2
	a 72 114 0.839212295483693
	a 114 72 0.839212295483693
7.451879810442572 2
	a 72 139 0.8042397710410338
	a 139 72 0.8042397710410338
6.618495030531229 2
	a 72 80 0.8216214061131377
	a 80 72 0.8216214061131377
13.55184738210258 2
	a 73 194 0.7025833904119849
	a 194 73 0.7025833904119849
2.744018681203014 2
	a 73 100 0.916411319127773
	a 100 73 0.916411319127773
5.132678952841182 2
	a 73 105 0.8551106750406755
	a 105 73 0.8551106750406755
13.26305510585973 2
	a 73 159 0.7065214796564107
	a 159 73 0.7065214796564107
0.6780787635912512 2
	a 74 82 0.9779006413097311
	a 82 74 0.9779006413097311
0.6780787635912512 2
	a 75 84 0.9779006413097311
	a 84 75 0.9779006413097311
1.545598435309036 2
	a 76 89 0.9510454916119191
	a 89 76 0.9510454916119191
3.065108206077205 2
	a 76 81 0.907592357572385
	a 81 76 0.907592357572385
1.544057975973908 2
	a 77 90 0.9510918151397368
	a 90 77 0.9510918151397368
14.00187796426246 2
	a 77 182 0.6965957455745143
	a 182 77 0.6965957455745143
1.779636127143931 2
	a 78 93 0.9440626650378614
	a 93 78 0.9440626650378614
4.390119518809044 2
	a 79 120 0.8731324549955797
	a 120 79 0.8731324549955797
2.99566587962527 2
	a 79 110 0.9094836762169471
	a 110 79 0.9094836762169471
13.62441164194892 2
	a 80 139 0.7016057361583665
	a 139 80 0.7016057361583665
8.334455018646224 2
	a 80 157 0.7868552588112809
	a 157 80 0.7868552588112809
8.906384624790373 2
	a 80 137 0.77612374686362
	a 137 80 0.77612374686362
1.515971031398842 2
	a 81 92 0.951937259144688
	a 92 81 0.951937259144688
1.578980655167365 2
	a 81 89 0.950042814427622
	a 89 81 0.950042814427622
8.620564928313446 2
	a 82 165 0.7814356345838815
	a 165 82 0.7814356345838815
7.005742295449671 2
	a 82 97 0.8134245345820205
	a 97 82 0.8134245345820205
33.20896612781772 2
	a 83 113 0.5546351267649098
	a 113 83 0.5546351267649098
9.185362470378465 2
	a 83 90 0.7710357146023523
	a 90 83 0.7710357146023523
7.070381595636511 2
	a 83 148 0.8120768043737592
	a 148 83 0.8120768043737592
34.00602013469565 2
	a 84 363 0.5518077674834853
	a 363 84 0.5518077674834853
28.95921429701744 2
	a 84 149 0.5725295316447701
	a 149 84 0.5725295316447701
5.221995062652061 2
	a 85 127 0.8530024841799091
	a 127 85 0.8530024841799091
1.581537861964821 2
	a 86 101 0.9499660974642323
	a 101 86 0.9499660974642323
3.325958673723556 2
	a 86 103 0.9005655887130986
	a 103 86 0.9005655887130986
7.064659514976819 2
	a 87 91 0.8121958756599417
	a 91 87 0.8121958756599417
6.114075131431754 2
	a 87 144 0.8326207957670539
	a 144 87 0.8326207957670539
0.1917896373478611 2
	a 88 90 0.9936477087493498
	a 90 88 0.9936477087493498
2.267988999665886 2
	a 89 112 0.9298381883817708
	a 112 89 0.9298381883817708
0.6981164340668319 2
	a 89 92 0.9772626664842042
	a 92 89 0.9772626664842042
1.531455995165692 2
	a 89 108 0.951470951072704
	a 108 89 0.951470951072704
5.942603699305547 2
	a 90 148 0.8364449428022616
	a 148 90 0.8364449428022616
22.63396047174329 2
	a 90 259 0.6105731618774692
	a 259 90 0.6105731618774692
24.4429350643952 2
	a 90 258 0.5980109389254087
	a 258 90 0.5980109389254087
0.1917896373478611 2
	a 91 96 0.9936477087493498
	a 96 91 0.9936477087493498
41.87957802899709 2
	a 92 393 0.5306501093422361
	a 393 92 0.5306501093422361
48.24313391980407 2
	a 92 402 0.5200534091242834
	a 402 92 0.5200534091242834
4.898009540227499 2
	a 92 136 0.860709934234726
	a 136 92 0.860709934234726
1.824403406976611 2
	a 92 111 0.9427393422329253
	a 111 92 0.9427393422329253
2.527773147771763 2
	a 92 108 0.9224579387431158
	a 108 92 0.9224579387431158
4.426151693078115 2
	a 93 130 0.8722372124343407
	a 130 93 0.8722372124343407
5.30205702020843 2
	a 93 131 0.8511233655112722
	a 131 93 0.8511233655112722
12.97027856989723 2
	a 94 177 0.7105920522595347
	a 177 94 0.7105920522595347
9.004436653859379 2
	a 94 183 0.7743246671401094
	a 183 94 0.7743246671401094
8.884147605845085 2
	a 94 125 0.7765333950330828
	a 125 94 0.7765333950330828
5.831477366884758 2
	a 95 149 0.8389467246582207
	a 149 95 0.8389467246582207
2.59679016062055 2
	a 96 120 0.9205186180361213
	a 120 96 0.9205186180361213
1.667853229138457 2
	a 96 98 0.9473842670486181
	a 98 96 0.9473842670486181
6.600458130899175 2
	a 96 144 0.8220083755922716
	a 144 96 0.8220083755922716
10.68660065845451 2
	a 97 165 0.7452230132134523
	a 165 97 0.7452230132134523
11.13506034910435 2
	a 97 208 0.7380000162182155
	a 208 97 0.7380000162182155
2.590581228449648 2
	a 98 120 0.9206927188380369
	a 120 98 0.9206927188380369
0.9056588220468618 2
	a 98 106 0.9707046576993192
	a 106 98 0.9707046576993192
3.803618872496664 2
	a 99 110 0.888010929065987
	a 110 99 0.888010929065987
0.8828426063038132 2
	a 99 107 0.9714211824420269
	a 107 99 0.9714211824420269
0.7218667123477758 2
	a 100 105 0.9765075896752901
	a 105 100 0.9765075896752901
1.661255938657022 2
	a 100 114 0.9475810785906456
	a 114 100 0.9475810785906456
5.895924870233054 2
	a 100 139 0.8374935639681163
	a 139 100 0.8374935639681163
1.682179568763011 2
	a 101 117 0.946957179104487
	a 117 101 0.946957179104487
1.28340913278765 2
	a 102 113 0.9589987512963922
	a 113 102 0.9589987512963922
2.707518750120717 2
	a 102 118 0.917425818562513
	a 118 102 0.917425818562513
10.16643167938924 2
	a 103 107 0.7538760070130165
	a 107 103 0.7538760070130165
8.10059842808751 2
	a 103 162 0.7913625019881323
	a 162 103 0.7913625019881323
1.530682587568992 2
	a 103 117 0.9514942297437121
	a 117 103 0.9514942297437121
3.893851586577543 2
	a 104 135 0.8856838500902535
	a 135 104 0.8856838500902535
1.151286064329106 2
	a 105 114 0.9630595641730102
	a 114 105 0.9630595641730102
1.555485357104156 2
	a 106 120 0.9507482928019515
	a 120 106 0.9507482928019515
3.853902309509584 2
	a 106 134 0.8867124052159336
	a 134 106 0.8867124052159336
5.704939515668263 2
	a 106 145 0.8418181250052945
	a 145 106 0.8418181250052945
1.555485357104156 2
	a 107 110 0.9507482928019515
	a 110 107 0.9507482928019515
2.453202868752269 2
	a 107 124 0.9245633548803185
	a 124 107 0.9245633548803185
0.4217785570495555 2
	a 108 112 0.9861365385453571
	a 112 108 0.9861365385453571
7.689140297627693 2
	a 109 177 0.7994653581471969
	a 177 109 0.7994653581471969
1.334528378725622 2
	a 109 119 0.9574371690344996
	a 119 109 0.9574371690344996
0.953531833712017 2
	a 110 115 0.9692047824526964
	a 115 110 0.9692047824526964
2.984794206644412 2
	a 110 128 0.9097805686357823
	a 128 110 0.9097805686357823
38.37449217883909 2
	a 111 393 0.5387181553234213
	a 393 111 0.5387181553234213
3.417728818387751 2
	a 111 136 0.8981224059068691
	a 136 111 0.8981224059068691
1.032818801487902 2
	a 112 121 0.96673120399867
	a 121 112 0.96673120399867
2.691668324502915 2
	a 113 137 0.9178671434869156
	a 137 113 0.9178671434869156
48.21248243161934 2
	a 113 314 0.5200944288093454
	a 314 113 0.5200944288093454
2.901184170313877 2
	a 114 139 0.9120710642013996
	a 139 114 0.9120710642013996
2.541846717715351 2
	a 115 134 0.9220617585378978
	a 134 115 0.9220617585378978
3.270733805528841 2
	a 115 128 0.9020430522578815
	a 128 115 0.9020430522578815
19.45873323281018 2
	a 116 252 0.6366412961997763
	a 252 116 0.6366412961997763
16.70680664336831 2
	a 116 264 0.664156622751673
	a 264 116 0.664156622751673
22.53906204234694 2
	a 116 284 0.6112749273779318
	a 284 116 0.6112749273779318
5.522929808327677 2
	a 117 174 0.8459910050889357
	a 174 117 0.8459910050889357
1.491773279900752 2
	a 117 123 0.9526669052122294
	a 123 117 0.9526669052122294
6.295877220095978 2
	a 117 179 0.8286137176317467
	a 179 117 0.8286137176317467
4.623597406898821 2
	a 118 163 0.8673695432567281
	a 163 118 0.8673695432567281
4.173913955860647 2
	a 118 157 0.878549622768362
	a 157 118 0.878549622768362
3.741097162562743 2
	a 118 137 0.8896315780283643
	a 137 118 0.8896315780283643
5.473675789808916 2
	a 119 177 0.8471289688675712
	a 177 119 0.8471289688675712
2.158276447905609 2
	a 120 134 0.9329936236424718
	a 134 120 0.9329936236424718
7.162261290705751 2
	a 121 125 0.810171078806768
	a 125 121 0.810171078806768
4.799136231201079 2
	a 121 168 0.8630954266348848
	a 168 121 0.8630954266348848
2.301475639133285 2
	a 121 136 0.9288796696027082
	a 136 121 0.9288796696027082
27.40533887519852 2
	a 122 242 0.5804459481013399
	a 242 122 0.5804459481013399
1.330335433485705 2
	a 122 129 0.9575650541742107
	a 129 122 0.9575650541742107
14.53424302166754 2
	a 122 131 0.689740730439618
	a 131 122 0.689740730439618
5.398449401777772 2
	a 123 179 0.848874225421789
	a 179 123 0.848874225421789
2.267596364938617 2
	a 124 141 0.9298494398223514
	a 141 124 0.9298494398223514
0.487629339878578 2
	a 124 128 0.9840070514701087
	a 128 124 0.9840070514701087
8.297072301342135 2
	a 125 183 0.7875710456458553
	a 183 125 0.7875710456458553
4.333906509034774 2
	a 125 168 0.8745334049657969
	a 168 125 0.8745334049657969
1.208722079564016 2
	a 125 138 0.9612898680661656
	a 138 125 0.9612898680661656
1.604726677467938 2
	a 126 144 0.9492710228134715
	a 144 126 0.9492710228134715
27.50299274545861 2
	a 127 284 0.5799239253180155
	a 284 127 0.5799239253180155
22.67238021558526 2
	a 127 321 0.6102903114298183
	a 321 127 0.6102903114298183
1.129562120461076 2
	a 127 140 0.963730682031906
	a 140 127 0.963730682031906
1.545598435309036 2
	a 128 134 0.9510454916119191
	a 134 128 0.9510454916119191
1.058859358600752 2
	a 128 141 0.9659216442099845
	a 141 128 0.9659216442099845
26.93204517818514 2
	a 129 242 0.583024722083718
	a 242 129 0.583024722083718
28.64989180292617 2
	a 129 313 0.5740407273618081
	a 313 129 0.5740407273618081
2.320928878043051 2
	a 129 155 0.9283238235357378
	a 155 129 0.9283238235357378
31.33286481604785 2
	a 129 349 0.5619142550030776
	a 349 129 0.5619142550030776
1.027006667447879 2
	a 130 131 0.9669120859946405
	a 131 130 0.9669120859946405
1.545598435309036 2
	a 130 151 0.9510454916119191
	a 151 130 0.9510454916119191
1.739940618792985 2
	a 130 133 0.9452393742353443
	a 133 130 0.9452393742353443
1.506073016235147 2
	a 131 151 0.9522355763484072
	a 151 131 0.9522355763484072
6.186854776216556 2
	a 132 142 0.831010836443473
	a 142 132 0.831010836443473
0.7068004757790167 2
	a 132 143 0.9769864418565645
	a 143 132 0.9769864418565645
1.330050418899266 2
	a 133 151 0.9575737484377891
	a 151 133 0.9575737484377891
2.353053017686566 2
	a 133 154 0.9274075027984796
	a 154 133 0.9274075027984796
22.61867159931382 2
	a 133 229 0.6106859219312475
	a 229 133 0.6106859219312475
0.4068472581547501 2
	a 134 141 0.986620689469499
	a 141 134 0.986620689469499
39.78769048270679 2
	a 135 413 0.5352369553429234
	a 413 135 0.5352369553429234
37.88376762638993 2
	a 135 363 0.5400057658508134
	a 363 135 0.5400057658508134
10.95919046414708 2
	a 135 210 0.7408069080196411
	a 210 135 0.7408069080196411
11.87885840701131 2
	a 135 156 0.7264862427394904
	a 156 135 0.7264862427394904
2.631686494193778 2
	a 136 168 0.9195414512635154
	a 168 136 0.9195414512635154
1.824403406976611 2
	a 137 157 0.9427393422329253
	a 157 137 0.9427393422329253
8.072097403414142 2
	a 138 183 0.7919166369257395
	a 183 138 0.7919166369257395
2.590874140393419 2
	a 138 168 0.9206845038567791
	a 168 138 0.9206845038567791
0.5308290191434861 2
	a 139 147 0.9826151268297626
	a 147 139 0.9826151268297626
20.16777761587473 2
	a 140 321 0.6303325929612902
	a 321 140 0.6303325929612902
12.88155005601973 2
	a 140 184 0.7118414451644659
	a 184 140 0.7118414451644659
1.726106731610226 2
	a 141 162 0.9456501897302323
	a 162 141 0.9456501897302323
4.516041719713449 2
	a 142 176 0.8700131888121742
	a 176 142 0.8700131888121742
0.3981115513613038 2
	a 142 146 0.986904170385881
	a 146 142 0.986904170385881
1.754926729054513 2
	a 142 153 0.9447947692786187
	a 153 142 0.9447947692786187
7.306564434845278 2
	a 142 143 0.8072014750219827
	a 143 142 0.8072014750219827
6.870725096417619 2
	a 143 218 0.8162584498762335
	a 218 143 0.8162584498762335
6.920416864504054 2
	a 143 146 0.8152124872541067
	a 146 143 0.8152124872541067
1.847293601112768 2
	a 143 156 0.9420642315114247
	a 156 143 0.9420642315114247
1.334528378725622 2
	a 144 158 0.9574371690344996
	a 158 144 0.9574371690344996
6.541120177060796 2
	a 145 158 0.8232847196577673
	a 158 145 0.8232847196577673
4.603173425910573 2
	a 145 197 0.8678700938584034
	a 197 145 0.8678700938584034
9.125681381562556 2
	a 145 162 0.7721162431846965
	a 162 145 0.7721162431846965
11.52776862983798 2
	a 146 251 0.7318499023746761
	a 251 146 0.7318499023746761
8.613168987623203 2
	a 146 223 0.781574434216965
	a 223 146 0.781574434216965
6.487074035783458 2
	a 146 218 0.8244516400889834
	a 218 146 0.8244516400889834
6.18983284389995 2
	a 146 176 0.8309451247884896
	a 176 146 0.8309451247884896
1.487613705177053 2
	a 147 163 0.9527924494062519
	a 163 147 0.9527924494062519
12.72568320979532 2
	a 148 259 0.7140541922484498
	a 259 148 0.7140541922484498
26.86299738508101 2
	a 149 363 0.5834077813093239
	a 363 149 0.5834077813093239
9.452957141051172 2
	a 149 190 0.7662434073753289
	a 190 149 0.7662434073753289
5.700517221587872 2
	a 150 164 0.8419189145466497
	a 164 150 0.8419189145466497
3.877440412424875 2
	a 150 195 0.8861060493297606
	a 195 150 0.8861060493297606
0.3002129760370238 2
	a 151 154 0.9900923780751469
	a 154 151 0.9900923780751469
2.713856887939757 2
	a 152 159 0.917249475663505
	a 159 152 0.917249475663505
12.72781401354308 2
	a 152 255 0.7140237872430665
	a 255 152 0.7140237872430665
1.578980655167365 2
	a 152 163 0.950042814427622
	a 163 152 0.950042814427622
0.7884591958105146 2
	a 152 160 0.9743968235948948
	a 160 152 0.9743968235948948
1.875209981755642 2
	a 153 176 0.9412422743939006
	a 176 153 0.9412422743939006
3.683765526252177 2
	a 154 192 0.891123642022746
	a 192 154 0.891123642022746
1.844257837967645 2
	a 154 178 0.9421537073854913
	a 178 154 0.9421537073854913
1.017007035400675 2
	a 155 172 0.9672234530388609
	a 172 155 0.9672234530388609
29.54249020867434 2
	a 155 349 0.5697633465774471
	a 349 155 0.5697633465774471
5.476940951520287 2
	a 156 218 0.8470534149431919
	a 218 156 0.8470534149431919
5.460192523593236 2
	a 156 210 0.847441137968416
	a 210 156 0.847441137968416
0.4217785570495555 2
	a 157 163 0.9861365385453571
	a 163 157 0.9861365385453571
0.1917896373478611 2
	a 158 161 0.9936477087493498
	a 161 158 0.9936477087493498
11.69494005260802 2
	a 159 194 0.7292803357047907
	a 194 159 0.7292803357047907
13.97790170945276 2
	a 159 255 0.696910238832598
	a 255 159 0.696910238832598
0.3981115513613038 2
	a 159 163 0.986904170385881
	a 163 159 0.986904170385881
0.487629339878578 2
	a 160 163 0.9840070514701087
	a 163 160 0.9840070514701087
1.126737926931244 2
	a 160 173 0.9638180012646471
	a 173 160 0.9638180012646471
0.4068472581547501 2
	a 161 167 0.986620689469499
	a 167 161 0.986620689469499
5.919315676358792 2
	a 162 197 0.8369676909928756
	a 197 162 0.8369676909928756
4.496286441919756 2
	a 162 187 0.87050082407618
	a 187 162 0.87050082407618
0.1917896373478611 2
	a 162 164 0.9936477087493498
	a 164 162 0.9936477087493498
0.7884591958105146 2
	a 163 173 0.9743968235948948
	a 173 163 0.9743968235948948
0.8330457495705974 2
	a 164 174 0.9729888026264266
	a 174 164 0.9729888026264266
1.00519166664295 2
	a 165 171 0.9675916258490693
	a 171 165 0.9675916258490693
0.8266086393752234 2
	a 165 175 0.9731918249221194
	a 175 165 0.9731918249221194
1.199592341201047 2
	a 166 179 0.9615707172471424
	a 179 166 0.9615707172471424
3.500481415080674 2
	a 166 185 0.8959320757863274
	a 185 166 0.8959320757863274
2.744018681203014 2
	a 167 197 0.916411319127773
	a 197 167 0.916411319127773
45.97257090602845 2
	a 168 447 0.5233306987903207
	a 447 168 0.5233306987903207
9.635122250482793 2
	a 168 183 0.7630296109639652
	a 183 168 0.7630296109639652
4.425718938690666 2
	a 169 209 0.872247951741713
	a 209 169 0.872247951741713
12.42647844646926 2
	a 169 275 0.7183667965776619
	a 275 169 0.7183667965776619
6.741730321732279 2
	a 170 197 0.8189898902596762
	a 197 170 0.8189898902596762
0.9569120473074697 2
	a 170 171 0.9690990602062898
	a 171 170 0.9690990602062898
1.126737926931244 2
	a 170 180 0.9638180012646471
	a 180 170 0.9638180012646471
3.179448491701141 2
	a 170 186 0.9044972207481217
	a 186 170 0.9044972207481217
5.273729271782312 2
	a 171 197 0.8517870943364285
	a 197 171 0.8517870943364285
0.4217785570495555 2
	a 171 175 0.9861365385453571
	a 175 171 0.9861365385453571
1.380726739268335 2
	a 171 180 0.9560304798868227
	a 180 171 0.9560304798868227
3.270753537620863 2
	a 172 203 0.9020425233815291
	a 203 172 0.9020425233815291
1.465260119971778 2
	a 173 188 0.9534677214128324
	a 188 173 0.9534677214128324
0.4068472581547501 2
	a 174 179 0.986620689469499
	a 179 174 0.986620689469499
0.6780787635912512 2
	a 175 180 0.9779006413097311
	a 180 175 0.9779006413097311
8.732483030703857 2
	a 176 251 0.7793435993649873
	a 251 176 0.7793435993649873
11.81550023719672 2
	a 177 273 0.7274449162293073
	a 273 177 0.7274449162293073
13.72307655928918 2
	a 177 199 0.700283993691347
	a 199 177 0.700283993691347
1.511850541135075 2
	a 178 192 0.9520614230695246
	a 192 178 0.9520614230695246
3.926506476551419 2
	a 178 213 0.8848451324499467
	a 213 178 0.8848451324499467
8.962171977401589 2
	a 178 235 0.7750987066657515
	a 235 178 0.7750987066657515
10.97769748482698 2
	a 179 240 0.7405099833352446
	a 240 179 0.7405099833352446
11.49204316415525 2
	a 179 262 0.7324027568615263
	a 262 179 0.7324027568615263
0.9056588220468618 2
	a 179 185 0.9707046576993192
	a 185 179 0.9707046576993192
2.580626896584377 2
	a 180 208 0.9209719924896492
	a 208 180 0.9209719924896492
4.180963737342076 2
	a 180 189 0.8783717517620007
	a 189 180 0.8783717517620007
2.604665358339847 2
	a 181 209 0.920297898164167
	a 209 181 0.920297898164167
4.412714233343177 2
	a 181 202 0.872570823345065
	a 202 181 0.872570823345065
9.629062382626755 2
	a 182 258 0.7631358940768849
	a 258 182 0.7631358940768849
10.55780605262017 2
	a 182 260 0.7473376387223152
	a 260 182 0.7473376387223152
2.021946434140942 2
	a 183 205 0.9369468965325333
	a 205 183 0.9369468965325333
1.936327367967538 2
	a 183 199 0.9394480937639456
	a 199 183 0.9394480937639456
21.36158459358534 2
	a 184 321 0.6203618303390277
	a 321 184 0.6203618303390277
21.04301018489949 2
	a 184 347 0.6229454489793286
	a 347 184 0.6229454489793286
2.870153446238228 2
	a 184 211 0.9129244041217781
	a 211 184 0.9129244041217781
0.487629339878578 2
	a 185 194 0.9840070514701087
	a 194 185 0.9840070514701087
0.8136945163095008 2
	a 186 198 0.9735993908395411
	a 198 186 0.9735993908395411
0.7671585448709205 2
	a 187 197 0.975070966213913
	a 197 187 0.975070966213913
26.75702568988739 2
	a 188 380 0.5839991253058106
	a 380 188 0.5839991253058106
1.544504368785556 2
	a 189 198 0.9510783910632401
	a 198 189 0.9510783910632401
4.114946228506661 2
	a 189 230 0.8800406990905059
	a 230 189 0.8800406990905059
23.18121085882352 2
	a 190 363 0.6066117830890063
	a 363 190 0.6066117830890063
0.5424630108730013 2
	a 191 197 0.9822409559256213
	a 197 191 0.9822409559256213
0.487629339878578 2
	a 191 198 0.9840070514701087
	a 198 191 0.9840070514701087
7.823322040335646 2
	a 192 203 0.796798452025806
	a 203 192 0.796798452025806
0.6623180749170225 2
	a 192 200 0.9784030414175598
	a 200 192 0.9784030414175598
3.405941268941434 2
	a 193 226 0.8984353880368612
	a 226 193 0.8984353880368612
5.522929808327677 2
	a 193 210 0.8459910050889357
	a 210 193 0.8459910050889357
6.880472302343766 2
	a 194 250 0.8160530075506294
	a 250 194 0.8160530075506294
0.3002129760370238 2
	a 195 197 0.9900923780751469
	a 197 195 0.9900923780751469
1.935871965749386 2
	a 195 212 0.9394614356755866
	a 212 195 0.9394614356755866
2.067695472571751 2
	a 195 215 0.9356162667077255
	a 215 195 0.9356162667077255
9.58783114793045 2
	a 196 238 0.7638601835862522
	a 238 196 0.7638601835862522
7.086104605734111 2
	a 196 252 0.8117498566406851
	a 252 196 0.8117498566406851
1.511850541135075 2
	a 197 198 0.9520614230695246
	a 198 197 0.9520614230695246
1.64751219978562 2
	a 197 212 0.9479913623542346
	a 212 197 0.9479913623542346
1.604726677467938 2
	a 198 212 0.9492710228134715
	a 212 198 0.9492710228134715
13.71819117357746 2
	a 199 273 0.7003492352858531
	a 273 199 0.7003492352858531
0.8266086393752234 2
	a 199 205 0.9731918249221194
	a 205 199 0.9731918249221194
11.32491445130627 2
	a 200 285 0.7350066476622287
	a 285 200 0.7350066476622287
0.99986533083179 2
	a 201 209 0.9677576919995778
	a 209 201 0.9677576919995778
0.7241308354215087 2
	a 202 209 0.9764356703146633
	a 209 202 0.9764356703146633
29.15443259894867 2
	a 203 349 0.5715917080922136
	a 349 203 0.5715917080922136
10.74823916627832 2
	a 203 285 0.7442174020662808
	a 285 203 0.7442174020662808
0.754358709720538 2
	a 204 212 0.9754765278968778
	a 212 204 0.9754765278968778
1.151286064329106 2
	a 204 207 0.9630595641730102
	a 207 204 0.9630595641730102
1.453744046139253 2
	a 204 215 0.9538159996063358
	a 215 204 0.9538159996063358
4.298922635493166 2
	a 204 224 0.8754079330004204
	a 224 204 0.8754079330004204
2.453409804829343 2
	a 204 221 0.9245574977557116
	a 221 204 0.9245574977557116
42.39374124637114 2
	a 205 447 0.529617300945914
	a 447 205 0.529617300945914
13.60244596300167 2
	a 205 273 0.7019011795510195
	a 273 205 0.7019011795510195
3.849317660770565 2
	a 206 239 0.8868306193167468
	a 239 206 0.8868306193167468
0.2712315054364995 2
	a 206 209 0.9910401999457994
	a 209 206 0.9910401999457994
3.210855770996311 2
	a 206 225 0.9036511629905528
	a 225 206 0.9036511629905528
0.487629339878578 2
	a 207 212 0.9840070514701087
	a 212 207 0.9840070514701087
3.621229585705272 2
	a 207 230 0.8927576648159994
	a 230 207 0.8927576648159994
3.10311320078317 2
	a 207 224 0.9065609617045037
	a 224 207 0.9065609617045037
0.572507812946912 2
	a 208 214 0.9812760003733393
	a 214 208 0.9812760003733393
1.734917845282709 2
	a 209 225 0.9453884883017999
	a 225 209 0.9453884883017999
0.7884591958105146 2
	a 210 218 0.9743968235948948
	a 218 210 0.9743968235948948
8.331987363450812 2
	a 211 273 0.7869024533511519
	a 273 211 0.7869024533511519
0.1356157527182506 2
	a 212 215 0.9954998486103701
	a 215 212 0.9954998486103701
4.673452393064177 2
	a 213 235 0.8661505565645951
	a 235 213 0.8661505565645951
3.429449907074186 2
	a 213 241 0.8978114322191854
	a 241 213 0.8978114322191854
0.4068472581547501 2
	a 214 219 0.986620689469499
	a 219 214 0.986620689469499
0.6981164340668319 2
	a 215 222 0.9772626664842042
	a 222 215 0.9772626664842042
3.240255765371298 2
	a 216 231 0.9028607816890155
	a 231 216 0.9028607816890155
19.94157749742881 2
	a 216 334 0.6323129035138508
	a 334 216 0.6323129035138508
2.493265276481146 2
	a 216 236 0.9234309324571102
	a 236 216 0.9234309324571102
4.23840116750134 2
	a 217 242 0.8769256754214785
	a 242 217 0.8769256754214785
0.4068472581547501 2
	a 217 221 0.986620689469499
	a 221 217 0.986620689469499
5.131295437096151 2
	a 217 246 0.8551434299652272
	a 246 217 0.8551434299652272
0.9493102690277512 2
	a 218 226 0.9693368529259123
	a 226 218 0.9693368529259123
3.282289094916528 2
	a 218 223 0.9017334566010957
	a 223 218 0.9017334566010957
1.106545252170832 2
	a 219 227 0.9644428034543762
	a 227 219 0.9644428034543762
2.852007963593501 2
	a 219 228 0.9134242205484082
	a 228 219 0.9134242205484082
10.68610329220193 2
	a 220 248 0.7452311443916658
	a 248 220 0.7452311443916658
9.823836637898864 2
	a 220 243 0.7597411753816545
	a 243 220 0.7597411753816545
7.823965130235039 2
	a 220 239 0.7967857277594593
	a 239 220 0.7967857277594593
11.36384258696151 2
	a 220 305 0.7343975469985289
	a 305 220 0.7343975469985289
13.25660349381986 2
	a 220 272 0.7066103251925815
	a 272 220 0.7066103251925815
0.4068472581547501 2
	a 221 224 0.986620689469499
	a 224 221 0.986620689469499
3.87252707630652 2
	a 221 242 0.886232541298394
	a 242 221 0.886232541298394
1.66512912003413 2
	a 222 233 0.9474655226637001
	a 233 222 0.9474655226637001
8.453898172443989 2
	a 223 281 0.7845801359747414
	a 281 223 0.7845801359747414
6.696444921916338 2
	a 223 251 0.8199543844250745
	a 251 223 0.8199543844250745
2.045198491790077 2
	a 223 226 0.9362700936082269
	a 226 223 0.9362700936082269
0.6981164340668319 2
	a 224 230 0.9772626664842042
	a 230 224 0.9772626664842042
1.998645631669757 2
	a 225 239 0.9376261715394673
	a 239 225 0.9376261715394673
8.158756886519251 2
	a 226 281 0.7902350095772444
	a 281 226 0.7902350095772444
0.7907689309824104 2
	a 227 230 0.9743237804834544
	a 230 227 0.9743237804834544
1.756468616875567 2
	a 227 228 0.9447490500526149
	a 228 227 0.9447490500526149
1.912227277893508 2
	a 227 242 0.940154710505683
	a 242 227 0.940154710505683
1.912227277893508 2
	a 228 242 0.940154710505683
	a 242 228 0.940154710505683
0.5294379043957786 2
	a 229 231 0.9826598871066465
	a 231 229 0.9826598871066465
4.37443853151269 2
	a 229 238 0.8735227313097437
	a 238 229 0.8735227313097437
2.481289808806812 2
	a 230 242 0.9237691196670774
	a 242 230 0.9237691196670774
0.6981164340668319 2
	a 230 234 0.9772626664842042
	a 234 230 0.9772626664842042
0.9493102690277512 2
	a 231 238 0.9693368529259123
	a 238 231 0.9693368529259123
4.137675519072744 2
	a 232 256 0.8794652648092718
	a 256 232 0.8794652648092718
5.020714194111312 2
	a 232 248 0.8577712511164608
	a 248 232 0.8577712511164608
2.15815821809239 2
	a 232 237 0.9329970365062719
	a 237 232 0.9329970365062719
1.165489355260694 2
	a 232 243 0.9626213070482963
	a 243 232 0.9626213070482963
0.9589481822187813 2
	a 233 240 0.9690353879296758
	a 240 233 0.9690353879296758
9.519744965444122 2
	a 233 266 0.7650605880645489
	a 266 233 0.7650605880645489
0.9302638502529895 2
	a 234 242 0.9699331771903307
	a 242 234 0.9699331771903307
7.870405695991582 2
	a 235 285 0.7958682888979161
	a 285 235 0.7958682888979161
1.545598435309036 2
	a 235 241 0.9510454916119191
	a 241 235 0.9510454916119191
4.908400970704831 2
	a 235 267 0.8604601346236205
	a 267 235 0.8604601346236205
0.4518359985116184 2
	a 236 238 0.9851633791903387
	a 238 236 0.9851633791903387
2.958473300127015 2
	a 237 256 0.9105002529452141
	a 256 237 0.9105002529452141
1.154824871506312 2
	a 237 247 0.9629503318246462
	a 247 237 0.9629503318246462
0.7241308354215087 2
	a 237 243 0.9764356703146633
	a 243 237 0.9764356703146633
9.674301650484146 2
	a 238 315 0.7623434845986805
	a 315 238 0.7623434845986805
1.954180946745591 2
	a 239 247 0.9389253568390946
	a 247 239 0.9389253568390946
0.4068472581547501 2
	a 239 244 0.986620689469499
	a 244 239 0.986620689469499
3.658165978005592 2
	a 240 262 0.8917917178448564
	a 262 240 0.8917917178448564
4.055418154944546 2
	a 241 267 0.8815519017861198
	a 267 241 0.8815519017861198
0.4518359985116184 2
	a 242 246 0.9851633791903387
	a 246 242 0.9851633791903387
0.3981115513613038 2
	a 243 247 0.986904170385881
	a 247 243 0.986904170385881
0.2701555345749592 2
	a 244 247 0.9910754242055927
	a 247 244 0.9910754242055927
2.883031292090099 2
	a 245 257 0.9125700511319986
	a 257 245 0.9125700511319986
0.754358709720538 2
	a 245 249 0.9754765278968778
	a 249 245 0.9754765278968778
15.4277492754286 2
	a 245 328 0.6787684655581183
	a 328 245 0.6787684655581183
3.791252845016077 2
	a 246 271 0.8883309378765609
	a 271 246 0.8883309378765609
2.779523884300696 2
	a 247 256 0.9154268335023077
	a 256 247 0.9154268335023077
1.381814599110866 2
	a 247 253 0.9559974079363562
	a 253 247 0.9559974079363562
4.388617945030749 2
	a 248 256 0.8731698092592381
	a 256 248 0.8731698092592381
3.489345205492038 2
	a 248 269 0.8962261304332149
	a 269 248 0.8962261304332149
1.979917154986193 2
	a 249 258 0.9381729175624307
	a 258 249 0.9381729175624307
2.186245158146932 2
	a 249 257 0.9321870243145243
	a 257 249 0.9321870243145243
27.21280937255013 2
	a 250 262 0.5814851509666576
	a 262 250 0.5814851509666576
18.38826723165672 2
	a 250 357 0.6467489958817545
	a 357 250 0.6467489958817545
17.36185985926115 2
	a 250 359 0.6571421444608061
	a 359 250 0.6571421444608061
1.342527456914504 2
	a 250 255 0.9571932956869043
	a 255 250 0.9571932956869043
18.79575595684235 2
	a 250 376 0.6428160875251707
	a 376 250 0.6428160875251707
4.489073284141026 2
	a 251 281 0.870679032314298
	a 281 251 0.870679032314298
2.860525790118629 2
	a 251 268 0.913189522139265
	a 268 251 0.913189522139265
10.59339365584921 2
	a 252 315 0.7467515240277842
	a 315 252 0.7467515240277842
2.104881452103372 2
	a 252 264 0.9345376830279779
	a 264 252 0.9345376830279779
0.487629339878578 2
	a 253 256 0.9840070514701087
	a 256 253 0.9840070514701087
0.4068472581547501 2
	a 254 256 0.986620689469499
	a 256 254 0.986620689469499
2.059344055616256 2
	a 254 263 0.9358588684421247
	a 263 254 0.9358588684421247
3.849317660770565 2
	a 254 270 0.8868306193167468
	a 270 254 0.8868306193167468
17.93925537242863 2
	a 255 376 0.6512082068317625
	a 376 255 0.6512082068317625
1.330335433485705 2
	a 256 263 0.9575650541742107
	a 263 256 0.9575650541742107
4.901743245323463 2
	a 256 270 0.8606201597735939
