from,to,probability
0,34,0.7814223613263397
0,27,0.8913003794604645
0,144,0.4506737996693653
0,135,0.4380166270360167
1,8,0.9872954174986995
2,10,0.9821508484111854
2,3,0.9572850710430261
2,9,0.9545253329684085
2,16,0.9558491977655615
3,2,0.9572850710430261
3,9,0.8745595107716905
3,16,0.9640719144033315
4,47,0.8270113178418905
5,16,0.9066741325234148
5,21,0.9437830818422798
6,210,0.367024336514336
6,43,0.703055210605405
7,16,0.973241378938998
8,11,0.9872954174986995
8,1,0.9872954174986995
9,2,0.9545253329684085
9,3,0.8745595107716905
9,16,0.9738083407717619
10,2,0.9821508484111854
10,16,0.9801847561502938
11,26,0.9385831064759711
11,8,0.9872954174986995
12,46,0.8456513965369052
12,29,0.9148743380689991
12,22,0.9414093153986384
13,16,0.9872954174986995
14,20,0.9703267583806774
15,28,0.9230839370295274
16,10,0.9801847561502938
16,2,0.9558491977655615
16,3,0.9640719144033315
16,9,0.9738083407717619
16,7,0.973241378938998
16,5,0.9066741325234148
16,13,0.9872954174986995
16,46,0.869174554309495
16,24,0.9558012826194622
16,40,0.7905862096169738
17,36,0.9014761273265653
18,46,0.377645008637445
18,23,0.9644819118512427
19,20,0.9909996972207402
20,19,0.9909996972207402
20,14,0.9703267583806774
20,93,0.6975748494581653
21,5,0.9437830818422798
21,46,0.8910653879558487
22,46,0.8999383031649384
22,12,0.9414093153986384
22,29,0.8573095975760578
23,30,0.9640719144033315
23,18,0.9644819118512427
24,16,0.9558012826194622
24,46,0.9100851990856139
25,28,0.973241378938998
25,41,0.9227155337830817
26,46,0.9137040921746717
26,40,0.9197180289558177
26,29,0.8556852781963363
26,11,0.9385831064759711
27,34,0.9872954174986995
27,0,0.8913003794604645
27,153,0.4999618084462836
27,142,0.4559316471659648
28,25,0.973241378938998
28,15,0.9230839370295274
28,41,0.8382447072817097
28,42,0.9444184714132219
28,59,0.7311565793196411
28,56,0.8575310822469285
28,96,0.4041204053381025
29,46,0.9380707758593515
29,26,0.8556852781963363
29,12,0.9148743380689991
29,22,0.8573095975760578
30,46,0.2884944337487709
30,23,0.9640719144033315
30,65,0.8283674985079974
31,46,0.9417246184471164
32,48,0.9276130660231213
33,46,0.9487936471897895
34,27,0.9872954174986995
34,168,0.5220490511033482
34,0,0.7814223613263397
35,46,0.9606142271693334
36,17,0.9014761273265653
36,46,0.9703267583806774
37,46,0.973241378938998
37,53,0.8096240788235312
38,63,0.869265289622679
38,51,0.9319688023041177
38,39,0.8560147310618537
39,63,0.7506990797463344
39,78,0.8014474711947742
39,38,0.8560147310618537
40,16,0.7905862096169738
40,46,0.9801847561502938
40,26,0.9197180289558177
41,25,0.9227155337830817
41,28,0.8382447072817097
41,53,0.9384095649053928
41,59,0.8232083084827282
42,28,0.9444184714132219
42,45,0.9644819118512427
42,61,0.8821342934480713
42,68,0.7938684495977112
43,54,0.923024325154819
43,6,0.703055210605405
44,46,0.9872954174986995
44,138,0.4142126129452036
45,42,0.9644819118512427
45,61,0.8888249974318859
46,16,0.869174554309495
46,36,0.9703267583806774
46,21,0.8910653879558487
46,37,0.973241378938998
46,24,0.9100851990856139
46,53,0.9549459937243078
46,44,0.9872954174986995
46,40,0.9801847561502938
46,26,0.9137040921746717
46,12,0.8456513965369052
46,29,0.9380707758593515
46,22,0.8999383031649384
46,138,0.4048675025570075
46,122,0.3475241380986016
46,31,0.9417246184471164
46,35,0.9606142271693334
46,30,0.2884944337487709
46,33,0.9487936471897895
46,18,0.377645008637445
47,74,0.8470188391543112
47,4,0.8270113178418905
48,69,0.8848870781193395
48,32,0.9276130660231213
49,97,0.7877016287389974
49,93,0.7333879086371194
50,60,0.8921526305274108
50,66,0.8968482011431358
51,63,0.9259006636492924
51,38,0.9319688023041177
52,110,0.4403594489713089
52,70,0.9049625988515854
52,173,0.525100042601892
53,46,0.9549459937243078
53,37,0.8096240788235312
53,41,0.9384095649053928
53,59,0.8436674842289936
53,68,0.9133010884855284
54,212,0.4278609188030351
54,126,0.7257173320156983
54,43,0.923024325154819
55,58,0.973241378938998
55,68,0.9527396919219954
56,28,0.8575310822469285
56,58,0.9909996972207402
57,69,0.9117908960763035
57,64,0.973241378938998
57,60,0.9409376685008637
58,56,0.9909996972207402
58,55,0.973241378938998
58,68,0.9623684211445606
59,28,0.7311565793196411
59,41,0.8232083084827282
59,53,0.8436674842289936
59,61,0.9433113231217994
59,68,0.9640719144033315
60,69,0.9635139401772062
60,57,0.9409376685008637
60,50,0.8921526305274108
60,66,0.9369812483497675
61,42,0.8821342934480713
61,45,0.8888249974318859
61,59,0.9433113231217994
61,68,0.973241378938998
62,69,0.9738083407717619
63,153,0.6769454776796128
63,94,0.786155311765767
63,51,0.9259006636492924
63,78,0.7039051192934298
63,38,0.869265289622679
63,39,0.7506990797463344
64,69,0.9801847561502938
64,57,0.973241378938998
65,30,0.8283674985079974
65,73,0.8985296707828764
65,187,0.4886214348480862
65,192,0.5506600768779822
66,69,0.9130416207900005
66,50,0.8968482011431358
66,60,0.9369812483497675
66,72,0.9703267583806774
67,156,0.6849001949698228
67,152,0.6312289639214282
68,53,0.9133010884855284
68,42,0.7938684495977112
68,59,0.9640719144033315
68,55,0.9527396919219954
68,61,0.973241378938998
68,58,0.9623684211445606
68,76,0.8432106896685363
68,106,0.6913914176549265
68,118,0.8117809874678887
69,64,0.9801847561502938
69,57,0.9117908960763035
69,48,0.8848870781193395
69,62,0.9738083407717619
69,60,0.9635139401772062
69,66,0.9130416207900005
69,72,0.9288856069087523
69,85,0.9199841521720585
69,89,0.6572104349502103
70,110,0.8587081844148019
70,52,0.9049625988515854
71,106,0.8736911464391124
72,69,0.9288856069087523
72,66,0.9703267583806774
72,85,0.8854786844658508
72,82,0.9528713406293264
73,138,0.6781224026471017
73,65,0.8985296707828764
73,77,0.9722730770907142
74,115,0.8702836765394163
74,47,0.8470188391543112
75,187,0.5963992071328917
76,68,0.8432106896685363
76,79,0.8445927200102071
76,118,0.8555526205876358
77,92,0.9398663543806614
77,73,0.9722730770907142
77,83,0.9821508484111854
77,192,0.589014848722058
78,63,0.7039051192934298
78,88,0.9635139401772062
78,39,0.8014474711947742
79,76,0.8445927200102071
79,87,0.9722730770907142
79,118,0.8151847151447701
80,147,0.7688934466332261
81,141,0.6315048052613278
81,158,0.7289947850082903
81,156,0.6828667294876593
82,72,0.9528713406293264
82,85,0.9872954174986995
83,92,0.9738083407717619
83,77,0.9821508484111854
84,118,0.7377507771104156
84,101,0.9491740977316223
84,185,0.6181132975580932
85,69,0.9199841521720585
85,72,0.8854786844658508
85,82,0.9872954174986995
85,102,0.9504840260532006
85,89,0.9606142271693334
86,103,0.9563580847229063
87,99,0.9743504181289488
87,79,0.9722730770907142
88,137,0.8117809874678887
88,78,0.9635139401772062
88,103,0.9623684211445606
89,69,0.6572104349502103
89,85,0.9606142271693334
89,102,0.9644819118512427
90,117,0.8963212486779951
90,100,0.9657519676476977
90,110,0.9479184133249302
91,155,0.6856477607229113
91,139,0.8322755961677185
92,138,0.8390766836438729
92,83,0.9738083407717619
92,77,0.9398663543806614
92,104,0.9653197742132931
92,192,0.5618096818294482
93,187,0.546424367388042
93,49,0.7333879086371194
93,20,0.6975748494581653
93,97,0.9872954174986995
94,153,0.770940564471541
94,63,0.786155311765767
95,106,0.9703267583806774
95,113,0.9462130026561978
96,28,0.4041204053381025
96,102,0.9821508484111854
97,187,0.6421293979645266
97,49,0.7877016287389974
97,93,0.9872954174986995
98,138,0.8454856510719967
98,118,0.913556091857009
99,117,0.9352284274973984
99,87,0.9743504181289488
99,118,0.8663722147608482
100,117,0.9367756025737994
100,90,0.9657519676476977
101,118,0.7713411430469654
101,109,0.9680141029402175
101,107,0.9821508484111854
101,110,0.973241378938998
101,84,0.9491740977316223
102,85,0.9504840260532006
102,96,0.9821508484111854
102,89,0.9644819118512427
102,108,0.9821508484111854
102,117,0.7840458576953303
102,112,0.8968570558840833
103,146,0.8287900069201922
103,137,0.808537855020701
103,114,0.7824103646150171
103,88,0.9623684211445606
103,86,0.9563580847229063
104,138,0.6776705481680378
104,92,0.9653197742132931
104,123,0.6406664522747449
104,192,0.5833168319043074
104,202,0.5970724020168783
105,132,0.8811579538805919
106,68,0.6913914176549265
106,95,0.9703267583806774
106,113,0.9801847561502938
106,71,0.8736911464391124
106,120,0.8286233322159883
107,117,0.9623684211445606
107,109,0.96455109796153
107,101,0.9821508484111854
108,102,0.9821508484111854
108,117,0.9652302536595252
108,112,0.7674751430627582
109,118,0.9463427450445413
109,107,0.96455109796153
109,101,0.9680141029402175
110,117,0.9662895600761255
110,90,0.9479184133249302
110,101,0.973241378938998
110,70,0.8587081844148019
110,52,0.4403594489713089
111,132,0.8970846495606251
111,179,0.4757876067557169
112,102,0.8968570558840833
112,108,0.7674751430627582
112,117,0.973241378938998
113,106,0.9801847561502938
113,95,0.9462130026561978
113,138,0.8891105905770373
114,153,0.819397994533326
114,146,0.8047511198227237
114,103,0.7824103646150171
115,153,0.831604624512164
115,74,0.8702836765394163
116,119,0.9719866270833376
117,102,0.7840458576953303
117,108,0.9652302536595252
117,99,0.9352284274973984
117,118,0.9801847561502938
117,112,0.973241378938998
117,90,0.8963212486779951
117,100,0.9367756025737994
117,107,0.9623684211445606
117,110,0.9662895600761255
118,68,0.8117809874678887
118,76,0.8555526205876358
118,99,0.8663722147608482
118,79,0.8151847151447701
118,117,0.9801847561502938
118,98,0.913556091857009
118,109,0.9463427450445413
118,130,0.8878300544901431
118,148,0.8824745141758699
118,101,0.7713411430469654
118,84,0.7377507771104156
119,132,0.9487936471897895
119,116,0.9719866270833376
120,106,0.8286233322159883
120,138,0.9396482109138352
121,132,0.9528713406293264
122,46,0.3475241380986016
122,125,0.9821508484111854
123,138,0.7274041979672297
123,104,0.6406664522747449
123,162,0.6956592042547504
123,193,0.6651100970674614
123,207,0.6326450324343564
124,179,0.7165623869389239
124,126,0.9828715992216289
125,138,0.9623684211445606
125,122,0.9821508484111854
126,179,0.753955605954686
126,124,0.9828715992216289
126,54,0.7257173320156983
127,142,0.9501419324278259
127,151,0.7960511612474599
128,153,0.8968487814380327
128,149,0.8883852499253981
129,145,0.9386737058518245
129,163,0.568597289037555
129,132,0.9872954174986995
130,138,0.8754609087140781
130,118,0.8878300544901431
130,148,0.9338241719892809
131,154,0.7731777452086849
131,157,0.894551206774407
131,140,0.8361028384842123
131,136,0.7917964696441884
132,145,0.9463836498442388
132,121,0.9528713406293264
132,129,0.9872954174986995
132,105,0.8811579538805919
132,111,0.8970846495606251
132,119,0.9487936471897895
133,154,0.7288352463088303
133,136,0.9338241719892809
133,191,0.7271074009008039
133,145,0.9303767962390415
134,164,0.7447284520534683
134,166,0.7677397970260604
134,165,0.8378357969149582
135,0,0.4380166270360167
135,147,0.9401309053801926
136,131,0.7917964696441884
136,191,0.7303435058904911
136,133,0.9338241719892809
137,153,0.9151301083484215
137,146,0.890700797753449
137,88,0.8117809874678887
137,103,0.808537855020701
138,46,0.4048675025570075
138,44,0.4142126129452036
138,113,0.8891105905770373
138,125,0.9623684211445606
138,98,0.8454856510719967
138,120,0.9396482109138352
138,143,0.973241378938998
138,130,0.8754609087140781
138,92,0.8390766836438729
138,73,0.6781224026471017
138,104,0.6776705481680378
138,123,0.7274041979672297
138,162,0.7258384824268941
139,153,0.7353108520665996
139,165,0.8535219262431917
139,91,0.8322755961677185
140,157,0.9217706753656504
140,131,0.8361028384842123
141,218,0.640016379310135
141,158,0.9126600695033922
141,81,0.6315048052613278
142,27,0.4559316471659648
142,127,0.9501419324278259
142,144,0.9821508484111854
142,151,0.791470557318909
143,138,0.973241378938998
143,167,0.8080857583156116
143,169,0.8531009176165631
144,0,0.4506737996693653
144,153,0.9526037180904261
144,142,0.9821508484111854
144,150,0.8464116002949704
145,184,0.8040917793282578
145,133,0.9303767962390415
145,132,0.9463836498442388
145,129,0.9386737058518245
146,153,0.9585771126384476
146,137,0.890700797753449
146,114,0.8047511198227237
146,103,0.8287900069201922
147,153,0.9640719144033315
147,135,0.9401309053801926
147,80,0.7688934466332261
148,118,0.8824745141758699
148,130,0.9338241719892809
148,185,0.8110506699237728
149,153,0.9703267583806774
149,128,0.8883852499253981
150,153,0.9722730770907142
150,144,0.8464116002949704
150,151,0.8604167026150135
151,153,0.9775635533426917
151,127,0.7960511612474599
151,142,0.791470557318909
151,150,0.8604167026150135
152,210,0.7115732827537433
152,156,0.6539822161876382
152,67,0.6312289639214282
153,27,0.4999618084462836
153,168,0.9100851990856139
153,144,0.9526037180904261
153,165,0.8968398854260691
153,151,0.9775635533426917
153,150,0.9722730770907142
153,147,0.9640719144033315
153,139,0.7353108520665996
153,94,0.770940564471541
153,146,0.9585771126384476
153,137,0.9151301083484215
153,149,0.9703267583806774
153,63,0.6769454776796128
153,115,0.831604624512164
153,114,0.819397994533326
153,128,0.8968487814380327
154,187,0.8271844087439152
154,184,0.7786709992974903
154,131,0.7731777452086849
154,133,0.7288352463088303
155,171,0.8977154683324304
155,91,0.6856477607229113
156,199,0.7805159849133927
156,81,0.6828667294876593
156,152,0.6539822161876382
156,67,0.6849001949698228
157,192,0.8018772519760234
157,190,0.7752439711247995
157,131,0.894551206774407
157,140,0.9217706753656504
157,198,0.7835362090820736
157,191,0.7594047361717652
158,205,0.717117753708941
158,215,0.7072239539041619
158,141,0.9126600695033922
158,81,0.7289947850082903
159,188,0.8353189639505656
160,165,0.9644819118512427
161,168,0.9487936471897895
162,138,0.7258384824268941
162,123,0.6956592042547504
162,167,0.9726999188860621
162,207,0.6632428077044979
163,191,0.8307162854767866
163,177,0.9098067083954385
163,129,0.568597289037555
164,184,0.7558753340240318
164,174,0.8472567404213924
164,170,0.973241378938998
164,166,0.8730929737215269
164,171,0.707568818415772
164,134,0.7447284520534683
165,168,0.9836342095939262
165,153,0.8968398854260691
165,134,0.8378357969149582
165,160,0.9644819118512427
165,139,0.8535219262431917
166,174,0.9351832516981388
166,172,0.9355153839991557
166,164,0.8730929737215269
166,134,0.7677397970260604
167,143,0.8080857583156116
167,162,0.9726999188860621
167,169,0.9821508484111854
167,209,0.7778069340064693
168,187,0.9052388287105422
168,34,0.5220490511033482
168,161,0.9487936471897895
168,153,0.9100851990856139
168,165,0.9836342095939262
169,143,0.8531009176165631
169,185,0.8894981001052298
169,167,0.9821508484111854
169,209,0.8025836831015808
170,184,0.9300086433468401
170,164,0.973241378938998
171,184,0.9437830818422798
171,164,0.707568818415772
171,155,0.8977154683324304
172,180,0.9276360025292943
172,182,0.7974613446478217
172,174,0.9801847561502938
172,166,0.9355153839991557
173,52,0.525100042601892
173,189,0.9300086433468401
174,180,0.9821508484111854
174,184,0.8348376131785726
174,172,0.9801847561502938
174,164,0.8472567404213924
174,166,0.9351832516981388
175,187,0.9464902956121946
175,182,0.9836342095939262
176,185,0.9463836498442388
176,209,0.8487236080441856
176,214,0.5988137861764696
177,191,0.939828923888838
177,163,0.9098067083954385
178,243,0.5016408166559952
178,230,0.6780373816675169
178,212,0.5773509882820924
179,111,0.4757876067557169
179,204,0.8710761726686764
179,126,0.753955605954686
179,124,0.7165623869389239
180,184,0.9909996972207402
180,182,0.9364430231446151
180,174,0.9821508484111854
180,172,0.9276360025292943
181,187,0.9722730770907142
182,187,0.9722730770907142
182,180,0.9364430231446151
182,175,0.9836342095939262
182,172,0.7974613446478217
183,187,0.9738083407717619
184,187,0.979524388189434
184,180,0.9909996972207402
184,154,0.7786709992974903
184,174,0.8348376131785726
184,164,0.7558753340240318
184,170,0.9300086433468401
184,171,0.9437830818422798
184,145,0.8040917793282578
185,148,0.8110506699237728
185,84,0.6181132975580932
185,169,0.8894981001052298
185,176,0.9463836498442388
185,209,0.866985469808208
186,189,0.9820803998915989
186,234,0.4164764521737416
186,233,0.4386445465263165
186,245,0.4226719925242206
187,65,0.4886214348480862
187,75,0.5963992071328917
187,181,0.9722730770907142
187,192,0.973241378938998
187,97,0.6421293979645266
187,183,0.9738083407717619
187,93,0.546424367388042
187,184,0.979524388189434
187,182,0.9722730770907142
187,154,0.8271844087439152
187,175,0.9464902956121946
187,168,0.9052388287105422
188,220,0.748590580918793
188,159,0.8353189639505656
188,197,0.9558012826194622
189,173,0.9300086433468401
189,194,0.8496896529340834
189,221,0.8028477793961054
189,186,0.9820803998915989
190,192,0.9909996972207402
190,157,0.7752439711247995
191,157,0.7594047361717652
191,198,0.9653197742132931
191,136,0.7303435058904911
191,133,0.7271074009008039
191,177,0.939828923888838
191,163,0.8307162854767866
192,65,0.5506600768779822
192,92,0.5618096818294482
192,77,0.589014848722058
192,104,0.5833168319043074
192,187,0.973241378938998
192,202,0.9343564981269838
192,190,0.9909996972207402
192,196,0.7932737462552796
192,157,0.8018772519760234
192,198,0.6431852220420605
193,123,0.6651100970674614
193,202,0.9408757158569757
193,207,0.9143865913738085
194,214,0.7771692208619091
194,189,0.8496896529340834
194,221,0.8339009784031988
195,206,0.9053338104244587
195,201,0.9623684211445606
195,212,0.6884811952917016
195,199,0.9872954174986995
195,210,0.735463882602991
196,192,0.7932737462552796
196,202,0.9558012826194622
196,228,0.7282916431849644
196,198,0.5816048071256775
197,188,0.9558012826194622
197,218,0.8096935718440472
197,200,0.9703267583806774
197,203,0.9463836498442388
198,192,0.6431852220420605
198,196,0.5816048071256775
198,157,0.7835362090820736
198,226,0.7735053986674354
198,191,0.9653197742132931
199,201,0.9747522414139314
199,195,0.9872954174986995
199,156,0.7805159849133927
200,218,0.8879253736161481
200,197,0.9703267583806774
200,203,0.9623684211445606
201,206,0.973241378938998
201,195,0.9623684211445606
201,199,0.9747522414139314
202,104,0.5970724020168783
202,192,0.9343564981269838
202,193,0.9408757158569757
202,207,0.973241378938998
202,211,0.9472667280019401
202,196,0.9558012826194622
202,228,0.6977337064256945
203,197,0.9463836498442388
203,200,0.9623684211445606
203,208,0.9821508484111854
204,225,0.819238582959721
204,179,0.8710761726686764
205,224,0.8259208239266584
205,216,0.9337653050735132
205,215,0.7097906369789807
205,158,0.717117753708941
206,244,0.502730834164273
206,243,0.5805098487371444
206,215,0.5888004583481506
206,201,0.973241378938998
206,195,0.9053338104244587
207,123,0.6326450324343564
207,162,0.6632428077044979
207,209,0.684112113846847
207,193,0.9143865913738085
207,202,0.973241378938998
207,222,0.8697388870185024
207,211,0.973241378938998
208,218,0.9437528415494308
208,203,0.9821508484111854
209,185,0.866985469808208
209,167,0.7778069340064693
209,169,0.8025836831015808
209,176,0.8487236080441856
209,213,0.9386737058518245
209,207,0.684112113846847
209,223,0.7380691762109118
209,231,0.779608186262442
210,195,0.735463882602991
210,212,0.9821508484111854
210,152,0.7115732827537433
210,6,0.367024336514336
211,202,0.9472667280019401
211,207,0.973241378938998
211,222,0.9087284754158318
211,228,0.6556001535243227
212,243,0.6020424770007021
212,178,0.5773509882820924
212,195,0.6884811952917016
212,210,0.9821508484111854
212,54,0.4278609188030351
213,209,0.9386737058518245
213,231,0.8040498892119343
213,214,0.6342958418024442
214,176,0.5988137861764696
214,213,0.6342958418024442
214,194,0.7771692208619091
214,231,0.8156460209310258
214,221,0.9004691077758969
215,235,0.5387755897947943
215,244,0.5719182971529109
215,219,0.7326011946181467
215,216,0.7176215537759012
215,205,0.7097906369789807
215,206,0.5888004583481506
215,158,0.7072239539041619
216,219,0.9625520007466786
216,205,0.9337653050735132
216,215,0.7176215537759012
217,220,0.9545253329684085
217,234,0.7092409914523355
218,220,0.8881139160930295
218,197,0.8096935718440472
218,224,0.8926285625081974
218,200,0.8879253736161481
218,208,0.9437528415494308
218,141,0.640016379310135
219,229,0.834626571424534
219,227,0.8999321949284648
219,216,0.9625520007466786
219,215,0.7326011946181467
220,234,0.6510820491056789
220,217,0.9545253329684085
220,188,0.748590580918793
220,218,0.8881139160930295
220,229,0.8931058511044692
221,194,0.8339009784031988
221,231,0.798174266112586
221,214,0.9004691077758969
221,189,0.8028477793961054
221,236,0.7436281851976911
222,207,0.8697388870185024
222,223,0.9909996972207402
222,211,0.9087284754158318
222,237,0.5926692367185106
223,209,0.7380691762109118
223,222,0.9909996972207402
223,238,0.7262702400940015
223,239,0.6516536563046438
224,218,0.8926285625081974
224,229,0.9252426140965927
224,227,0.9738083407717619
224,205,0.8259208239266584
225,230,0.950447227647477
225,204,0.819238582959721
226,228,0.7959622431686978
226,198,0.7735053986674354
226,232,0.9300086433468401
227,229,0.9821508484111854
227,224,0.9738083407717619
227,219,0.8999321949284648
228,202,0.6977337064256945
228,211,0.6556001535243227
228,196,0.7282916431849644
228,237,0.7965136044280219
228,226,0.7959622431686978
228,232,0.7602807967765252
229,220,0.8931058511044692
229,234,0.8707834149907014
229,235,0.8162403984819263
229,224,0.9252426140965927
229,227,0.9821508484111854
229,219,0.834626571424534
230,242,0.7483013574764857
230,225,0.950447227647477
230,178,0.6780373816675169
231,209,0.779608186262442
231,213,0.8040498892119343
231,214,0.8156460209310258
231,221,0.798174266112586
231,238,0.7843236381587207
231,236,0.8582531907618391
232,228,0.7602807967765252
232,237,0.8452658031014753
232,226,0.9300086433468401
233,186,0.4386445465263165
233,234,0.973241378938998
233,235,0.9821508484111854
234,186,0.4164764521737416
234,220,0.6510820491056789
234,217,0.7092409914523355
234,233,0.973241378938998
234,235,0.9909996972207402
234,229,0.8707834149907014
235,234,0.9909996972207402
235,233,0.9821508484111854
235,245,0.7330921448746532
235,244,0.6765675530081245
235,229,0.8162403984819263
235,215,0.5387755897947943
236,231,0.8582531907618391
236,221,0.7436281851976911
236,238,0.903919435030894
236,240,0.9218530484106888
237,222,0.5926692367185106
237,228,0.7965136044280219
237,241,0.9288856069087523
237,232,0.8452658031014753
237,242,0.3581400198715292
238,223,0.7262702400940015
238,231,0.7843236381587207
238,236,0.903919435030894
238,240,0.9662895600761255
238,239,0.935165016612109
239,223,0.6516536563046438
239,238,0.935165016612109
239,240,0.9293844732693363
239,241,0.8684329576909711
239,246,0.8142987535669937
240,238,0.9662895600761255
240,236,0.9218530484106888
240,239,0.9293844732693363
240,246,0.8178391907964775
241,239,0.8684329576909711
241,237,0.9288856069087523
241,246,0.8373721253087295
242,237,0.3581400198715292
242,249,0.5679595221152455
242,248,0.5983136310147945
242,243,0.4798413564892277
242,230,0.7483013574764857
243,248,0.6063088478296204
243,244,0.6261162245201417
243,242,0.4798413564892277
243,206,0.5805098487371444
243,178,0.5016408166559952
243,212,0.6020424770007021
244,245,0.9337653050735132
244,235,0.6765675530081245
244,248,0.6245034014343073
244,243,0.6261162245201417
244,215,0.5719182971529109
244,206,0.502730834164273
245,186,0.4226719925242206
245,246,0.4799547566413141
245,235,0.7330921448746532
245,248,0.6969460918417146
245,244,0.9337653050735132
246,240,0.8178391907964775
246,239,0.8142987535669937
246,241,0.8373721253087295
246,247,0.742928760178949
246,245,0.4799547566413141
247,246,0.742928760178949
247,249,0.8981924156960898
247,248,0.8258984938409109
248,247,0.8258984938409109
248,249,0.9471987816790822
248,245,0.6969460918417146
248,244,0.6245034014343073
248,242,0.5983136310147945
248,243,0.6063088478296204
249,247,0.8981924156960898
249,248,0.9471987816790822
249,242,0.5679595221152455
