8.135382887705797 2
	a 0 563 0.7906876256518762
	a 563 0 0.7906876256518762
3.119904496849654 2
	a 0 362 0.9061061039752253
	a 362 0 0.9061061039752253
4.166832951112418 2
	a 0 220 0.8787283657327862
	a 220 0 0.8787283657327862
1.250315462566378 2
	a 0 116 0.9600125327639866
	a 116 0 0.9600125327639866
7.339556610237217 2
	a 0 495 0.8065265345562479
	a 495 0 0.8065265345562479
0.9569120473074697 2
	a 1 128 0.9690990602062898
	a 128 1 0.9690990602062898
5.249347241078905 2
	a 2 309 0.8523593782408928
	a 309 2 0.8523593782408928
6.005098634169356 2
	a 2 72 0.8350461184877966
	a 72 2 0.8350461184877966
3.229514003240491 2
	a 2 300 0.9031493806579802
	a 300 2 0.9031493806579802
1.353727654535798 2
	a 2 170 0.9568520460873359
	a 170 2 0.9568520460873359
5.834495481899927 2
	a 2 275 0.8388785328388737
	a 275 2 0.8388785328388737
2.11618638577049 2
	a 2 204 0.9342103117616557
	a 204 2 0.9342103117616557
1.048074475181108 2
	a 3 40 0.9662567587089411
	a 40 3 0.9662567587089411
2.416760809432184 2
	a 3 174 0.9255960730491697
	a 174 3 0.9255960730491697
0.4068472581547501 2
	a 3 58 0.986620689469499
	a 58 3 0.986620689469499
2.604547133047154 2
	a 4 309 0.9203012108333569
	a 309 4 0.9203012108333569
3.913956260276017 2
	a 4 423 0.8851672598330848
	a 423 4 0.8851672598330848
1.555485357104156 2
	a 4 161 0.9507482928019515
	a 161 4 0.9507482928019515
0.2701555345749592 2
	a 5 38 0.9910754242055927
	a 38 5 0.9910754242055927
0.4068472581547501 2
	a 6 68 0.986620689469499
	a 68 6 0.986620689469499
3.697805716638496 2
	a 7 189 0.8907577166116375
	a 189 7 0.8907577166116375
2.55657915871142 2
	a 7 309 0.9216474287105719
	a 309 7 0.9216474287105719
1.51033287880798 2
	a 7 44 0.9521071638228746
	a 44 7 0.9521071638228746
1.627389032619001 2
	a 8 212 0.9485927660071689
	a 212 8 0.9485927660071689
1.453744046139253 2
	a 8 133 0.9538159996063358
	a 133 8 0.9538159996063358
1.127108817932829 2
	a 9 154 0.9638065330115606
	a 154 9 0.9638065330115606
4.709181466125921 2
	a 10 194 0.8652794464425582
	a 194 10 0.8652794464425582
1.064816194648925 2
	a 10 149 0.9657366530214315
	a 149 10 0.9657366530214315
0.2591518306177774 2
	a 11 53 0.9914357996108145
	a 53 11 0.9914357996108145
1.661255938657022 2
	a 12 222 0.9475810785906456
	a 222 12 0.9475810785906456
0.9569120473074697 2
	a 13 143 0.9690990602062898
	a 143 13 0.9690990602062898
0.5753689120435835 2
	a 13 16 0.9811842105722803
	a 16 13 0.9811842105722803
1.841776535306984 2
	a 14 241 0.9422268545800392
	a 241 14 0.9422268545800392
2.244920592869084 2
	a 14 214 0.9304997424304062
	a 214 14 0.9304997424304062
1.927156565154648 2
	a 15 171 0.9397168486998188
	a 171 15 0.9397168486998188
0.8136945163095008 2
	a 15 128 0.9735993908395411
	a 128 15 0.9735993908395411
0.9302638502529895 2
	a 16 143 0.9699331771903307
	a 143 16 0.9699331771903307
0.4068472581547501 2
	a 17 88 0.986620689469499
	a 88 17 0.986620689469499
2.457969812186092 2
	a 18 309 0.9244284516841981
	a 309 18 0.9244284516841981
4.079235318914731 2
	a 18 72 0.8809465502246829
	a 72 18 0.8809465502246829
1.398041539263464 2
	a 19 122 0.9555043784865291
	a 122 19 0.9555043784865291
0.5308290191434861 2
	a 19 100 0.9826151268297626
	a 100 19 0.9826151268297626
0.2701555345749592 2
	a 20 60 0.9910754242055927
	a 60 20 0.9910754242055927
3.840668259842148 2
	a 20 122 0.8870537405139114
	a 122 20 0.8870537405139114
0.4217785570495555 2
	a 21 89 0.9861365385453571
	a 89 21 0.9861365385453571
1.843510156679232 2
	a 21 142 0.9421757472716881
	a 142 21 0.9421757472716881
2.851084659905319 2
	a 22 152 0.9134496690721318
	a 152 22 0.9134496690721318
0.3002129760370238 2
	a 22 73 0.9900923780751469
	a 73 22 0.9900923780751469
2.289316054992536 2
	a 23 297 0.9292274771187397
	a 297 23 0.9292274771187397
1.208722079564016 2
	a 24 122 0.9612898680661656
	a 122 24 0.9612898680661656
0.4217785570495555 2
	a 24 93 0.9861365385453571
	a 93 24 0.9861365385453571
3.399399870232219 2
	a 25 420 0.8986091809112571
	a 420 25 0.8986091809112571
4.455323952440088 2
	a 26 535 0.8715139825702493
	a 535 26 0.8715139825702493
11.14005524905692 2
	a 26 718 0.737920776994033
	a 718 26 0.737920776994033
1.604933260944054 2
	a 27 224 0.9492648353914381
	a 224 27 0.9492648353914381
1.847293601112768 2
	a 27 52 0.9420642315114247
	a 52 27 0.9420642315114247
1.130614557468996 2
	a 28 95 0.9636981466845344
	a 95 28 0.9636981466845344
2.40050642517176 2
	a 28 309 0.9260575098237758
	a 309 28 0.9260575098237758
1.45910641505591 2
	a 29 210 0.9536537933477118
	a 210 29 0.9536537933477118
1.362615323300689 2
	a 29 119 0.9565814362875824
	a 119 29 0.9565814362875824
0.4498654971040983 2
	a 30 47 0.9852271177182471
	a 47 30 0.9852271177182471
1.814621374925168 2
	a 30 254 0.9430281624267132
	a 254 30 0.9430281624267132
0.9056588220468618 2
	a 31 122 0.9707046576993192
	a 122 31 0.9707046576993192
1.481830990714321 2
	a 31 215 0.9529670410209244
	a 215 31 0.9529670410209244
2.301626222344578 2
	a 31 57 0.9288753641524587
	a 57 31 0.9288753641524587
1.731209310470452 2
	a 32 239 0.9454986178294682
	a 239 32 0.9454986178294682
1.58238540617301 2
	a 32 175 0.9499406737718434
	a 175 32 0.9499406737718434
2.443119864660818 2
	a 33 89 0.9248488424249272
	a 89 33 0.9248488424249272
0.9763801406626829 2
	a 33 87 0.9684906241748837
	a 87 33 0.9684906241748837
1.126737926931244 2
	a 33 172 0.9638180012646471
	a 172 33 0.9638180012646471
2.413093054276768 2
	a 33 257 0.9257001512525
	a 257 33 0.9257001512525
3.243369444286881 2
	a 33 276 0.9027771650930327
	a 276 33 0.9027771650930327
0.2701555345749592 2
	a 34 81 0.9910754242055927
	a 81 34 0.9910754242055927
2.226025928121614 2
	a 35 215 0.9310423606654525
	a 215 35 0.9310423606654525
0.2701555345749592 2
	a 35 82 0.9910754242055927
	a 82 35 0.9910754242055927
2.366721236665802 2
	a 35 244 0.9270182202292871
	a 244 35 0.9270182202292871
3.795324441280463 2
	a 35 286 0.8882255437282218
	a 286 35 0.8882255437282218
3.074467302321697 2
	a 36 175 0.9073381238203686
	a 175 36 0.9073381238203686
0.4068472581547501 2
	a 36 98 0.986620689469499
	a 98 36 0.986620689469499
3.363091916809471 2
	a 36 353 0.8995751951445567
	a 353 36 0.8995751951445567
2.941021247949086 2
	a 36 163 0.9109781356813516
	a 163 36 0.9109781356813516
3.30976525778503 2
	a 37 420 0.9009982572296986
	a 420 37 0.9009982572296986
3.182282544496195 2
	a 37 369 0.904420803535426
	a 369 37 0.904420803535426
1.640580444693782 2
	a 37 210 0.9481984346234981
	a 210 37 0.9481984346234981
0.5575248444503217 2
	a 38 118 0.9817569700886031
	a 118 38 0.9817569700886031
0.5575248444503217 2
	a 39 119 0.9817569700886031
	a 119 39 0.9817569700886031
1.090487985406985 2
	a 40 174 0.9649402484598857
	a 174 40 0.9649402484598857
4.979417466047495 2
	a 41 423 0.8587575937219563
	a 423 41 0.8587575937219563
2.573500139601705 2
	a 41 161 0.9211720510173018
	a 161 41 0.9211720510173018
2.460325435208182 2
	a 41 317 0.9243618040220928
	a 317 41 0.9243618040220928
4.839218294173052 2
	a 41 290 0.8621264808725876
	a 290 41 0.8621264808725876
0.6027356872459425 2
	a 42 126 0.9803071135846667
	a 126 42 0.9803071135846667
1.392998929689093 2
	a 43 215 0.9556575329443662
	a 215 43 0.9556575329443662
1.511850541135075 2
	a 43 62 0.9520614230695246
	a 62 43 0.9520614230695246
1.903296921810185 2
	a 44 267 0.9404168377473652
	a 267 44 0.9404168377473652
0.8272569866452942 2
	a 44 91 0.9731713725222706
	a 91 44 0.9731713725222706
0.572507812946912 2
	a 45 123 0.9812760003733393
	a 123 45 0.9812760003733393
5.29450156826984 2
	a 46 563 0.8513002697747631
	a 563 46 0.8513002697747631
2.167670266303321 2
	a 46 63 0.9327225443024769
	a 63 46 0.9327225443024769
2.585107487356334 2
	a 46 336 0.9208462643868032
	a 336 46 0.9208462643868032
4.436174117612828 2
	a 46 49 0.8719885808819141
	a 49 46 0.8719885808819141
2.552089680587133 2
	a 47 258 0.9217736460584542
	a 258 47 0.9217736460584542
3.312081755662462 2
	a 47 130 0.9009363345704968
	a 130 47 0.9009363345704968
1.864727250233053 2
	a 47 263 0.941550743788
	a 263 47 0.941550743788
3.74536283401032 2
	a 48 476 0.8895207910953015
	a 476 48 0.8895207910953015
4.964448190221405 2
	a 48 475 0.8591157951844532
	a 475 48 0.8591157951844532
4.881945551442842 2
	a 48 547 0.8610964371796226
	a 547 48 0.8610964371796226
4.130292226811703 2
	a 48 401 0.8796520909821075
	a 401 48 0.8796520909821075
2.921991532514533 2
	a 49 351 0.9114998530139127
	a 351 49 0.9114998530139127
2.312152689947419 2
	a 49 311 0.928574500224192
	a 311 49 0.928574500224192
2.967785871127275 2
	a 49 232 0.9102454778570223
	a 232 49 0.9102454778570223
2.637660630291472 2
	a 49 276 0.9193743913517806
	a 276 49 0.9193743913517806
1.064816194648925 2
	a 50 179 0.9657366530214315
	a 179 50 0.9657366530214315
0.6567061232895878 2
	a 50 103 0.9785820598853613
	a 103 50 0.9785820598853613
0.5310711294262889 2
	a 51 122 0.9826073371536387
	a 122 51 0.9826073371536387
1.465260119971778 2
	a 52 224 0.9534677214128324
	a 224 52 0.9534677214128324
0.5310711294262889 2
	a 53 124 0.9826073371536387
	a 124 53 0.9826073371536387
0.5784051408027918 2
	a 53 125 0.9810868214065646
	a 125 53 0.9810868214065646
6.389707657357569 2
	a 54 385 0.8265645355809339
	a 385 54 0.8265645355809339
1.535671009609103 2
	a 54 234 0.9513441051234854
	a 234 54 0.9513441051234854
1.966637624315821 2
	a 54 185 0.9385610047041
	a 185 54 0.9385610047041
0.479922938566163 2
	a 55 121 0.9842557788628525
	a 121 55 0.9842557788628525
2.355074501576059 2
	a 55 180 0.9273499068541322
	a 180 55 0.9273499068541322
1.392998929689093 2
	a 55 90 0.9556575329443662
	a 90 55 0.9556575329443662
0.487629339878578 2
	a 56 122 0.9840070514701087
	a 122 56 0.9840070514701087
2.520882000556814 2
	a 57 215 0.9226520646545762
	a 215 57 0.9226520646545762
0.2701555345749592 2
	a 57 96 0.9910754242055927
	a 96 57 0.9910754242055927
1.663473563609672 2
	a 57 113 0.947514912350615
	a 113 57 0.947514912350615
1.969416047529112 2
	a 58 283 0.9384797783553104
	a 283 58 0.9384797783553104
2.441083548928503 2
	a 59 331 0.92490652143204
	a 331 59 0.92490652143204
1.736200693454497 2
	a 59 210 0.9453503988767245
	a 210 59 0.9453503988767245
4.915104606539023 2
	a 59 162 0.8602990777168454
	a 162 59 0.8602990777168454
0.4518359985116184 2
	a 60 122 0.9851633791903387
	a 122 60 0.9851633791903387
0.487629339878578 2
	a 61 126 0.9840070514701087
	a 126 61 0.9840070514701087
4.271909921377481 2
	a 61 79 0.8760845945778012
	a 79 61 0.8760845945778012
1.277257733339577 2
	a 62 215 0.9591870222090993
	a 215 62 0.9591870222090993
6.484398025066096 2
	a 63 379 0.8245095276568313
	a 379 63 0.8245095276568313
2.472556149811231 2
	a 63 336 0.9240159285105161
	a 336 63 0.9240159285105161
1.385168937220699 2
	a 64 224 0.9558954480381517
	a 224 64 0.9558954480381517
3.193126881861831 2
	a 64 90 0.9041285308228714
	a 90 64 0.9041285308228714
2.140995922531718 2
	a 65 295 0.933492734904104
	a 295 65 0.933492734904104
0.8546955794297674 2
	a 65 167 0.9723066199093672
	a 167 65 0.9723066199093672
2.1739616031261 2
	a 66 309 0.9325410888065907
	a 309 66 0.9325410888065907
2.817230135585522 2
	a 66 183 0.9143838656934214
	a 183 66 0.9143838656934214
1.434637079451427 2
	a 67 95 0.9543944377471915
	a 95 67 0.9543944377471915
1.084926021746002 2
	a 67 189 0.9651126791441141
	a 189 67 0.9651126791441141
0.5308290191434861 2
	a 68 131 0.9826151268297626
	a 131 68 0.9826151268297626
2.059344055616256 2
	a 69 300 0.9358588684421247
	a 300 69 0.9358588684421247
2.178295172860535 2
	a 69 307 0.9324161437246439
	a 307 69 0.9324161437246439
0.1356157527182506 2
	a 70 92 0.9954998486103701
	a 92 70 0.9954998486103701
1.208722079564016 2
	a 71 210 0.9612898680661656
	a 210 71 0.9612898680661656
4.013319951343738 2
	a 71 119 0.8826242491885934
	a 119 71 0.8826242491885934
12.30437985486381 2
	a 71 97 0.7201515357488995
	a 97 71 0.7201515357488995
15.02447027567202 2
	a 71 315 0.6836398948348568
	a 315 71 0.6836398948348568
0.1917896373478611 2
	a 72 96 0.9936477087493498
	a 96 72 0.9936477087493498
0.7241308354215087 2
	a 72 113 0.9764356703146633
	a 113 72 0.9764356703146633
4.023315844916695 2
	a 72 170 0.88236935604263
	a 170 72 0.88236935604263
0.6773268194476793 2
	a 73 152 0.9779245988827807
	a 152 73 0.9779245988827807
3.229514003240491 2
	a 74 139 0.9031493806579802
	a 139 74 0.9031493806579802
4.699843304433126 2
	a 74 373 0.8655069198102435
	a 373 74 0.8655069198102435
2.309174816646606 2
	a 74 320 0.9286595913743765
	a 320 74 0.9286595913743765
4.133278277742407 2
	a 74 229 0.8795765211388957
	a 229 74 0.8795765211388957
2.897691477013118 2
	a 74 127 0.9121670245626612
	a 127 74 0.9121670245626612
5.231169251338248 2
	a 75 306 0.8527866494304904
	a 306 75 0.8527866494304904
0.99986533083179 2
	a 75 147 0.9677576919995778
	a 147 75 0.9677576919995778
1.250070526955394 2
	a 75 220 0.9600200443887001
	a 220 75 0.9600200443887001
2.224263723469218 2
	a 76 316 0.9310930026303341
	a 316 76 0.9310930026303341
1.511850541135075 2
	a 76 248 0.9520614230695246
	a 248 76 0.9520614230695246
1.917259675601701 2
	a 77 293 0.9400070663701082
	a 293 77 0.9400070663701082
0.3981115513613038 2
	a 78 125 0.986904170385881
	a 125 78 0.986904170385881
3.498595067768239 2
	a 79 467 0.8959818699443687
	a 467 79 0.8959818699443687
10.2576694418135 2
	a 79 97 0.7523364885791783
	a 97 79 0.7523364885791783
9.273626902629639 2
	a 79 421 0.7694455434777523
	a 421 79 0.7694455434777523
6.46612608525248 2
	a 80 122 0.824905063085126
	a 122 80 0.824905063085126
1.178427396424671 2
	a 80 215 0.9622224515190713
	a 215 80 0.9622224515190713
0.4217785570495555 2
	a 81 129 0.9861365385453571
	a 129 81 0.9861365385453571
1.166610816166222 2
	a 82 215 0.9625867208938852
	a 215 82 0.9625867208938852
8.106157656830813 2
	a 83 228 0.7912545386094205
	a 228 83 0.7912545386094205
4.460160453193478 2
	a 83 340 0.8713942133696415
	a 340 83 0.8713942133696415
1.925017800762202 2
	a 83 297 0.9397795498857318
	a 297 83 0.9397795498857318
3.534258837324526 2
	a 84 201 0.8950415078720144
	a 201 84 0.8950415078720144
0.6981164340668319 2
	a 84 159 0.9772626664842042
	a 159 84 0.9772626664842042
2.876844551176869 2
	a 84 287 0.912740250496559
	a 287 84 0.912740250496559
2.471011450223571 2
	a 85 244 0.9240595959075733
	a 244 85 0.9240595959075733
1.843510156679232 2
	a 85 286 0.9421757472716881
	a 286 85 0.9421757472716881
1.68410134343058 2
	a 85 198 0.9468999193736225
	a 198 85 0.9468999193736225
1.824403406976611 2
	a 85 186 0.9427393422329253
	a 186 85 0.9427393422329253
5.576650575770567 2
	a 85 408 0.8447540945157466
	a 408 85 0.8447540945157466
2.997158882487994 2
	a 85 234 0.9094429208918526
	a 234 85 0.9094429208918526
2.715622754217476 2
	a 86 382 0.9172003581028318
	a 382 86 0.9172003581028318
7.413966311164443 2
	a 86 535 0.8050097299816952
	a 535 86 0.8050097299816952
3.122047750123513 2
	a 87 89 0.9060480822380413
	a 89 87 0.9060480822380413
1.481545971607358 2
	a 87 257 0.9529756480534641
	a 257 87 0.9529756480534641
2.61951740790929 2
	a 87 276 0.9198819517721988
	a 276 87 0.9198819517721988
4.309936045017716 2
	a 88 109 0.8751323994112805
	a 109 88 0.8751323994112805
4.075814651140242 2
	a 88 406 0.8810334329034094
	a 406 88 0.8810334329034094
0.9763801406626829 2
	a 88 169 0.9684906241748837
	a 169 88 0.9684906241748837
3.82512655444436 2
	a 88 243 0.8874549800234364
	a 243 88 0.8874549800234364
1.025590215157039 2
	a 88 200 0.9669561786560346
	a 200 88 0.9669561786560346
0.487629339878578 2
	a 89 142 0.9840070514701087
	a 142 89 0.9840070514701087
1.220541774464252 2
	a 89 172 0.9609265242053444
	a 172 89 0.9609265242053444
1.220770282487056 2
	a 90 224 0.9609195025649143
	a 224 90 0.9609195025649143
1.356157527182502 2
	a 90 211 0.9567780459285045
	a 211 90 0.9567780459285045
2.362838553144954 2
	a 91 309 0.9271287663096373
	a 309 91 0.9271287663096373
1.61591233708054 2
	a 91 267 0.9489361215163883
	a 267 91 0.9489361215163883
2.034236290773753 2
	a 91 176 0.9365890421708762
	a 176 91 0.9365890421708762
0.8249184195643712 2
	a 92 144 0.9732451478060973
	a 144 92 0.9732451478060973
1.090487985406985 2
	a 92 212 0.9649402484598857
	a 212 92 0.9649402484598857
0.2701555345749592 2
	a 93 122 0.9910754242055927
	a 122 93 0.9910754242055927
1.192454834409708 2
	a 94 144 0.9617904004512783
	a 144 94 0.9617904004512783
2.793858180049409 2
	a 94 212 0.9150300330547785
	a 212 94 0.9150300330547785
0.4068472581547501 2
	a 94 137 0.986620689469499
	a 137 94 0.986620689469499
1.856596163670476 2
	a 95 189 0.9417901611608843
	a 189 95 0.9417901611608843
1.595847651947019 2
	a 95 265 0.9495370407968775
	a 265 95 0.9495370407968775
1.954180946745591 2
	a 95 309 0.9389253568390946
	a 309 95 0.9389253568390946
0.1356157527182506 2
	a 96 113 0.9954998486103701
	a 113 96 0.9954998486103701
2.032516646865084 2
	a 97 315 0.9366390968858282
	a 315 97 0.9366390968858282
1.754926729054513 2
	a 98 290 0.9447947692786187
	a 290 98 0.9447947692786187
1.202885742632658 2
	a 98 231 0.9614693858609824
	a 231 98 0.9614693858609824
0.5424630108730013 2
	a 99 135 0.9822409559256213
	a 135 99 0.9822409559256213
1.726106731610226 2
	a 99 287 0.9456501897302323
	a 287 99 0.9456501897302323
4.990187680363221 2
	a 99 404 0.8585000930994633
	a 404 99 0.8585000930994633
0.1917896373478611 2
	a 100 122 0.9936477087493498
	a 122 100 0.9936477087493498
0.9763801406626829 2
	a 101 210 0.9684906241748837
	a 210 101 0.9684906241748837
0.7241308354215087 2
	a 101 119 0.9764356703146633
	a 119 101 0.9764356703146633
1.754926729054513 2
	a 102 274 0.9447947692786187
	a 274 102 0.9447947692786187
1.027006667447879 2
	a 102 218 0.9669120859946405
	a 218 102 0.9669120859946405
1.92183740793733 2
	a 102 143 0.9398728045532638
	a 143 102 0.9398728045532638
0.953531833712017 2
	a 103 210 0.9692047824526964
	a 210 103 0.9692047824526964
1.220541774464252 2
	a 103 179 0.9609265242053444
	a 179 103 0.9609265242053444
2.871046720078233 2
	a 104 420 0.9128998145494193
	a 420 104 0.9128998145494193
4.070695789348641 2
	a 104 138 0.881163485591606
	a 138 104 0.881163485591606
2.790713662111656 2
	a 105 409 0.9151170468005791
	a 409 105 0.9151170468005791
3.937500502064382 2
	a 105 467 0.884563169312587
	a 467 105 0.884563169312587
3.896333097182356 2
	a 106 194 0.8856200501301347
	a 194 106 0.8856200501301347
0.2701555345749592 2
	a 106 134 0.9910754242055927
	a 134 106 0.9910754242055927
4.758517220258847 2
	a 107 351 0.8640799975836795
	a 351 107 0.8640799975836795
3.532908836752516 2
	a 107 495 0.8950770632227549
	a 495 107 0.8950770632227549
1.815014601841224 2
	a 107 194 0.9430165485390745
	a 194 107 0.9430165485390745
4.775931358792842 2
	a 107 224 0.8636575668723308
	a 224 107 0.8636575668723308
3.817443456438786 2
	a 107 134 0.8876534878298786
	a 134 107 0.8876534878298786
1.627389032619001 2
	a 108 166 0.9485927660071689
	a 166 108 0.9485927660071689
2.970738913183766 2
	a 108 381 0.9101647209965902
	a 381 108 0.9101647209965902
2.819843867028712 2
	a 108 418 0.9143116661079942
	a 418 108 0.9143116661079942
3.331367662815472 2
	a 109 283 0.9004211710931115
	a 283 109 0.9004211710931115
4.24925255236559 2
	a 109 406 0.8766530963241083
	a 406 109 0.8766530963241083
0.7884591958105146 2
	a 109 190 0.9743968235948948
	a 190 109 0.9743968235948948
1.220770282487056 2
	a 110 242 0.9609195025649143
	a 242 110 0.9609195025649143
1.067269989914409 2
	a 110 195 0.9656604710931534
	a 195 110 0.9656604710931534
0.4518359985116184 2
	a 110 150 0.9851633791903387
	a 150 110 0.9851633791903387
0.9583507903075323 2
	a 110 153 0.9690540681647766
	a 153 110 0.9690540681647766
1.13166588694827 2
	a 111 235 0.9636656478547073
	a 235 111 0.9636656478547073
0.8136945163095008 2
	a 112 133 0.9735993908395411
	a 133 112 0.9735993908395411
0.8266086393752234 2
	a 112 206 0.9731918249221194
	a 206 112 0.9731918249221194
2.207581231921138 2
	a 112 330 0.9315727163664198
	a 330 112 0.9315727163664198
0.9034705895483521 2
	a 113 215 0.9707733301235169
	a 215 113 0.9707733301235169
1.86217641285545 2
	a 113 300 0.9416258384490521
	a 300 113 0.9416258384490521
0.7671585448709205 2
	a 114 200 0.975070966213913
	a 200 114 0.975070966213913
1.211806067670806 2
	a 115 224 0.9611950369839707
	a 224 115 0.9611950369839707
0.7884591958105146 2
	a 115 205 0.9743968235948948
	a 205 115 0.9743968235948948
0.8455244466185425 2
	a 115 180 0.9725954806556316
	a 180 115 0.9725954806556316
1.63307698331426 2
	a 116 147 0.9484226933523494
	a 147 116 0.9484226933523494
0.9056588220468618 2
	a 116 220 0.9707046576993192
	a 220 116 0.9707046576993192
2.962509722185671 2
	a 117 295 0.9103898043213845
	a 295 117 0.9103898043213845
0.4518359985116184 2
	a 117 167 0.9851633791903387
	a 167 117 0.9851633791903387
1.206514340999738 2
	a 117 241 0.9613577668915408
	a 241 117 0.9613577668915408
0.6773268194476793 2
	a 117 151 0.9779245988827807
	a 151 117 0.9779245988827807
0.1917896373478611 2
	a 118 136 0.9936477087493498
	a 136 118 0.9936477087493498
0.8266086393752234 2
	a 119 210 0.9731918249221194
	a 210 119 0.9731918249221194
1.057281840000934 2
	a 120 209 0.9659706467906755
	a 209 120 0.9659706467906755
1.058859358600752 2
	a 120 235 0.9659216442099845
	a 235 120 0.9659216442099845
3.27691220607328 2
	a 121 276 0.9018774874902067
	a 276 121 0.9018774874902067
0.754358709720538 2
	a 121 205 0.9754765278968778
	a 205 121 0.9754765278968778
4.920525421324577 2
	a 121 128 0.8601688936038805
	a 128 121 0.8601688936038805
2.606228054137895 2
	a 121 180 0.9202541139276287
	a 180 121 0.9202541139276287
0.8266086393752234 2
	a 122 215 0.9731918249221194
	a 215 122 0.9731918249221194
1.726106731610226 2
	a 123 309 0.9456501897302323
	a 309 123 0.9456501897302323
0.5575248444503217 2
	a 124 181 0.9817569700886031
	a 181 124 0.9817569700886031
0.7884591958105146 2
	a 124 125 0.9743968235948948
	a 125 124 0.9743968235948948
2.223584306630199 2
	a 125 209 0.9311125291955648
	a 209 125 0.9311125291955648
0.5424630108730013 2
	a 125 181 0.9822409559256213
	a 181 125 0.9822409559256213
1.017007035400675 2
	a 125 155 0.9672234530388609
	a 155 125 0.9672234530388609
4.81540588579526 2
	a 126 312 0.8627018109947524
	a 312 126 0.8627018109947524
0.1356157527182506 2
	a 126 138 0.9954998486103701
	a 138 126 0.9954998486103701
6.166734063695062 2
	a 127 320 0.8314551459630947
	a 320 127 0.8314551459630947
9.292257089536161 2
	a 127 499 0.7691110964919992
	a 499 127 0.7691110964919992
0.9569120473074697 2
	a 127 229 0.9690990602062898
	a 229 127 0.9690990602062898
1.889172731026632 2
	a 128 276 0.9408317351490874
	a 276 128 0.9408317351490874
0.4068472581547501 2
	a 128 171 0.986620689469499
	a 171 128 0.986620689469499
0.4068472581547501 2
	a 129 171 0.986620689469499
	a 171 129 0.986620689469499
1.856596163670476 2
	a 130 277 0.9417901611608843
	a 277 130 0.9417901611608843
1.090487985406985 2
	a 130 258 0.9649402484598857
	a 258 130 0.9649402484598857
1.555485357104156 2
	a 131 292 0.9507482928019515
	a 292 131 0.9507482928019515
0.9212233289732074 2
	a 131 233 0.9702164919514231
	a 233 131 0.9702164919514231
1.511850541135075 2
	a 131 208 0.9520614230695246
	a 208 131 0.9520614230695246
3.227557510940227 2
	a 132 219 0.9032019679980707
	a 219 132 0.9032019679980707
0.3981115513613038 2
	a 132 173 0.986904170385881
	a 173 132 0.986904170385881
2.61015848344475 2
	a 132 364 0.920144009747768
	a 364 132 0.920144009747768
0.6981164340668319 2
	a 133 212 0.9772626664842042
	a 212 133 0.9772626664842042
0.8185134729050157 2
	a 134 224 0.9734472649499103
	a 224 134 0.9734472649499103
1.385168937220699 2
	a 135 287 0.9558954480381517
	a 287 135 0.9558954480381517
0.7824456497750818 2
	a 136 225 0.9745870488658112
	a 225 136 0.9745870488658112
1.637289402976268 2
	a 136 156 0.9482967813949525
	a 156 136 0.9482967813949525
0.1917896373478611 2
	a 137 144 0.9936477087493498
	a 144 137 0.9936477087493498
0.649991823536707 2
	a 137 212 0.9787963307315013
	a 212 137 0.9787963307315013
2.546331593945095 2
	a 138 420 0.9219355844181247
	a 420 138 0.9219355844181247
4.50019982884702 2
	a 139 633 0.8704041758120313
	a 633 139 0.8704041758120313
5.58634393772236 2
	a 139 445 0.844531378071034
	a 445 139 0.844531378071034
3.102601481863436 2
	a 139 373 0.9065748316034941
	a 373 139 0.9065748316034941
1.889172731026632 2
	a 140 212 0.9408317351490874
	a 212 140 0.9408317351490874
0.6780787635912512 2
	a 140 219 0.9779006413097311
	a 219 140 0.9779006413097311
2.124000872837822 2
	a 140 363 0.9339841619505455
	a 363 140 0.9339841619505455
1.355312686248317 2
	a 141 291 0.9568037736390943
	a 291 141 0.9568037736390943
6.701519912011936 2
	a 141 281 0.8198461517133049
	a 281 141 0.8198461517133049
0.5753689120435835 2
	a 142 172 0.9811842105722803
	a 172 142 0.9811842105722803
0.6981164340668319 2
	a 142 221 0.9772626664842042
	a 221 142 0.9772626664842042
2.483102688545475 2
	a 143 218 0.9237179065985165
	a 218 143 0.9237179065985165
2.706277563108164 2
	a 143 442 0.9174603602252291
	a 442 143 0.9174603602252291
0.6027356872459425 2
	a 144 212 0.9803071135846667
	a 212 144 0.9803071135846667
0.9493102690277512 2
	a 145 215 0.9693368529259123
	a 215 145 0.9693368529259123
1.42376155498319 2
	a 145 300 0.9547240090631812
	a 300 145 0.9547240090631812
2.1739616031261 2
	a 146 219 0.9325410888065907
	a 219 146 0.9325410888065907
0.2701555345749592 2
	a 146 173 0.9910754242055927
	a 173 146 0.9910754242055927
4.699843304433126 2
	a 147 658 0.8655069198102435
	a 658 147 0.8655069198102435
5.888554823110531 2
	a 147 646 0.8376594276102076
	a 646 147 0.8376594276102076
9.675281230189182 2
	a 147 622 0.7623263527345367
	a 622 147 0.7623263527345367
1.356157527182502 2
	a 147 220 0.9567780459285045
	a 220 147 0.9567780459285045
12.59385930968727 2
	a 147 545 0.7159436464923945
	a 545 147 0.7159436464923945
0.5753689120435835 2
	a 148 215 0.9811842105722803
	a 215 148 0.9811842105722803
3.529485822825506 2
	a 148 193 0.8951672304631311
	a 193 148 0.8951672304631311
4.13725734337871 2
	a 149 495 0.8794758438334322
	a 495 149 0.8794758438334322
0.4068472581547501 2
	a 149 191 0.986620689469499
	a 191 149 0.986620689469499
2.124012364012603 2
	a 149 194 0.9339838294848157
	a 194 149 0.9339838294848157
0.5294379043957786 2
	a 150 210 0.9826598871066465
	a 210 150 0.9826598871066465
2.405925508596202 2
	a 150 179 0.9259036148784782
	a 179 150 0.9259036148784782
0.8136945163095008 2
	a 151 241 0.9735993908395411
	a 241 151 0.9735993908395411
2.462725332253011 2
	a 152 321 0.9242939144772075
	a 321 152 0.9242939144772075
1.804331113799363 2
	a 152 343 0.9433321917313179
	a 343 152 0.9433321917313179
1.388432042093154 2
	a 152 288 0.9557962831808655
	a 288 152 0.9557962831808655
0.7952454894459889 2
	a 153 242 0.974182245728525
	a 242 153 0.974182245728525
0.3002129760370238 2
	a 153 167 0.9900923780751469
	a 167 153 0.9900923780751469
1.064816194648925 2
	a 153 241 0.9657366530214315
	a 241 153 0.9657366530214315
0.7671585448709205 2
	a 153 214 0.975070966213913
	a 214 153 0.975070966213913
1.413255877275242 2
	a 153 179 0.9550425995428069
	a 179 153 0.9550425995428069
0.7241308354215087 2
	a 154 235 0.9764356703146633
	a 235 154 0.9764356703146633
4.887902943515599 2
	a 154 332 0.8609530527845856
	a 332 154 0.8609530527845856
4.330359271078273 2
	a 154 182 0.8746219860466613
	a 182 154 0.8746219860466613
0.4518359985116184 2
	a 155 209 0.9851633791903387
	a 209 155 0.9851633791903387
0.6385290286129006 2
	a 156 225 0.9791623601810021
	a 225 156 0.9791623601810021
0.754358709720538 2
	a 156 223 0.9754765278968778
	a 223 156 0.9754765278968778
0.4068472581547501 2
	a 156 202 0.986620689469499
	a 202 156 0.986620689469499
2.026732571724301 2
	a 157 309 0.9368074995752547
	a 309 157 0.9368074995752547
0.9782917396282733 2
	a 157 264 0.9684309235662478
	a 264 157 0.9684309235662478
2.26136344234106 2
	a 158 332 0.930028091489649
	a 332 158 0.930028091489649
2.035573028125145 2
	a 158 382 0.9365501369124472
	a 382 158 0.9365501369124472
0.3403795954308141 2
	a 159 201 0.9887817766713458
	a 201 159 0.9887817766713458
1.200897963778241 2
	a 160 295 0.9615305431856125
	a 295 160 0.9615305431856125
1.84480046371742 2
	a 160 241 0.9421377127423307
	a 241 160 0.9421377127423307
2.37609855062641 2
	a 161 423 0.9267513513938745
	a 423 161 0.9267513513938745
1.227679281255588 2
	a 161 289 0.9607072519649303
	a 289 161 0.9607072519649303
3.649316525759815 2
	a 161 317 0.8920229288476651
	a 317 161 0.8920229288476651
0.4068472581547501 2
	a 162 210 0.986620689469499
	a 210 162 0.986620689469499
1.766150822171435 2
	a 163 353 0.9444620659100418
	a 353 163 0.9444620659100418
0.4217785570495555 2
	a 164 215 0.9861365385453571
	a 215 164 0.9861365385453571
12.36031307577865 2
	a 165 410 0.7193321454373955
	a 410 165 0.7193321454373955
5.577685581633741 2
	a 165 639 0.8447303071691457
	a 639 165 0.8447303071691457
4.490797552546863 2
	a 165 567 0.8706364247536322
	a 567 165 0.8706364247536322
11.42145799471411 2
	a 165 237 0.7334989465279682
	a 237 165 0.7334989465279682
3.603951429086528 2
	a 165 339 0.8932103340386661
	a 339 165 0.8932103340386661
1.847293601112768 2
	a 165 365 0.9420642315114247
	a 365 165 0.9420642315114247
5.160912922974297 2
	a 165 440 0.8544428914310472
	a 440 165 0.8544428914310472
1.28340913278765 2
	a 166 305 0.9589987512963922
	a 305 166 0.9589987512963922
0.6773268194476793 2
	a 167 241 0.9779245988827807
	a 241 167 0.9779245988827807
0.4068472581547501 2
	a 168 215 0.986620689469499
	a 215 168 0.986620689469499
2.604665358339847 2
	a 169 406 0.920297898164167
	a 406 169 0.920297898164167
1.494995591554789 2
	a 169 321 0.9525696734000392
	a 321 169 0.9525696734000392
1.247369671432133 2
	a 169 243 0.9601028816913757
	a 243 169 0.9601028816913757
1.166610816166222 2
	a 170 300 0.9625867208938852
	a 300 170 0.9625867208938852
2.007611500998192 2
	a 171 221 0.9373646697623632
	a 221 171 0.9373646697623632
0.953531833712017 2
	a 171 276 0.9692047824526964
	a 276 171 0.9692047824526964
0.4068472581547501 2
	a 172 221 0.986620689469499
	a 221 172 0.986620689469499
1.504934540073178 2
	a 172 276 0.9522699016125583
	a 276 172 0.9522699016125583
1.734917845282709 2
	a 173 364 0.9453884883017999
	a 364 173 0.9453884883017999
0.1917896373478611 2
	a 174 197 0.9936477087493498
	a 197 174 0.9936477087493498
1.578980655167365 2
	a 174 347 0.950042814427622
	a 347 174 0.950042814427622
1.57715557001096 2
	a 175 323 0.9500975755230336
	a 323 175 0.9500975755230336
0.8266086393752234 2
	a 175 269 0.9731918249221194
	a 269 175 0.9731918249221194
1.208722079564016 2
	a 176 309 0.9612898680661656
	a 309 176 0.9612898680661656
3.484867033201004 2
	a 176 188 0.8963444393511462
	a 188 176 0.8963444393511462
0.3002129760370238 2
	a 177 215 0.9900923780751469
	a 215 177 0.9900923780751469
2.31014525132938 2
	a 178 370 0.9286318598624685
	a 370 178 0.9286318598624685
0.4068472581547501 2
	a 178 199 0.986620689469499
	a 199 178 0.986620689469499
4.000233935311445 2
	a 178 616 0.8829581966394181
	a 616 178 0.8829581966394181
4.450715164097085 2
	a 178 490 0.871628148729082
	a 490 178 0.871628148729082
0.2701555345749592 2
	a 179 210 0.9910754242055927
	a 210 179 0.9910754242055927
0.3981115513613038 2
	a 180 224 0.986904170385881
	a 224 180 0.986904170385881
0.1917896373478611 2
	a 181 209 0.9936477087493498
	a 209 181 0.9936477087493498
5.243773266382755 2
	a 182 332 0.8524903387222839
	a 332 182 0.8524903387222839
1.590093611174937 2
	a 182 207 0.9497095175067837
	a 207 182 0.9497095175067837
1.889172731026632 2
	a 182 390 0.9408317351490874
	a 390 182 0.9408317351490874
1.455891132818389 2
	a 183 309 0.9537510454360189
	a 309 183 0.9537510454360189
0.9493102690277512 2
	a 183 292 0.9693368529259123
	a 292 183 0.9693368529259123
0.7218667123477758 2
	a 184 210 0.9765075896752901
	a 210 184 0.9765075896752901
0.5488408072586609 2
	a 184 251 0.9820359572016657
	a 251 184 0.9820359572016657
2.444748835877218 2
	a 185 385 0.924802707161031
	a 385 185 0.924802707161031
0.9493102690277512 2
	a 185 234 0.9693368529259123
	a 234 185 0.9693368529259123
3.280517844693427 2
	a 185 548 0.901780897433669
	a 548 185 0.901780897433669
4.519541365581797 2
	a 185 413 0.86992687120677
	a 413 185 0.86992687120677
2.782549309004937 2
	a 186 198 0.9153430524447089
	a 198 186 0.9153430524447089
0.4068472581547501 2
	a 186 234 0.986620689469499
	a 234 186 0.986620689469499
0.3002129760370238 2
	a 187 224 0.9900923780751469
	a 224 187 0.9900923780751469
1.088420984350353 2
	a 188 309 0.9650043216734201
	a 309 188 0.9650043216734201
1.515225646537176 2
	a 188 249 0.9519597175154471
	a 249 188 0.9519597175154471
0.6773268194476793 2
	a 189 265 0.9779245988827807
	a 265 189 0.9779245988827807
1.618531669454317 2
	a 190 283 0.9488577341662152
	a 283 190 0.9488577341662152
1.969416047529112 2
	a 190 406 0.9384797783553104
	a 406 190 0.9384797783553104
2.711414633574831 2
	a 191 495 0.9173174164845274
	a 495 191 0.9173174164845274
2.513759777660808 2
	a 192 411 0.9228527937861872
	a 411 192 0.9228527937861872
0.7602010544297412 2
	a 192 196 0.9752913707724694
	a 196 192 0.9752913707724694
2.265458970265276 2
	a 192 447 0.9299106947133113
	a 447 192 0.9299106947133113
1.362615323300689 2
	a 193 215 0.9565814362875824
	a 215 193 0.9565814362875824
0.953531833712017 2
	a 193 300 0.9692047824526964
	a 300 193 0.9692047824526964
2.693431351890878 2
	a 194 495 0.917818032291885
	a 495 194 0.917818032291885
0.4068472581547501 2
	a 195 242 0.986620689469499
	a 242 195 0.986620689469499
1.441427748955187 2
	a 196 330 0.9541887748069333
	a 330 196 0.9541887748069333
5.503276020842793 2
	a 196 352 0.8464446377897741
	a 352 196 0.8464446377897741
4.68973312294483 2
	a 196 411 0.8657533589386917
	a 411 196 0.8657533589386917
1.247552748177777 2
	a 196 266 0.9600972661164291
	a 266 196 0.9600972661164291
0.9849989873620122 2
	a 196 201 0.9682215115723076
	a 201 196 0.9682215115723076
0.8266086393752234 2
	a 196 287 0.9731918249221194
	a 287 196 0.9731918249221194
2.820674875156118 2
	a 196 447 0.9142887136530016
	a 447 196 0.9142887136530016
1.810321306802178 2
	a 197 394 0.9431551840511537
	a 394 197 0.9431551840511537
1.548267154419426 2
	a 197 347 0.9509652511685629
	a 347 197 0.9509652511685629
0.4068472581547501 2
	a 198 244 0.986620689469499
	a 244 198 0.986620689469499
3.062137488767611 2
	a 198 234 0.9076730883445245
	a 234 198 0.9076730883445245
0.1516230224745966 2
	a 199 219 0.9949713573345427
	a 219 199 0.9949713573345427
0.3981115513613038 2
	a 200 243 0.986904170385881
	a 243 200 0.986904170385881
0.5424630108730013 2
	a 201 238 0.9822409559256213
	a 238 201 0.9822409559256213
0.8136945163095008 2
	a 201 287 0.9735993908395411
	a 287 201 0.9735993908395411
0.1917896373478611 2
	a 202 223 0.9936477087493498
	a 223 202 0.9936477087493498
1.117831922916585 2
	a 203 316 0.9640934673653838
	a 316 203 0.9640934673653838
0.9034705895483521 2
	a 204 300 0.9707733301235169
	a 300 204 0.9707733301235169
0.6981164340668319 2
	a 205 276 0.9772626664842042
	a 276 205 0.9772626664842042
1.220541774464252 2
	a 206 330 0.9609265242053444
	a 330 206 0.9609265242053444
3.003326203225438 2
	a 207 332 0.9092746111071168
	a 332 207 0.9092746111071168
1.723839502935758 2
	a 207 390 0.9457175542137228
	a 390 207 0.9457175542137228
3.770965637034972 2
	a 207 415 0.8888565032383871
	a 415 207 0.8888565032383871
0.7884591958105146 2
	a 208 292 0.9743968235948948
	a 292 208 0.9743968235948948
0.4068472581547501 2
	a 209 235 0.986620689469499
	a 235 209 0.986620689469499
1.220770282487056 2
	a 209 332 0.9609195025649143
	a 332 209 0.9609195025649143
1.328070587127958 2
	a 210 331 0.9576341470266612
	a 331 210 0.9576341470266612
1.536138391218745 2
	a 210 295 0.9513300420136241
	a 295 210 0.9513300420136241
2.569178472409831 2
	a 210 369 0.9212934128616468
	a 369 210 0.9212934128616468
1.99557254254896 2
	a 210 268 0.9377158383394049
	a 268 210 0.9377158383394049
1.453744046139253 2
	a 210 251 0.9538159996063358
	a 251 210 0.9538159996063358
0.3002129760370238 2
	a 210 242 0.9900923780751469
	a 242 210 0.9900923780751469
0.1356157527182506 2
	a 211 224 0.9954998486103701
	a 224 211 0.9954998486103701
1.654092624187943 2
	a 212 330 0.9477948739037747
	a 330 212 0.9477948739037747
2.441083548928503 2
	a 212 352 0.92490652143204
	a 352 212 0.92490652143204
1.428089202829759 2
	a 212 363 0.9545928356279318
	a 363 212 0.9545928356279318
2.281255583552399 2
	a 212 411 0.9294581908232713
	a 411 212 0.9294581908232713
1.511850541135075 2
	a 213 373 0.9520614230695246
	a 373 213 0.9520614230695246
0.2712315054364995 2
	a 214 241 0.9910401999457994
	a 241 214 0.9910401999457994
0.8136945163095008 2
	a 215 300 0.9735993908395411
	a 300 215 0.9735993908395411
3.664091061885526 2
	a 215 374 0.8916369884869029
	a 374 215 0.8916369884869029
6.706219002364148 2
	a 216 400 0.8197459683421009
	a 400 216 0.8197459683421009
6.664220896750423 2
	a 216 494 0.8206424711336022
	a 494 216 0.8206424711336022
3.25766478667089 2
	a 216 570 0.9023934921146607
	a 570 216 0.9023934921146607
2.292869065659576 2
	a 216 316 0.9291258191719547
	a 316 216 0.9291258191719547
4.676489480723152 2
	a 216 248 0.8660764286468365
	a 248 216 0.8660764286468365
0.6981164340668319 2
	a 217 291 0.9772626664842042
	a 291 217 0.9772626664842042
8.11596503546644 2
	a 217 281 0.7910641712803855
	a 281 217 0.7910641712803855
1.178382435282119 2
	a 217 273 0.9622238369911166
	a 273 217 0.9622238369911166
10.4126622535527 2
	a 217 329 0.7497425568924192
	a 329 217 0.7497425568924192
5.298354348517217 2
	a 217 514 0.8512100491792443
	a 514 217 0.8512100491792443
0.5753689120435835 2
	a 218 274 0.9811842105722803
	a 274 218 0.9811842105722803
3.92122283709974 2
	a 218 348 0.8849807151891951
	a 348 218 0.8849807151891951
1.381814599110866 2
	a 219 363 0.9559974079363562
	a 363 219 0.9559974079363562
0.5424630108730013 2
	a 219 252 0.9822409559256213
	a 252 219 0.9822409559256213
1.368741294795127 2
	a 220 362 0.9563950073678761
	a 362 220 0.9563950073678761
0.5424630108730013 2
	a 221 276 0.9822409559256213
	a 276 221 0.9822409559256213
0.8266086393752234 2
	a 222 309 0.9731918249221194
	a 309 222 0.9731918249221194
1.342527456914504 2
	a 223 367 0.9571932956869043
	a 367 223 0.9571932956869043
1.220541774464252 2
	a 224 351 0.9609265242053444
	a 351 224 0.9609265242053444
7.293115045444626 2
	a 225 637 0.807477043361853
	a 637 225 0.807477043361853
2.321226816810722 2
	a 225 416 0.9283153160020858
	a 416 225 0.9283153160020858
3.798923873219659 2
	a 225 638 0.8881323954765814
	a 638 225 0.8881323954765814
10.463427619225 2
	a 226 368 0.7488987673922531
	a 368 226 0.7488987673922531
5.277301485639939 2
	a 226 274 0.8517033270624235
	a 274 226 0.8517033270624235
0.3002129760370238 2
	a 226 260 0.9900923780751469
	a 260 226 0.9900923780751469
1.940539584205918 2
	a 227 391 0.9393247077292799
	a 391 227 0.9393247077292799
0.6981164340668319 2
	a 227 305 0.9772626664842042
	a 305 227 0.9772626664842042
1.68410134343058 2
	a 228 404 0.9468999193736225
	a 404 228 0.9468999193736225
1.058859358600752 2
	a 228 340 0.9659216442099845
	a 340 228 0.9659216442099845
7.475884928804974 2
	a 229 373 0.8037532729786907
	a 373 229 0.8037532729786907
4.31515252754865 2
	a 229 625 0.8750019639858446
	a 625 229 0.8750019639858446
2.338634292090733 2
	a 229 486 0.9278185450903933
	a 486 229 0.9278185450903933
8.705478128055525 2
	a 229 419 0.7798469621181874
	a 419 229 0.7798469621181874
3.062137488767611 2
	a 229 443 0.9076730883445245
	a 443 229 0.9076730883445245
3.142676565144668 2
	a 229 574 0.9054900466612044
	a 574 229 0.9054900466612044
2.931309039928191 2
	a 230 514 0.9112443221903954
	a 514 230 0.9112443221903954
1.027006667447879 2
	a 230 335 0.9669120859946405
	a 335 230 0.9669120859946405
0.3002129760370238 2
	a 231 262 0.9900923780751469
	a 262 231 0.9900923780751469
4.226269217330468 2
	a 232 311 0.8772306549722327
	a 311 232 0.8772306549722327
0.4217785570495555 2
	a 232 276 0.9861365385453571
	a 276 232 0.9861365385453571
0.5157162799331211 2
	a 233 292 0.9831016142972682
	a 292 233 0.9831016142972682
8.093204159991551 2
	a 234 408 0.7915061648914778
	a 408 234 0.7915061648914778
1.754926729054513 2
