3.25844335218672 2
	a 0 41 0.9023726066769044
	a 41 0 0.9023726066769044
0.3981115513613038 2
	a 0 22 0.986904170385881
	a 22 0 0.986904170385881
2.974160503145372 2
	a 0 28 0.9100711706338973
	a 28 0 0.9100711706338973
8.520542158249087 2
	a 0 129 0.7833185702727163
	a 129 0 0.7833185702727163
6.929131474006904 2
	a 1 595 0.8150294101916369
	a 595 1 0.8150294101916369
8.553374813351628 2
	a 1 175 0.7826991084124979
	a 175 1 0.7826991084124979
11.6855871494829 2
	a 1 705 0.7294233427357438
	a 705 1 0.7294233427357438
4.707113909044707 2
	a 2 82 0.8653297989864448
	a 82 2 0.8653297989864448
5.084805575013494 2
	a 2 45 0.8562458420542061
	a 45 2 0.8562458420542061
0.4217785570495555 2
	a 2 25 0.9861365385453571
	a 25 2 0.9861365385453571
0.4068472581547501 2
	a 3 24 0.986620689469499
	a 24 3 0.986620689469499
0.1516230224745966 2
	a 4 12 0.9949713573345427
	a 12 4 0.9949713573345427
7.534362102337703 2
	a 5 47 0.8025714026996481
	a 47 5 0.8025714026996481
7.475884928804974 2
	a 5 34 0.8037532729786907
	a 34 5 0.8037532729786907
5.650429912076535 2
	a 5 53 0.8430625427594207
	a 53 5 0.8430625427594207
0.3981115513613038 2
	a 5 29 0.986904170385881
	a 29 5 0.986904170385881
3.177207219881741 2
	a 5 44 0.9045576644784961
	a 44 5 0.9045576644784961
2.55259986704886 2
	a 6 42 0.9217593007554729
	a 42 6 0.9217593007554729
1.534317094262365 2
	a 6 90 0.9513848457428085
	a 90 6 0.9513848457428085
3.353001435769521 2
	a 6 11 0.8998440793021428
	a 11 6 0.8998440793021428
5.706452399800335 2
	a 7 472 0.8417836513293213
	a 472 7 0.8417836513293213
0.3002129760370238 2
	a 8 25 0.9900923780751469
	a 25 8 0.9900923780751469
2.55807635662143 2
	a 9 155 0.9216053448342681
	a 155 9 0.9216053448342681
1.088420984350353 2
	a 10 64 0.9650043216734201
	a 64 10 0.9650043216734201
3.316888434511829 2
	a 11 211 0.9008078770067831
	a 211 11 0.9008078770067831
2.793858180049409 2
	a 11 118 0.9150300330547785
	a 118 11 0.9150300330547785
3.009435543708067 2
	a 11 109 0.9091079518520152
	a 109 11 0.9091079518520152
1.017007035400675 2
	a 12 59 0.9672234530388609
	a 59 12 0.9672234530388609
0.2701555345749592 2
	a 13 29 0.9910754242055927
	a 29 13 0.9910754242055927
1.200526638806247 2
	a 14 81 0.9615419685147637
	a 81 14 0.9615419685147637
0.1917896373478611 2
	a 15 30 0.9936477087493498
	a 30 15 0.9936477087493498
0.487629339878578 2
	a 16 41 0.9840070514701087
	a 41 16 0.9840070514701087
0.3981115513613038 2
	a 16 28 0.986904170385881
	a 28 16 0.986904170385881
0.4217785570495555 2
	a 16 40 0.9861365385453571
	a 40 16 0.9861365385453571
4.746551345138756 2
	a 17 37 0.864370549177395
	a 37 17 0.864370549177395
1.487138706482632 2
	a 17 75 0.9528067880214321
	a 75 17 0.9528067880214321
2.493265276481146 2
	a 17 165 0.9234309324571102
	a 165 17 0.9234309324571102
1.277257733339577 2
	a 18 89 0.9591870222090993
	a 89 18 0.9591870222090993
1.058859358600752 2
	a 18 70 0.9659216442099845
	a 70 18 0.9659216442099845
7.924812127639166 2
	a 18 88 0.7947970902197719
	a 88 18 0.7947970902197719
0.6828977201867652 2
	a 19 52 0.9777471338060886
	a 52 19 0.9777471338060886
11.97083781130248 2
	a 20 60 0.7251016874510687
	a 60 20 0.7251016874510687
0.2354381640695419 2
	a 20 37 0.9922133303644988
	a 37 20 0.9922133303644988
0.4068472581547501 2
	a 21 41 0.986620689469499
	a 41 21 0.986620689469499
3.062137488767611 2
	a 22 41 0.9076730883445245
	a 41 22 0.9076730883445245
0.1356157527182506 2
	a 22 33 0.9954998486103701
	a 33 22 0.9954998486103701
1.00519166664295 2
	a 23 76 0.9675916258490693
	a 76 23 0.9675916258490693
0.9493102690277512 2
	a 23 30 0.9693368529259123
	a 30 23 0.9693368529259123
4.257758250321903 2
	a 24 152 0.8764395770360724
	a 152 24 0.8764395770360724
1.057281840000934 2
	a 24 80 0.9659706467906755
	a 80 24 0.9659706467906755
1.064816194648925 2
	a 25 82 0.9657366530214315
	a 82 25 0.9657366530214315
5.713376058631737 2
	a 26 520 0.841625928173102
	a 520 26 0.841625928173102
5.124264682504828 2
	a 26 203 0.8553099307364347
	a 203 26 0.8553099307364347
4.197782436831663 2
	a 26 60 0.8779477414639332
	a 60 26 0.8779477414639332
6.431853321951299 2
	a 26 56 0.8256482714434332
	a 56 26 0.8256482714434332
0.9302638502529895 2
	a 27 44 0.9699331771903307
	a 44 27 0.9699331771903307
2.967496516836749 2
	a 27 42 0.9102533916859645
	a 42 27 0.9102533916859645
0.7522177754760512 2
	a 27 62 0.9755443970056075
	a 62 27 0.9755443970056075
0.6981164340668319 2
	a 28 41 0.9772626664842042
	a 41 28 0.9772626664842042
0.2701555345749592 2
	a 28 40 0.9910754242055927
	a 40 28 0.9910754242055927
0.5424630108730013 2
	a 29 53 0.9822409559256213
	a 53 29 0.9822409559256213
0.3403795954308141 2
	a 29 31 0.9887817766713458
	a 31 29 0.9887817766713458
0.5294379043957786 2
	a 30 51 0.9826598871066465
	a 51 30 0.9826598871066465
2.054273961249331 2
	a 30 123 0.9360062163825649
	a 123 30 0.9360062163825649
0.5308290191434861 2
	a 31 53 0.9826151268297626
	a 53 31 0.9826151268297626
0.5424630108730013 2
	a 32 38 0.9822409559256213
	a 38 32 0.9822409559256213
1.767823741932766 2
	a 32 135 0.944412498715943
	a 135 32 0.944412498715943
0.2701555345749592 2
	a 33 41 0.9910754242055927
	a 41 33 0.9910754242055927
2.33752626166525 2
	a 34 168 0.9278501486552724
	a 168 34 0.9278501486552724
0.4068472581547501 2
	a 34 47 0.986620689469499
	a 47 34 0.986620689469499
4.049306938444003 2
	a 34 126 0.8817073832085243
	a 126 34 0.8817073832085243
3.920906626369651 2
	a 35 101 0.8849888309436058
	a 101 35 0.8849888309436058
3.571446267944701 2
	a 35 150 0.8940633489691538
	a 150 35 0.8940633489691538
0.9493102690277512 2
	a 35 83 0.9693368529259123
	a 83 35 0.9693368529259123
0.6780787635912512 2
	a 35 44 0.9779006413097311
	a 44 35 0.9779006413097311
1.871597101254301 2
	a 36 134 0.9413485642344381
	a 134 36 0.9413485642344381
6.6321350233518 2
	a 36 82 0.8213290781336442
	a 82 36 0.8213290781336442
1.250070526955394 2
	a 36 100 0.9600200443887001
	a 100 36 0.9600200443887001
1.057281840000934 2
	a 37 56 0.9659706467906755
	a 56 37 0.9659706467906755
4.155175127174624 2
	a 37 84 0.8790228233830102
	a 84 37 0.8790228233830102
0.8266086393752234 2
	a 37 75 0.9731918249221194
	a 75 37 0.9731918249221194
0.8577887261203904 2
	a 38 81 0.972209235706611
	a 81 38 0.972209235706611
1.881164616308095 2
	a 38 135 0.9410671467240357
	a 135 38 0.9410671467240357
3.462562681034489 2
	a 38 155 0.8969342247988557
	a 155 38 0.8969342247988557
0.5753689120435835 2
	a 39 59 0.9811842105722803
	a 59 39 0.9811842105722803
0.5531049100840296 2
	a 40 41 0.9818989466176935
	a 41 40 0.9818989466176935
1.871597101254301 2
	a 40 152 0.9413485642344381
	a 152 40 0.9413485642344381
1.898620538055502 2
	a 40 129 0.9405541630287988
	a 129 40 0.9405541630287988
0.4068472581547501 2
	a 41 59 0.986620689469499
	a 59 41 0.986620689469499
3.687426075690598 2
	a 42 105 0.8910282051730525
	a 105 42 0.8910282051730525
2.493265276481146 2
	a 42 83 0.9234309324571102
	a 83 42 0.9234309324571102
1.578980655167365 2
	a 42 71 0.950042814427622
	a 71 42 0.950042814427622
1.555485357104156 2
	a 42 62 0.9507482928019515
	a 62 42 0.9507482928019515
0.8266086393752234 2
	a 42 90 0.9731918249221194
	a 90 42 0.9731918249221194
0.4068472581547501 2
	a 43 64 0.986620689469499
	a 64 43 0.986620689469499
1.126737926931244 2
	a 44 83 0.9638180012646471
	a 83 44 0.9638180012646471
0.487629339878578 2
	a 44 71 0.9840070514701087
	a 71 44 0.9840070514701087
0.4217785570495555 2
	a 44 62 0.9861365385453571
	a 62 44 0.9861365385453571
0.5753689120435835 2
	a 45 82 0.9811842105722803
	a 82 45 0.9811842105722803
3.010007715609834 2
	a 46 241 0.90909234681132
	a 241 46 0.90909234681132
1.988089663120175 2
	a 47 168 0.9379342511362536
	a 168 47 0.9379342511362536
0.6981164340668319 2
	a 47 91 0.9772626664842042
	a 91 47 0.9772626664842042
2.762626722057115 2
	a 47 53 0.9158950661532981
	a 53 47 0.9158950661532981
0.4068472581547501 2
	a 48 74 0.986620689469499
	a 74 48 0.986620689469499
2.985088393376259 2
	a 48 92 0.909772531914175
	a 92 48 0.909772531914175
0.1917896373478611 2
	a 49 59 0.9936477087493498
	a 59 49 0.9936477087493498
1.356157527182502 2
	a 50 92 0.9567780459285045
	a 92 50 0.9567780459285045
4.997878214632568 2
	a 50 133 0.8583163363929605
	a 133 50 0.8583163363929605
1.545598435309036 2
	a 50 146 0.9510454916119191
	a 146 50 0.9510454916119191
1.385168937220699 2
	a 51 139 0.9558954480381517
	a 139 51 0.9558954480381517
1.534637757709666 2
	a 52 146 0.9513751963379029
	a 146 52 0.9513751963379029
4.628594964920142 2
	a 53 183 0.8672471669367727
	a 183 53 0.8672471669367727
2.045198491790077 2
	a 53 91 0.9362700936082269
	a 91 53 0.9362700936082269
0.4068472581547501 2
	a 53 79 0.986620689469499
	a 79 53 0.986620689469499
0.1917896373478611 2
	a 54 66 0.9936477087493498
	a 66 54 0.9936477087493498
0.4217785570495555 2
	a 54 63 0.9861365385453571
	a 63 54 0.9861365385453571
1.92702906826499 2
	a 54 90 0.9397205862177387
	a 90 54 0.9397205862177387
6.440925853069248 2
	a 55 658 0.8254513673916286
	a 658 55 0.8254513673916286
8.190326353213621 2
	a 55 252 0.7896248142892494
	a 252 55 0.7896248142892494
11.0666836957578 2
	a 55 325 0.7390874023698394
	a 325 55 0.7390874023698394
1.21946580360271 2
	a 56 138 0.9609595882918205
	a 138 56 0.9609595882918205
11.72906454720675 2
	a 56 60 0.7287593235335749
	a 60 56 0.7287593235335749
0.2712315054364995 2
	a 57 74 0.9910401999457994
	a 74 57 0.9910401999457994
1.465260119971778 2
	a 58 152 0.9534677214128324
	a 152 58 0.9534677214128324
6.062734470174844 2
	a 59 390 0.8337612110831084
	a 390 59 0.8337612110831084
7.207532310731379 2
	a 59 188 0.809236372611694
	a 188 59 0.809236372611694
1.017007035400675 2
	a 59 130 0.9672234530388609
	a 130 59 0.9672234530388609
1.936327367967538 2
	a 59 152 0.9394480937639456
	a 152 59 0.9394480937639456
4.963429865095818 2
	a 60 520 0.8591401757878387
	a 520 60 0.8591401757878387
1.633020205519121 2
	a 61 166 0.9484243907190164
	a 166 61 0.9484243907190164
7.09296583611401 2
	a 61 289 0.8116072900767515
	a 289 61 0.8116072900767515
2.96859808743188 2
	a 61 86 0.91022326458736
	a 86 61 0.91022326458736
0.1356157527182506 2
	a 62 71 0.9954998486103701
	a 71 62 0.9954998486103701
3.644254089162394 2
	a 63 347 0.8921552572580171
	a 347 63 0.8921552572580171
0.6780787635912512 2
	a 63 66 0.9779006413097311
	a 66 63 0.9779006413097311
0.8266086393752234 2
	a 63 106 0.9731918249221194
	a 106 63 0.9731918249221194
3.367722855725418 2
	a 63 90 0.8994518536303675
	a 90 63 0.8994518536303675
2.612936798165439 2
	a 64 238 0.9200661974684177
	a 238 64 0.9200661974684177
0.4217785570495555 2
	a 65 82 0.9861365385453571
	a 82 65 0.9861365385453571
0.5294379043957786 2
	a 65 100 0.9826598871066465
	a 100 65 0.9826598871066465
3.579538568402 2
	a 66 347 0.8938508143694988
	a 347 66 0.8938508143694988
3.689712263447297 2
	a 66 160 0.8909686121215187
	a 160 66 0.8909686121215187
2.789143191010452 2
	a 66 90 0.9151605110308911
	a 90 66 0.9151605110308911
3.951591828630526 2
	a 67 325 0.8842020719369049
	a 325 67 0.8842020719369049
0.5157162799331211 2
	a 67 102 0.9831016142972682
	a 102 67 0.9831016142972682
3.10522487818927 2
	a 67 259 0.9065037306932437
	a 259 67 0.9065037306932437
0.9397593081368385 2
	a 68 136 0.9696357892819247
	a 136 68 0.9696357892819247
0.9056588220468618 2
	a 68 87 0.9707046576993192
	a 87 68 0.9707046576993192
0.99986533083179 2
	a 69 137 0.9677576919995778
	a 137 69 0.9677576919995778
2.500368558377023 2
	a 69 74 0.923230463308707
	a 74 69 0.923230463308707
1.877706360367478 2
	a 70 143 0.9411688466524225
	a 143 70 0.9411688466524225
0.2701555345749592 2
	a 70 89 0.9910754242055927
	a 89 70 0.9910754242055927
0.1516230224745966 2
	a 71 83 0.9949713573345427
	a 83 71 0.9949713573345427
2.065637602975802 2
	a 72 209 0.9356760335720962
	a 209 72 0.9356760335720962
2.112908977956649 2
	a 72 102 0.9343051944114906
	a 102 72 0.9343051944114906
5.853392185404212 2
	a 72 259 0.8384518891566695
	a 259 72 0.8384518891566695
3.073976246722156 2
	a 73 242 0.9073514590830866
	a 242 73 0.9073514590830866
4.027903680625902 2
	a 73 230 0.8822524240733131
	a 230 73 0.8822524240733131
2.960745903705816 2
	a 73 234 0.9104380640334284
	a 234 73 0.9104380640334284
2.234721917581615 2
	a 73 222 0.9307925437642766
	a 222 73 0.9307925437642766
1.355312686248317 2
	a 73 102 0.9568037736390943
	a 102 73 0.9568037736390943
0.9337457621014058 2
	a 74 137 0.9698241054569177
	a 137 74 0.9698241054569177
5.251230668132128 2
	a 74 176 0.8523151381393553
	a 176 74 0.8523151381393553
0.2701555345749592 2
	a 75 84 0.9910754242055927
	a 84 75 0.9910754242055927
1.206514340999738 2
	a 75 153 0.9613577668915408
	a 153 75 0.9613577668915408
0.6981164340668319 2
	a 76 121 0.9772626664842042
	a 121 76 0.9772626664842042
0.4068472581547501 2
	a 77 102 0.986620689469499
	a 102 77 0.986620689469499
1.199592341201047 2
	a 78 152 0.9615707172471424
	a 152 78 0.9615707172471424
3.604786451440213 2
	a 78 215 0.8931884453533483
	a 215 78 0.8931884453533483
4.808924967191235 2
	a 78 120 0.8628585542479623
	a 120 78 0.8628585542479623
3.777721819452816 2
	a 79 186 0.8886813969783257
	a 186 79 0.8886813969783257
0.1917896373478611 2
	a 79 91 0.9936477087493498
	a 91 79 0.9936477087493498
1.151286064329106 2
	a 80 152 0.9630595641730102
	a 152 80 0.9630595641730102
1.332543176570506 2
	a 80 129 0.9574977133910906
	a 129 80 0.9574977133910906
0.4068472581547501 2
	a 81 104 0.986620689469499
	a 104 81 0.986620689469499
2.646678114975391 2
	a 81 177 0.9191223536408548
	a 177 81 0.9191223536408548
4.696914650609499 2
	a 81 122 0.8655782896598205
	a 122 81 0.8655782896598205
2.305467796210252 2
	a 81 111 0.9287655411234643
	a 111 81 0.9287655411234643
1.084926021746002 2
	a 82 146 0.9651126791441141
	a 146 82 0.9651126791441141
4.30123298093595 2
	a 82 134 0.8753501159859645
	a 134 82 0.8753501159859645
2.034236290773753 2
	a 82 100 0.9365890421708762
	a 100 82 0.9365890421708762
2.334951470025192 2
	a 83 150 0.9279235966245962
	a 150 83 0.9279235966245962
0.6780787635912512 2
	a 83 127 0.9779006413097311
	a 127 83 0.9779006413097311
3.193354223589163 2
	a 83 105 0.9041224058507361
	a 105 83 0.9041224058507361
2.970562897498311 2
	a 84 138 0.9101695340531302
	a 138 84 0.9101695340531302
3.752702408273205 2
	a 84 161 0.889330243265556
	a 161 84 0.889330243265556
1.090229203427647 2
	a 84 153 0.9649482697395955
	a 153 84 0.9649482697395955
5.333346236949811 2
	a 85 553 0.8503917038747926
	a 553 85 0.8503917038747926
3.371944791092742 2
	a 85 158 0.8993394387908236
	a 158 85 0.8993394387908236
8.622434653655125 2
	a 85 173 0.7814005562809512
	a 173 85 0.7814005562809512
4.291434051161716 2
	a 85 466 0.8755953980557872
	a 466 85 0.8755953980557872
1.843101546416292 2
	a 85 203 0.9421877926056395
	a 203 85 0.9421877926056395
4.047121861272005 2
	a 85 170 0.8817629912646512
	a 170 85 0.8817629912646512
1.287882065790105 2
	a 86 166 0.9588619003240634
	a 166 86 0.9588619003240634
1.984278394854708 2
	a 87 136 0.9380455376013218
	a 136 87 0.9380455376013218
0.1356157527182506 2
	a 87 96 0.9954998486103701
	a 96 87 0.9954998486103701
0.1356157527182506 2
	a 88 97 0.9954998486103701
	a 97 88 0.9954998486103701
1.633020205519121 2
	a 89 93 0.9484243907190164
	a 93 89 0.9484243907190164
0.9056588220468618 2
	a 89 143 0.9707046576993192
	a 143 89 0.9707046576993192
4.762184301856023 2
	a 90 105 0.8639910010587708
	a 105 90 0.8639910010587708
3.496324801300909 2
	a 90 106 0.8960418067707402
	a 106 90 0.8960418067707402
1.555485357104156 2
	a 90 189 0.9507482928019515
	a 189 90 0.9507482928019515
4.018781378526705 2
	a 91 257 0.882484962915168
	a 257 91 0.882484962915168
4.296427364409976 2
	a 91 247 0.8754703878323087
	a 247 91 0.8754703878323087
3.521079662311165 2
	a 91 168 0.8953887484724838
	a 168 91 0.8953887484724838
1.515971031398842 2
	a 91 186 0.951937259144688
	a 186 91 0.951937259144688
0.9302638502529895 2
	a 92 146 0.9699331771903307
	a 146 92 0.9699331771903307
1.85137654389513 2
	a 93 213 0.9419439196888177
	a 213 93 0.9419439196888177
4.234557554878847 2
	a 93 143 0.8770222715491393
	a 143 93 0.8770222715491393
0.4068472581547501 2
	a 94 117 0.986620689469499
	a 117 94 0.986620689469499
1.787496262473629 2
	a 95 208 0.9438300331509841
	a 208 95 0.9438300331509841
1.670143268382533 2
	a 95 117 0.9473159704269007
	a 117 95 0.9473159704269007
2.212559984558081 2
	a 95 236 0.9314294938834025
	a 236 95 0.9314294938834025
1.824159615058476 2
	a 95 213 0.9427465380429664
	a 213 95 0.9427465380429664
1.084926021746002 2
	a 96 154 0.9651126791441141
	a 154 96 0.9651126791441141
2.047798761109545 2
	a 96 231 0.9361944721803248
	a 231 96 0.9361944721803248
2.312028244412198 2
	a 96 136 0.9285780558511455
	a 136 96 0.9285780558511455
1.786523151639998 2
	a 97 213 0.9438588271392021
	a 213 97 0.9438588271392021
1.68410134343058 2
	a 97 143 0.9468999193736225
	a 143 97 0.9468999193736225
2.167445876478873 2
	a 98 243 0.9327290175866115
	a 243 98 0.9327290175866115
0.8266086393752234 2
	a 99 153 0.9731918249221194
	a 153 99 0.9731918249221194
1.954180946745591 2
	a 99 187 0.9389253568390946
	a 187 99 0.9389253568390946
1.775246850978804 2
	a 99 165 0.9441926249626991
	a 165 99 0.9441926249626991
0.4498654971040983 2
	a 100 134 0.9852271177182471
	a 134 100 0.9852271177182471
2.931309039928191 2
	a 101 269 0.9112443221903954
	a 269 101 0.9112443221903954
0.7884591958105146 2
	a 101 150 0.9743968235948948
	a 150 101 0.9743968235948948
1.804331113799363 2
	a 102 222 0.9433321917313179
	a 222 102 0.9433321917313179
0.9006357637435058 2
	a 103 132 0.9708623092235582
	a 132 103 0.9708623092235582
1.250070526955394 2
	a 103 182 0.9600200443887001
	a 182 103 0.9600200443887001
5.686884877495753 2
	a 103 563 0.842229799547942
	a 563 103 0.842229799547942
3.504744279282169 2
	a 104 110 0.8958195714619669
	a 110 104 0.8958195714619669
1.206514340999738 2
	a 104 177 0.9613577668915408
	a 177 104 0.9613577668915408
3.378708712649539 2
	a 105 160 0.8991594060088934
	a 160 105 0.8991594060088934
2.059344055616256 2
	a 105 150 0.9358588684421247
	a 150 105 0.9358588684421247
0.2701555345749592 2
	a 105 127 0.9910754242055927
	a 127 105 0.9910754242055927
2.742020111855205 2
	a 106 314 0.9164668046173101
	a 314 106 0.9164668046173101
1.955522552702507 2
	a 106 189 0.9388861009364274
	a 189 106 0.9388861009364274
3.360768326228172 2
	a 107 276 0.8996370965495475
	a 276 107 0.8996370965495475
2.799035284286278 2
	a 107 325 0.9148868141886631
	a 325 107 0.9148868141886631
0.4068472581547501 2
	a 108 119 0.986620689469499
	a 119 108 0.986620689469499
0.726203378641899 2
	a 108 155 0.9763698459609977
	a 155 108 0.9763698459609977
1.490124526866554 2
	a 109 118 0.9527166636757232
	a 118 109 0.9527166636757232
1.241984880711027 2
	a 109 114 0.9602680818570846
	a 114 109 0.9602680818570846
1.381814599110866 2
	a 109 200 0.9559974079363562
	a 200 109 0.9559974079363562
2.360073257536528 2
	a 110 281 0.9272075160550722
	a 281 110 0.9272075160550722
0.1356157527182506 2
	a 111 119 0.9954998486103701
	a 119 111 0.9954998486103701
1.539937485710144 2
	a 112 213 0.9512157467897526
	a 213 112 0.9512157467897526
7.094659193169276 2
	a 113 740 0.811572114568737
	a 740 113 0.811572114568737
3.443857494096192 2
	a 113 253 0.8974295154766345
	a 253 113 0.8974295154766345
2.71393317180066 2
	a 113 322 0.9172473537088366
	a 322 113 0.9172473537088366
1.2777003560333 2
	a 113 145 0.9591734726358991
	a 145 113 0.9591734726358991
4.813551069145332 2
	a 113 202 0.8627466634583314
	a 202 113 0.8627466634583314
7.094863837340128 2
	a 113 114 0.8115678638365968
	a 114 113 0.8115678638365968
2.037825519887818 2
	a 113 171 0.9364845867951144
	a 171 113 0.9364845867951144
2.744018681203014 2
	a 113 224 0.916411319127773
	a 224 113 0.916411319127773
2.427625710666457 2
	a 114 202 0.9252879140465886
	a 202 114 0.9252879140465886
2.207576901258101 2
	a 114 118 0.9315728409661719
	a 118 114 0.9315728409661719
0.9131757184269528 2
	a 114 171 0.9704688342504318
	a 171 114 0.9704688342504318
3.207082778016787 2
	a 114 200 0.9037527072944916
	a 200 114 0.9037527072944916
3.935533644200084 2
	a 114 481 0.8846135980249772
	a 481 114 0.8846135980249772
1.489421924254346 2
	a 115 213 0.9527378694997275
	a 213 115 0.9527378694997275
1.40114626753937 2
	a 116 152 0.9554101070881892
	a 152 116 0.9554101070881892
3.70158967641189 2
	a 116 174 0.8906591549452194
	a 174 116 0.8906591549452194
1.127108817932829 2
	a 116 142 0.9638065330115606
	a 142 116 0.9638065330115606
1.474117248069159 2
	a 116 215 0.953200039004084
	a 215 116 0.953200039004084
1.441427748955187 2
	a 117 213 0.9541887748069333
	a 213 117 0.9541887748069333
3.309422633626836 2
	a 118 418 0.901007416780329
	a 418 118 0.901007416780329
3.091902470338413 2
	a 118 211 0.9068649316379227
	a 211 118 0.9068649316379227
2.312028244412198 2
	a 118 202 0.9285780558511455
	a 202 118 0.9285780558511455
0.5753689120435835 2
	a 119 155 0.9811842105722803
	a 155 119 0.9811842105722803
1.027006667447879 2
	a 120 183 0.9669120859946405
	a 183 120 0.9669120859946405
2.285230558113497 2
	a 120 125 0.9293444002088587
	a 125 120 0.9293444002088587
0.7671585448709205 2
	a 121 167 0.975070966213913
	a 167 121 0.975070966213913
2.034895672645569 2
	a 121 178 0.9365698506660409
	a 178 121 0.9365698506660409
2.918190024062736 2
	a 122 177 0.9116041542413641
	a 177 122 0.9116041542413641
2.549952570706873 2
	a 122 255 0.9218337421144969
	a 255 122 0.9218337421144969
0.8753836449732832 2
	a 122 135 0.9716556615608998
	a 135 122 0.9716556615608998
0.5488408072586609 2
	a 122 155 0.9820359572016657
	a 155 122 0.9820359572016657
0.2712315054364995 2
	a 123 139 0.9910401999457994
	a 139 123 0.9910401999457994
0.4217785570495555 2
	a 124 146 0.9861365385453571
	a 146 124 0.9861365385453571
0.9493102690277512 2
	a 125 183 0.9693368529259123
	a 183 125 0.9693368529259123
2.37241948059669 2
	a 126 168 0.9268560341049876
	a 168 126 0.9268560341049876
2.034236290773753 2
	a 126 269 0.9365890421708762
	a 269 126 0.9365890421708762
0.4217785570495555 2
	a 127 150 0.9861365385453571
	a 150 127 0.9861365385453571
2.782004337102639 2
	a 128 165 0.9153581427383932
	a 165 128 0.9153581427383932
2.506521973979287 2
	a 128 321 0.9230568780534635
	a 321 128 0.9230568780534635
0.4217785570495555 2
	a 129 152 0.9861365385453571
	a 152 129 0.9861365385453571
0.4068472581547501 2
	a 130 152 0.986620689469499
	a 152 130 0.986620689469499
4.65309183504295 2
	a 131 416 0.8666478960019461
	a 416 131 0.8666478960019461
2.762626722057115 2
	a 131 361 0.9158950661532981
	a 361 131 0.9158950661532981
1.250070526955394 2
	a 131 192 0.9600200443887001
	a 192 131 0.9600200443887001
8.001501692108489 2
	a 132 379 0.7932937458249494
	a 379 132 0.7932937458249494
7.119295937379439 2
	a 132 510 0.8110607930942531
	a 510 132 0.8110607930942531
0.8678838813832842 2
	a 132 182 0.9718915409211399
	a 182 132 0.9718915409211399
4.53623354009462 2
	a 132 406 0.8695154412451741
	a 406 132 0.8695154412451741
0.8136945163095008 2
	a 133 176 0.9735993908395411
	a 176 133 0.9735993908395411
2.765823330005486 2
	a 133 146 0.9158064453648871
	a 146 133 0.9158064453648871
0.3002129760370238 2
	a 134 146 0.9900923780751469
	a 146 134 0.9900923780751469
0.4068472581547501 2
	a 135 155 0.986620689469499
	a 155 135 0.986620689469499
0.572507812946912 2
	a 136 166 0.9812760003733393
	a 166 136 0.9812760003733393
2.082852567174306 2
	a 136 154 0.9351763105627309
	a 154 136 0.9351763105627309
2.760244106979707 2
	a 137 373 0.9159611325905379
	a 373 137 0.9159611325905379
4.394797340090705 2
	a 137 144 0.873016110008634
	a 144 137 0.873016110008634
2.901514589054324 2
	a 137 176 0.9120619872345728
	a 176 137 0.9120619872345728
0.5575248444503217 2
	a 138 170 0.9817569700886031
	a 170 138 0.9817569700886031
3.270885437501956 2
	a 138 161 0.9020389881063373
	a 161 138 0.9020389881063373
0.4068472581547501 2
	a 139 164 0.986620689469499
	a 164 139 0.986620689469499
1.001362479016022 2
	a 139 162 0.9677110074907883
	a 162 139 0.9677110074907883
0.99986533083179 2
	a 139 157 0.9677576919995778
	a 157 139 0.9677576919995778
2.514720976910826 2
	a 140 325 0.9228256982684526
	a 325 140 0.9228256982684526
1.334528378725622 2
	a 140 230 0.9574371690344996
	a 230 140 0.9574371690344996
0.9056588220468618 2
	a 140 185 0.9707046576993192
	a 185 140 0.9707046576993192
3.456053504628123 2
	a 141 187 0.8971065098366715
	a 187 141 0.8971065098366715
3.561354525678251 2
	a 141 506 0.8943285572232252
	a 506 141 0.8943285572232252
3.419347148288087 2
	a 141 214 0.8980794553309526
	a 214 141 0.8980794553309526
2.4569674128704 2
	a 141 261 0.9244568157512267
	a 261 141 0.9244568157512267
3.79051464326878 2
	a 142 390 0.8883500494519549
	a 390 142 0.8883500494519549
1.363524690210017 2
	a 142 174 0.9565537571233033
	a 174 142 0.9565537571233033
0.7884591958105146 2
	a 142 179 0.9743968235948948
	a 179 142 0.9743968235948948
1.027952275406858 2
	a 142 215 0.9668826525367566
	a 215 142 0.9668826525367566
0.9872975839600842 2
	a 143 213 0.9681497669112729
	a 213 143 0.9681497669112729
3.817138492775123 2
	a 144 248 0.887661369258522
	a 248 144 0.887661369258522
2.579313878428135 2
	a 144 373 0.9210088436937962
	a 373 144 0.9210088436937962
5.672596356584108 2
	a 145 740 0.8425559520409991
	a 740 145 0.8425559520409991
2.876844551176869 2
	a 145 429 0.912740250496559
	a 429 145 0.912740250496559
0.5753689120435835 2
	a 146 184 0.9811842105722803
	a 184 146 0.9811842105722803
0.4217785570495555 2
	a 146 147 0.9861365385453571
	a 147 146 0.9861365385453571
2.601109856863482 2
	a 146 289 0.920397534625449
	a 289 146 0.920397534625449
0.5753689120435835 2
	a 147 184 0.9811842105722803
	a 184 147 0.9811842105722803
0.7960384844779068 2
	a 148 204 0.9741571781134749
	a 204 148 0.9741571781134749
5.137766396983404 2
	a 148 339 0.854990255081252
	a 339 148 0.854990255081252
1.768027563368052 2
	a 149 258 0.9444064600374136
	a 258 149 0.9444064600374136
0.6623180749170225 2
	a 149 196 0.9784030414175598
	a 196 149 0.9784030414175598
5.16190674685389 2
	a 149 472 0.8544194086216846
	a 472 149 0.8544194086216846
1.611760447249496 2
	a 150 269 0.9490604009365911
	a 269 150 0.9490604009365911
7.048456135800993 2
	a 151 300 0.8125332997508431
	a 300 151 0.8125332997508431
6.809198137070937 2
	a 151 460 0.8175583420533816
	a 460 151 0.8175583420533816
6.912358436341259 2
	a 151 432 0.8153818738953389
	a 432 151 0.8153818738953389
3.932856828829255 2
	a 151 380 0.8846822401222707
	a 380 151 0.8846822401222707
1.578980655167365 2
	a 151 265 0.950042814427622
	a 265 151 0.950042814427622
3.840470527554159 2
	a 151 522 0.8870588427489863
	a 522 151 0.8870588427489863
5.492881190930589 2
	a 151 663 0.8466848032017043
	a 663 151 0.8466848032017043
5.397591433238725 2
	a 152 390 0.8488941808664547
	a 390 152 0.8488941808664547
0.4116662147502663 2
	a 152 174 0.9864643809802354
	a 174 152 0.9864643809802354
4.000873915089572 2
	a 152 215 0.8829418579545203
	a 215 152 0.8829418579545203
5.083313516940513 2
	a 153 548 0.856281279782322
	a 548 153 0.856281279782322
4.107947226083575 2
	a 153 161 0.8802180675189437
	a 161 153 0.8802180675189437
5.943887275281875 2
	a 153 516 0.8364161538576431
	a 516 153 0.8364161538576431
0.9647711248342947 2
	a 153 218 0.9688533455228074
	a 218 153 0.9688533455228074
1.465260119971778 2
	a 154 258 0.9534677214128324
	a 258 154 0.9534677214128324
1.372164796938848 2
	a 154 166 0.9562908546348245
	a 166 154 0.9562908546348245
1.03110594740792 2
	a 154 196 0.9667845032048723
	a 196 154 0.9667845032048723
1.3938823849486 2
	a 154 231 0.9556306968650556
	a 231 154 0.9556306968650556
1.360345102038611 2
	a 155 255 0.9566505442427642
	a 255 155 0.9566505442427642
2.010524034629345 2
	a 156 273 0.9372797553858452
	a 273 156 0.9372797553858452
5.104153038156664 2
	a 156 410 0.8557866413768717
	a 410 156 0.8557866413768717
1.058859358600752 2
	a 156 226 0.9659216442099845
	a 226 156 0.9659216442099845
1.165489355260694 2
	a 156 239 0.9626213070482963
	a 239 156 0.9626213070482963
2.445793352925181 2
	a 156 269 0.9247731272796226
	a 269 156 0.9247731272796226
0.7336719054035223 2
	a 157 162 0.9761327196025156
	a 162 157 0.9761327196025156
0.4261984914158477 2
	a 157 181 0.9859933135416687
	a 181 157 0.9859933135416687
0.8753836449732832 2
	a 157 217 0.9716556615608998
	a 217 157 0.9716556615608998
3.466186076277191 2
	a 157 219 0.8968383530732402
	a 219 157 0.8968383530732402
3.685673373181942 2
	a 157 278 0.8910738982502904
	a 278 157 0.8910738982502904
3.308194402439192 2
	a 158 498 0.9010402534457289
	a 498 158 0.9010402534457289
4.468427679889686 2
	a 158 233 0.8711895764237831
	a 233 158 0.8711895764237831
2.302244643738548 2
	a 158 159 0.9288576828035762
	a 159 158 0.9288576828035762
1.839466831778763 2
	a 158 274 0.9422949540179748
	a 274 158 0.9422949540179748
6.529002498187635 2
	a 159 267 0.8235459892040677
	a 267 159 0.8235459892040677
2.827639241315958 2
	a 159 233 0.9140964077462299
	a 233 159 0.9140964077462299
3.778662251410565 2
	a 159 364 0.8886570291817355
	a 364 159 0.8886570291817355
3.027825469226545 2
	a 159 466 0.9086066948665162
	a 466 159 0.9086066948665162
4.000233935311445 2
	a 160 347 0.8829581966394181
	a 347 160 0.8829581966394181
1.494593721394759 2
	a 160 269 0.9525817985122674
	a 269 160 0.9525817985122674
3.399399870232219 2
	a 161 170 0.8986091809112571
	a 170 161 0.8986091809112571
3.243419423212283 2
	a 161 369 0.9027758230706093
	a 369 161 0.9027758230706093
1.752073215398942 2
	a 161 298 0.9448793925240205
	a 298 161 0.9448793925240205
3.677726041443773 2
	a 162 419 0.8912811527496864
	a 419 162 0.8912811527496864
1.567408029565956 2
	a 162 178 0.9503901602002105
	a 178 162 0.9503901602002105
1.414289269310955 2
	a 162 164 0.9550112514627627
	a 164 162 0.9550112514627627
1.456176147404825 2
	a 162 271 0.9537424238068248
	a 271 162 0.9537424238068248
1.349342492048502 2
	a 162 181 0.9569856236420103
	a 181 162 0.9569856236420103
1.385168937220699 2
	a 163 264 0.9558954480381517
	a 264 163 0.9558954480381517
5.267790734819707 2
	a 163 312 0.851926395286916
	a 312 163 0.851926395286916
4.491652257266794 2
	a 163 197 0.8706153063751962
	a 197 163 0.8706153063751962
4.822487943825835 2
	a 163 584 0.8625306063957456
	a 584 163 0.8625306063957456
0.2701555345749592 2
	a 164 178 0.9910754242055927
	a 178 164 0.9910754242055927
1.661116855661559 2
	a 165 187 0.9475852286710271
	a 187 165 0.9475852286710271
1.875209981755642 2
	a 165 321 0.9412422743939006
	a 321 165 0.9412422743939006
2.142207861746934 2
	a 166 258 0.9334577118626535
	a 258 166 0.9334577118626535
1.73006200572298 2
	a 166 307 0.9455326939779243
	a 307 166 0.9455326939779243
1.954180946745591 2
	a 166 285 0.9389253568390946
	a 285 166 0.9389253568390946
8.539592442072802 2
	a 167 198 0.7829589787200062
	a 198 167 0.7829589787200062
1.813689595252441 2
	a 167 319 0.9430556835905727
	a 319 167 0.9430556835905727
2.733909928200647 2
	a 167 178 0.9166920403200185
	a 178 167 0.9166920403200185
2.419454400471625 2
	a 168 382 0.9255196544594702
	a 382 168 0.9255196544594702
1.220541774464252 2
	a 168 257 0.9609265242053444
	a 257 168 0.9609265242053444
2.368603565231431 2
	a 168 366 0.9269646376850905
	a 366 168 0.9269646376850905
4.97160234610665 2
	a 168 244 0.8589445579976434
	a 244 168 0.8589445579976434
3.755574451561123 2
	a 168 269 0.889255705514175
	a 269 168 0.889255705514175
2.974238821242567 2
	a 169 478 0.9100690295732337
	a 478 169 0.9100690295732337
1.126737926931244 2
	a 169 192 0.9638180012646471
	a 192 169 0.9638180012646471
2.183788600840618 2
	a 169 254 0.9322578095901206
	a 254 169 0.9322578095901206
1.654092624187943 2
	a 169 228 0.9477948739037747
	a 228 169 0.9477948739037747
3.79051464326878 2
	a 169 436 0.8883500494519549
	a 436 169 0.8883500494519549
7.962180103510934 2
	a 169 204 0.7940636061892681
	a 204 169 0.7940636061892681
6.004641758260025 2
	a 170 538 0.8350563236098818
	a 538 170 0.8350563236098818
1.697880505136592 2
	a 170 203 0.9464895807895044
	a 203 170 0.9464895807895044
2.14587465855103 2
	a 170 369 0.9333517647225644
	a 369 170 0.9333517647225644
0.7562600561352237 2
	a 171 224 0.975416262010397
	a 224 171 0.975416262010397
4.791981835728005 2
	a 172 430 0.8632686498269491
	a 430 172 0.8632686498269491
2.604547133047154 2
	a 172 308 0.9203012108333569
	a 308 172 0.9203012108333569
1.2777003560333 2
	a 172 277 0.9591734726358991
	a 277 172 0.9591734726358991
3.003326203225438 2
	a 172 258 0.9092746111071168
	a 258 172 0.9092746111071168
1.220541774464252 2
	a 173 274 0.9609265242053444
	a 274 173 0.9609265242053444
0.487629339878578 2
	a 173 191 0.9840070514701087
	a 191 173 0.9840070514701087
3.49799525285554 2
	a 173 251 0.8959977046496796
	a 251 173 0.8959977046496796
2.16183392485144 2
	a 174 390 0.9328909448299502
	a 390 174 0.9328909448299502
4.64261950072807 2
	a 175 595 0.866903962668255
	a 595 175 0.866903962668255
0.7960384844779068 2
	a 175 237 0.9741571781134749
	a 237 175 0.9741571781134749
2.034236290773753 2
	a 176 373 0.9365890421708762
	a 373 176 0.9365890421708762
2.033355190707818 2
	a 176 283 0.936614688166348
	a 283 176 0.936614688166348
0.953531833712017 2
	a 177 255 0.9692047824526964
	a 255 177 0.9692047824526964
2.295416128398729 2
	a 178 419 0.9290529579992343
	a 419 178 0.9290529579992343
1.747707445964286 2
	a 178 319 0.9450088940925053
	a 319 178 0.9450088940925053
2.413936864531231 2
	a 179 390 0.9256762045825243
	a 390 179 0.9256762045825243
0.8698684009391123 2
	a 179 246 0.9718291131847872
	a 246 179 0.9718291131847872
0.6027356872459425 2
	a 179 215 0.9803071135846667
	a 215 179 0.9803071135846667
5.144137701895033 2
	a 180 419 0.854839503689236
	a 419 180 0.854839503689236
2.829269912249794 2
	a 180 199 0.914051393194677
	a 199 180 0.914051393194677
1.893985964637382 2
	a 180 363 0.9406903027669171
	a 363 180 0.9406903027669171
1.126737926931244 2
	a 181 271 0.9638180012646471
	a 271 181 0.9638180012646471
4.386145064108334 2
	a 182 563 0.8732313346307385
	a 563 182 0.8732313346307385
2.586697645344306 2
	a 182 406 0.9208016526149023
	a 406 182 0.9208016526149023
1.515147708164088 2
	a 182 290 0.9519620658552201
	a 290 182 0.9519620658552201
1.620896966400101 2
	a 182 326 0.948786960957836
	a 326 182 0.948786960957836
0.4068472581547501 2
	a 183 215 0.986620689469499
	a 215 183 0.986620689469499
1.980416216435671 2
	a 183 232 0.9381583394575204
	a 232 183 0.9381583394575204
1.693074771076966 2
	a 184 343 0.9466326510525798
	a 343 184 0.9466326510525798
1.581436050698731 2
	a 185 325 0.9499691515824692
	a 325 185 0.9499691515824692
2.309342523606942 2
	a 185 230 0.9286547987880289
	a 230 185 0.9286547987880289
0.8272569866452942 2
	a 186 247 0.9731713725222706
	a 247 186 0.9731713725222706
3.120801265055553 2
	a 187 447 0.906081825831477
	a 447 187 0.906081825831477
2.18362772891422 2
	a 187 321 0.9322624454914153
	a 321 187 0.9322624454914153
0.6915073676175353 2
	a 187 214 0.9774729968621538
	a 214 187 0.9774729968621538
1.95571448063628 2
	a 187 375 0.9388804853388528
	a 375 187 0.9388804853388528
1.127864866713182 2
	a 188 278 0.9637831562431247
	a 278 188 0.9637831562431247
4.164810377776377 2
	a 188 390 0.8787794362354456
	a 390 188 0.8787794362354456
0.3002129760370238 2
	a 189 211 0.9900923780751469
	a 211 189 0.9900923780751469
1.302248493431162 2
	a 190 297 0.9584226302964616
	a 297 190 0.9584226302964616
1.220770282487056 2
	a 190 241 0.9609195025649143
	a 241 190 0.9609195025649143
1.97623752893189 2
	a 190 207 0.9382804182462191
	a 207 190 0.9382804182462191
3.472902139034856 2
	a 191 434 0.8966607134252493
	a 434 191 0.8966607134252493
3.853902309509584 2
	a 191 411 0.8867124052159336
	a 411 191 0.8867124052159336
1.062182107281253 2
	a 191 274 0.965818446271866
	a 274 191 0.965818446271866
4.928346219044936 2
	a 191 251 0.8599811553460953
	a 251 191 0.8599811553460953
3.26042382587259 2
	a 192 361 0.9023194842932685
	a 361 192 0.9023194842932685
0.8266086393752234 2
	a 192 254 0.9731918249221194
	a 254 192 0.9731918249221194
1.656917785110143 2
	a 193 291 0.9477105423404375
	a 291 193 0.9477105423404375
3.390393817956253 2
	a 193 300 0.8988485791132206
	a 300 193 0.8988485791132206
1.936327367967538 2
	a 193 380 0.9394480937639456
	a 380 193 0.9394480937639456
2.756251660589134 2
	a 193 265 0.9160718608272644
	a 265 193 0.9160718608272644
2.023593699922384 2
	a 194 380 0.936898914655814
	a 380 194 0.936898914655814
0.9493102690277512 2
	a 194 264 0.9693368529259123
	a 264 194 0.9693368529259123
6.128047206546009 2
	a 194 663 0.8323111131701939
	a 663 194 0.8323111131701939
4.555765861070322 2
	a 194 527 0.869034588105456
	a 527 194 0.869034588105456
5.926124152210885 2
	a 194 197 0.836814776606827
	a 197 194 0.836814776606827
2.845914354538187 2
	a 195 359 0.9135922043719575
	a 359 195 0.9135922043719575
2.795313938305914 2
	a 195 473 0.9149897561161052
	a 473 195 0.9149897561161052
2.847930807083253 2
	a 195 210 0.9135366088386914
	a 210 195 0.9135366088386914
1.088420984350353 2
	a 195 201 0.9650043216734201
	a 201 195 0.9650043216734201
1.907785025694843 2
	a 195 380 0.9402850816914862
	a 380 195 0.9402850816914862
2.362313164157349 2
	a 196 258 0.9271437271549849
	a 258 196 0.9271437271549849
0.5143760708184569 2
	a 196 231 0.9831447800380628
	a 231 196 0.9831447800380628
4.577555149128536 2
	a 197 527 0.8684989105378331
	a 527 197 0.8684989105378331
3.500481415080674 2
	a 197 552 0.8959320757863274
	a 552 197 0.8959320757863274
3.443857494096192 2
	a 197 573 0.8974295154766345
	a 573 197 0.8974295154766345
2.637660630291472 2
	a 197 245 0.9193743913517806
	a 245 197 0.9193743913517806
5.083313516940513 2
	a 197 584 0.856281279782322
	a 584 197 0.856281279782322
2.067347857753857 2
	a 198 419 0.9356263619359817
	a 419 198 0.9356263619359817
5.209621323155671 2
	a 198 319 0.8532938017050162
	a 319 198 0.8532938017050162
4.809765915953313 2
	a 198 374 0.8628382117880662
	a 374 198 0.8628382117880662
4.184400281200682 2
	a 198 345 0.8782850756166065
	a 345 198 0.8782850756166065
1.875209981755642 2
	a 199 390 0.9412422743939006
	a 390 199 0.9412422743939006
1.92702906826499 2
	a 199 363 0.9397205862177387
	a 363 199 0.9397205862177387
1.911781798227928 2
	a 200 400 0.9401677826980113
	a 400 200 0.9401677826980113
2.471011450223571 2
	a 201 473 0.9240595959075733
	a 473 201 0.9240595959075733
1.813689595252441 2
	a 201 275 0.9430556835905727
	a 275 201 0.9430556835905727
4.000822222885161 2
	a 201 380 0.8829431776307142
	a 380 201 0.8829431776307142
2.556506482229538 2
	a 201 354 0.9216494716389685
	a 354 201 0.9216494716389685
2.015973988719633 2
	a 202 418 0.9371209072719926
	a 418 202 0.9371209072719926
2.513759777660808 2
	a 202 322 0.9228527937861872
	a 322 202 0.9228527937861872
3.176961863861924 2
	a 203 553 0.9045642819098397
	a 553 203 0.9045642819098397
2.486272693203688 2
	a 204 478 0.9236283702106962
	a 478 204 0.9236283702106962
3.579538568402 2
	a 204 339 0.8938508143694988
	a 339 204 0.8938508143694988
0.4068472581547501 2
	a 205 213 0.986620689469499
	a 213 205 0.986620689469499
1.533585185085995 2
	a 205 352 0.9514068711275351
	a 352 205 0.9514068711275351
0.1356157527182506 2
	a 206 216 0.9954998486103701
	a 216 206 0.9954998486103701
0.5143760708184569 2
	a 207 241 0.9831447800380628
	a 241 207 0.9831447800380628
0.4217785570495555 2
	a 208 238 0.9861365385453571
	a 238 208 0.9861365385453571
2.135174304430055 2
	a 208 236 0.9336610094998367
	a 236 208 0.9336610094998367
2.500630920612231 2
	a 209 412 0.9232230607274217
	a 412 209 0.9232230607274217
0.1917896373478611 2
	a 209 222 0.9936477087493498
	a 222 209 0.9936477087493498
1.515971031398842 2
	a 210 359 0.951937259144688
	a 359 210 0.951937259144688
1.813689595252441 2
	a 210 240 0.9430556835905727
	a 240 210 0.9430556835905727
0.5753689120435835 2
	a 210 229 0.9811842105722803
	a 229 210 0.9811842105722803
2.556506482229538 2
	a 210 380 0.9216494716389685
	a 380 210 0.9216494716389685
1.898620538055502 2
	a 211 418 0.9405541630287988
	a 418 211 0.9405541630287988
5.600665557918719 2
	a 212 326 0.8442025852213908
	a 326 212 0.8442025852213908
3.92241818146735 2
