from,to,probability
0,4,0.9300086433468401
1,15,0.589971355927102
1,8,0.8586888004177173
2,6,0.9282688659415461
3,4,0.793864282168356
3,10,0.865210257999423
3,6,0.7974613446478217
4,0,0.9300086433468401
4,9,0.8937998387472451
4,3,0.793864282168356
5,13,0.8848870781193395
6,12,0.8182159037040304
6,3,0.7974613446478217
6,15,0.8964161878397334
6,2,0.9282688659415461
7,64,0.5665443275073232
7,95,0.4958135817176302
7,101,0.4915823200897176
7,25,0.4289247423550946
8,33,0.7552594320725841
8,1,0.8586888004177173
9,4,0.8937998387472451
9,20,0.8790984433532508
9,12,0.9680141029402175
10,12,0.9747522414139314
10,3,0.865210257999423
11,29,0.4671923384047461
11,42,0.4966443729996571
11,41,0.7060510521225012
11,50,0.6924854761719642
12,9,0.9680141029402175
12,20,0.903919435030894
12,10,0.9747522414139314
12,16,0.890700797753449
12,15,0.7556473198121028
12,14,0.9281409595191212
12,6,0.8182159037040304
13,25,0.2747044666897834
13,5,0.8848870781193395
13,29,0.8150651126720355
14,12,0.9281409595191212
14,16,0.9821508484111854
15,35,0.7988161480154767
15,20,0.8361028384842123
15,12,0.7556473198121028
15,18,0.922076565926726
15,30,0.7728395054579354
15,16,0.9821508484111854
15,33,0.8002267703996195
15,6,0.8964161878397334
15,1,0.589971355927102
16,20,0.9276360025292943
16,12,0.890700797753449
16,15,0.9821508484111854
16,14,0.9821508484111854
17,35,0.8254182589192456
17,33,0.8253741819663143
18,20,0.9801847561502938
18,15,0.922076565926726
19,33,0.8689863776970372
20,9,0.8790984433532508
20,35,0.8731780843417525
20,12,0.903919435030894
20,18,0.9801847561502938
20,16,0.9276360025292943
20,15,0.8361028384842123
21,45,0.8083926379651613
21,23,0.973241378938998
21,36,0.9045398032251166
22,59,0.7758603703181499
22,74,0.6670053439432172
23,34,0.9318432884199691
23,45,0.8344946141147828
23,21,0.973241378938998
24,60,0.7990505510936233
24,35,0.753630529778645
24,34,0.8864937373615148
24,33,0.8577593392054164
25,7,0.4289247423550946
25,108,0.6133638109790103
25,109,0.432069946513375
25,13,0.2747044666897834
25,40,0.4313492078737785
26,33,0.973241378938998
27,33,0.8760910752026436
27,36,0.8453041293091522
27,43,0.9044711526968143
27,39,0.8805701633829723
28,32,0.2121782066990746
28,155,0.2629747266160375
28,125,0.2915930315426217
29,13,0.8150651126720355
29,42,0.9259006636492924
29,11,0.4671923384047461
30,35,0.9801847561502938
30,15,0.7728395054579354
30,33,0.696601710015855
31,37,0.7711488542166048
31,40,0.5961257009561423
31,121,0.4312932356609743
31,92,0.6408586608456387
31,104,0.6476204506636276
32,28,0.2121782066990746
32,98,0.6834037960469422
33,35,0.9076319992126715
33,34,0.9200400887774002
33,24,0.8577593392054164
33,30,0.696601710015855
33,15,0.8002267703996195
33,36,0.9801847561502938
33,17,0.8253741819663143
33,27,0.8760910752026436
33,19,0.8689863776970372
33,8,0.7552594320725841
33,26,0.973241378938998
34,60,0.8463082564443137
34,56,0.740144781330259
34,51,0.7724596463516016
34,54,0.6225200490871495
34,45,0.601069345267228
34,24,0.8864937373615148
34,23,0.9318432884199691
34,33,0.9200400887774002
34,36,0.7223528739102903
35,53,0.7615059555244991
35,55,0.8577593392054164
35,20,0.8731780843417525
35,24,0.753630529778645
35,30,0.9801847561502938
35,15,0.7988161480154767
35,33,0.9076319992126715
35,17,0.8254182589192456
36,34,0.7223528739102903
36,45,0.8082519400839514
36,33,0.9801847561502938
36,21,0.9045398032251166
36,43,0.9113150658887325
36,38,0.9872954174986995
36,27,0.8453041293091522
37,109,0.6110126162378122
37,31,0.7711488542166048
37,121,0.4429037920207398
38,36,0.9872954174986995
38,43,0.9575926614630027
39,43,0.9821508484111854
39,27,0.8805701633829723
40,25,0.4313492078737785
40,31,0.5961257009561423
40,48,0.8591382814277096
40,92,0.7439230618017987
41,42,0.5158724896279168
41,11,0.7060510521225012
41,50,0.8155068601620419
41,63,0.8778507136781892
42,29,0.9259006636492924
42,48,0.9386737058518245
42,11,0.4966443729996571
42,52,0.6513802625395196
42,41,0.5158724896279168
42,63,0.5101924944565056
43,45,0.7532407203490915
43,47,0.7692465934298478
43,44,0.9261191283460204
43,36,0.9113150658887325
43,38,0.9575926614630027
43,49,0.9364430231446151
43,39,0.9821508484111854
43,27,0.9044711526968143
44,66,0.6293008867234301
44,57,0.7090148340072205
44,47,0.8146774057482111
44,43,0.9261191283460204
44,59,0.8537120682099751
44,49,0.9487936471897895
45,54,0.8974596327809835
45,57,0.873229376332696
45,34,0.601069345267228
45,47,0.9872954174986995
45,23,0.8344946141147828
45,21,0.8083926379651613
45,36,0.8082519400839514
45,43,0.7532407203490915
46,49,0.973241378938998
47,57,0.9501419324278259
47,45,0.9872954174986995
47,44,0.8146774057482111
47,43,0.7692465934298478
48,40,0.8591382814277096
48,42,0.9386737058518245
48,104,0.7575938437829892
48,52,0.6432393732829265
49,44,0.9487936471897895
49,43,0.9364430231446151
49,59,0.9653197742132931
49,46,0.973241378938998
50,11,0.6924854761719642
50,41,0.8155068601620419
50,53,0.9909996972207402
51,68,0.9060631799387474
51,60,0.9640719144033315
51,56,0.9381081363295531
51,34,0.7724596463516016
52,48,0.6432393732829265
52,42,0.6513802625395196
52,104,0.6888448353275317
52,61,0.9653197742132931
52,63,0.5840192270398757
52,65,0.903919435030894
53,50,0.9909996972207402
53,63,0.9602578754924527
53,60,0.9722730770907142
53,55,0.9719866270833376
53,35,0.7615059555244991
54,71,0.7843236381587207
54,68,0.9510887940112148
54,57,0.8824845487878011
54,34,0.6225200490871495
54,45,0.8974596327809835
55,53,0.9719866270833376
55,60,0.9872954174986995
55,35,0.8577593392054164
56,68,0.9623684211445606
56,51,0.9381081363295531
56,34,0.740144781330259
57,71,0.9509530557937554
57,69,0.9623684211445606
57,67,0.9218390051298286
57,54,0.8824845487878011
57,66,0.8302189237335954
57,45,0.873229376332696
57,47,0.9501419324278259
57,44,0.7090148340072205
58,130,0.3986293312421152
58,71,0.7655946066796259
58,73,0.9381081363295531
59,66,0.9722730770907142
59,88,0.7472848813975662
59,44,0.8537120682099751
59,49,0.9653197742132931
59,22,0.7758603703181499
60,53,0.9722730770907142
60,68,0.9713339356626279
60,55,0.9872954174986995
60,51,0.9640719144033315
60,34,0.8463082564443137
60,24,0.7990505510936233
61,104,0.7210423791821723
61,52,0.9653197742132931
61,100,0.813618208769616
61,65,0.8784429864038392
62,99,0.7877197243472126
62,106,0.759868039690153
62,83,0.9218530484106888
62,88,0.8427521459046857
63,42,0.5101924944565056
63,52,0.5840192270398757
63,41,0.8778507136781892
63,53,0.9602578754924527
63,68,0.9821508484111854
64,7,0.5665443275073232
64,111,0.5498415067428087
64,95,0.8481620047601452
65,52,0.903919435030894
65,61,0.8784429864038392
65,68,0.9369812483497675
65,77,0.9501419324278259
66,69,0.9252426140965927
66,78,0.9201145110339601
66,94,0.8528669055394326
66,57,0.8302189237335954
66,99,0.8302580589537955
66,83,0.8364587947973402
66,88,0.8285052816038181
66,44,0.6293008867234301
66,59,0.9722730770907142
67,71,0.9872954174986995
67,69,0.9252426140965927
67,57,0.9218390051298286
68,63,0.9821508484111854
68,65,0.9369812483497675
68,84,0.9302253582882283
68,77,0.9191520004099583
68,60,0.9713339356626279
68,56,0.9623684211445606
68,51,0.9060631799387474
68,54,0.9510887940112148
69,71,0.9909996972207402
69,70,0.8340250132978896
69,67,0.9252426140965927
69,66,0.9252426140965927
69,57,0.9623684211445606
70,71,0.8187948426770481
70,73,0.973241378938998
70,69,0.8340250132978896
70,81,0.8416862301786341
70,78,0.8939143582089739
71,107,0.7977354318925329
71,93,0.6673372019686787
71,85,0.8265237577680909
71,58,0.7655946066796259
71,84,0.7866702298405688
71,80,0.9369812483497675
71,70,0.8187948426770481
71,69,0.9909996972207402
71,67,0.9872954174986995
71,54,0.7843236381587207
71,57,0.9509530557937554
72,96,0.8142229643564567
72,86,0.9414093153986384
73,58,0.9381081363295531
73,102,0.8489846465296593
73,70,0.973241378938998
74,76,0.9909996972207402
74,22,0.6670053439432172
75,96,0.8755605539723528
75,89,0.9014965856039029
75,76,0.9558012826194622
75,91,0.921919176583641
76,88,0.9344469060777219
76,89,0.9390851178168478
76,75,0.9558012826194622
76,74,0.9909996972207402
77,65,0.9501419324278259
77,84,0.973241378938998
77,68,0.9191520004099583
78,70,0.8939143582089739
78,81,0.9133010884855284
78,94,0.8957238969147694
78,66,0.9201145110339601
79,125,0.5315532763815864
79,111,0.7308802636275595
80,71,0.9369812483497675
80,85,0.9065202008278263
80,84,0.9820803998915989
81,102,0.8272395803321294
81,70,0.8416862301786341
81,78,0.9133010884855284
81,94,0.9042565230459044
82,97,0.903919435030894
82,88,0.8156846198959817
82,96,0.8422749547950401
83,66,0.8364587947973402
83,99,0.897573921915672
83,62,0.9218530484106888
83,88,0.8786626167531131
84,71,0.7866702298405688
84,87,0.9820803998915989
84,68,0.9302253582882283
84,80,0.9820803998915989
84,77,0.973241378938998
85,90,0.9640719144033315
85,71,0.8265237577680909
85,87,0.9747522414139314
85,80,0.9065202008278263
86,105,0.8895895385572373
86,96,0.829911842692066
86,110,0.8045389133436105
86,72,0.9414093153986384
87,90,0.973241378938998
87,85,0.9747522414139314
87,84,0.9820803998915989
88,66,0.8285052816038181
88,106,0.847137092380854
88,62,0.8427521459046857
88,83,0.8786626167531131
88,82,0.8156846198959817
88,96,0.9487936471897895
88,59,0.7472848813975662
88,89,0.9489740375706385
88,76,0.9344469060777219
89,88,0.9489740375706385
89,96,0.9487936471897895
89,76,0.9390851178168478
89,75,0.9014965856039029
90,93,0.7206683862597261
90,100,0.9355153839991557
90,85,0.9640719144033315
90,87,0.973241378938998
91,96,0.9653197742132931
91,75,0.921919176583641
92,31,0.6408586608456387
92,40,0.7439230618017987
92,104,0.9509530557937554
93,104,0.9386737058518245
93,107,0.9205396406312979
93,100,0.772443370203393
93,90,0.7206683862597261
93,71,0.6673372019686787
94,102,0.8244926191911433
94,103,0.9625520007466786
94,81,0.9042565230459044
94,78,0.8957238969147694
94,66,0.8528669055394326
94,99,0.9143865913738085
95,7,0.4958135817176302
95,64,0.8481620047601452
95,111,0.6531596401494328
95,101,0.805415627080513
95,115,0.7813712966381016
96,105,0.9558491977655615
96,88,0.9487936471897895
96,82,0.8422749547950401
96,86,0.829911842692066
96,89,0.9487936471897895
96,91,0.9653197742132931
96,75,0.8755605539723528
96,72,0.8142229643564567
97,132,0.4857708531989658
97,106,0.9487936471897895
97,105,0.9528713406293264
97,82,0.903919435030894
98,32,0.6834037960469422
98,113,0.3465250246641999
98,119,0.6409296364935929
99,133,0.4918641424311235
99,130,0.5281647427977313
99,94,0.9143865913738085
99,66,0.8302580589537955
99,62,0.7877197243472126
99,83,0.897573921915672
100,104,0.9872954174986995
100,93,0.772443370203393
100,61,0.813618208769616
100,90,0.9355153839991557
101,7,0.4915823200897176
101,95,0.805415627080513
101,115,0.8049418788558501
101,108,0.9070306022825859
102,130,0.5411091284656039
102,73,0.8489846465296593
102,103,0.8474983725996807
102,81,0.8272395803321294
102,94,0.8244926191911433
103,130,0.5411570108205135
103,102,0.8474983725996807
103,94,0.9625520007466786
104,31,0.6476204506636276
104,121,0.6508432691866235
104,48,0.7575938437829892
104,92,0.9509530557937554
104,107,0.9252426140965927
104,93,0.9386737058518245
104,52,0.6888448353275317
104,100,0.9872954174986995
104,61,0.7210423791821723
105,97,0.9528713406293264
105,116,0.8156869527455364
105,96,0.9558491977655615
105,86,0.8895895385572373
106,133,0.5320184951244752
106,97,0.9487936471897895
106,62,0.759868039690153
106,88,0.847137092380854
107,121,0.6777532195760225
107,104,0.9252426140965927
107,93,0.9205396406312979
107,71,0.7977354318925329
108,101,0.9070306022825859
108,115,0.8472572562009903
108,25,0.6133638109790103
108,109,0.6610652919434864
109,115,0.6810064884960551
109,124,0.6781734010994589
109,120,0.7096258448037525
109,108,0.6610652919434864
109,25,0.432069946513375
109,37,0.6110126162378122
109,163,0.3811010862088761
109,121,0.4124897345789785
110,135,0.5619348677088865
110,86,0.8045389133436105
110,123,0.6908893446559587
111,79,0.7308802636275595
111,64,0.5498415067428087
111,95,0.6531596401494328
111,114,0.8913003794604645
111,115,0.654826297141653
111,120,0.7030787617279265
112,117,0.9231414344942847
113,98,0.3465250246641999
113,119,0.4027054718405509
113,142,0.5765652933877603
113,144,0.4801972981446695
113,143,0.4792148543316696
114,125,0.5243158609893843
114,111,0.8913003794604645
114,129,0.6966593910582444
114,128,0.7047137513419529
114,124,0.7630202107402151
114,120,0.7938300262926492
115,111,0.654826297141653
115,95,0.7813712966381016
115,101,0.8049418788558501
115,120,0.8108336190248139
115,108,0.8472572562009903
115,109,0.6810064884960551
116,105,0.8156869527455364
116,183,0.390166922696694
117,118,0.9509530557937554
117,112,0.9231414344942847
118,159,0.4390761705057356
118,117,0.9509530557937554
118,206,0.3194000811367986
118,212,0.2936815648120677
119,98,0.6409296364935929
119,113,0.4027054718405509
119,155,0.6100499265965497
119,142,0.5447833156517025
119,161,0.5568901564331905
120,111,0.7030787617279265
120,114,0.7938300262926492
120,115,0.8108336190248139
120,124,0.944423470169336
120,109,0.7096258448037525
121,109,0.4124897345789785
121,37,0.4429037920207398
121,31,0.4312932356609743
121,122,0.739767285857773
121,104,0.6508432691866235
121,127,0.9194637251963004
121,107,0.6777532195760225
122,137,0.7710280541034146
122,121,0.739767285857773
122,127,0.8607274994131551
123,135,0.7888181874737015
123,141,0.7492439720933227
123,110,0.6908893446559587
124,114,0.7630202107402151
124,120,0.944423470169336
124,126,0.973241378938998
124,109,0.6781734010994589
125,28,0.2915930315426217
125,79,0.5315532763815864
125,150,0.6973886977127073
125,146,0.626417808957746
125,114,0.5243158609893843
126,128,0.973241378938998
126,124,0.973241378938998
126,160,0.4100574514793221
127,122,0.8607274994131551
127,137,0.8193660333862067
127,121,0.9194637251963004
127,131,0.4721405311157478
128,114,0.7047137513419529
128,129,0.9623684211445606
128,126,0.973241378938998
129,114,0.6966593910582444
129,138,0.858228079285113
129,128,0.9623684211445606
130,131,0.9821508484111854
130,58,0.3986293312421152
130,102,0.5411091284656039
130,103,0.5411570108205135
130,99,0.5281647427977313
131,190,0.4336461725865284
131,127,0.4721405311157478
131,133,0.9821508484111854
131,130,0.9821508484111854
132,133,0.9872954174986995
132,97,0.4857708531989658
133,136,0.9487936471897895
133,131,0.9821508484111854
133,132,0.9872954174986995
133,99,0.4918641424311235
133,106,0.5320184951244752
134,145,0.623784760300004
134,151,0.7507002319719288
134,159,0.6540508566141137
134,166,0.7015587178328254
134,193,0.4529749051529459
135,183,0.6121547711473507
135,141,0.6985212412578593
135,110,0.5619348677088865
135,123,0.7888181874737015
136,190,0.5768031808599275
136,133,0.9487936471897895
136,214,0.3627396154245797
137,163,0.7571866017770149
137,122,0.7710280541034146
137,127,0.8193660333862067
138,146,0.8937998387472451
138,153,0.8320263718348728
138,129,0.858228079285113
138,165,0.5331962416858588
138,160,0.4120300049166474
139,199,0.5619493938395259
139,195,0.5265620560705607
139,149,0.9055749385754124
140,147,0.7483093143411574
140,162,0.7840665436784442
140,178,0.5375713352714646
140,148,0.8677688029741589
140,152,0.8531007610441349
140,181,0.5700438637925238
140,192,0.52186160595394
141,135,0.6985212412578593
141,149,0.928757527897306
141,123,0.7492439720933227
142,113,0.5765652933877603
142,119,0.5447833156517025
142,161,0.773872333736473
142,143,0.5133232433608235
142,164,0.7700884035539016
142,154,0.654000232981424
142,158,0.6696857342009768
143,113,0.4792148543316696
143,142,0.5133232433608235
143,144,0.8850056909080906
143,147,0.9558491977655615
143,154,0.6058135998105518
143,148,0.8055543301860655
144,113,0.4801972981446695
144,156,0.8648322874492876
144,143,0.8850056909080906
144,147,0.8659872472849438
145,134,0.623784760300004
145,159,0.8316157786497426
146,125,0.626417808957746
146,150,0.8400289086635637
146,153,0.8894981001052298
146,138,0.8937998387472451
147,144,0.8659872472849438
147,143,0.9558491977655615
147,162,0.8407950692508981
147,148,0.7924119058478697
147,140,0.7483093143411574
148,143,0.8055543301860655
148,147,0.7924119058478697
148,152,0.9200400887774002
148,140,0.8677688029741589
149,200,0.6136552880381434
149,199,0.5794554631144559
149,141,0.928757527897306
149,139,0.9055749385754124
150,125,0.6973886977127073
150,169,0.8329378449538096
150,146,0.8400289086635637
151,134,0.7507002319719288
151,156,0.8921277978201086
151,166,0.8481191918151464
152,154,0.7346189057144779
152,148,0.9200400887774002
152,140,0.8531007610441349
152,177,0.768966494084382
152,189,0.7054477110493802
153,146,0.8894981001052298
153,171,0.8624002488888985
153,138,0.8320263718348728
153,167,0.688418206121745
153,165,0.5602169780272303
154,142,0.654000232981424
154,143,0.6058135998105518
154,158,0.9558012826194622
154,152,0.7346189057144779
154,175,0.836836737253805
155,28,0.2629747266160375
155,119,0.6100499265965497
155,170,0.8768611541240777
156,151,0.8921277978201086
156,144,0.8648322874492876
156,166,0.9083775496138666
156,162,0.8613493942819495
157,168,0.6629283752752645
157,160,0.9558012826194622
157,163,0.8937786199309078
158,142,0.6696857342009768
158,179,0.8491267097606369
158,154,0.9558012826194622
158,175,0.8718984638671099
159,145,0.8316157786497426
159,134,0.6540508566141137
159,118,0.4390761705057356
159,193,0.6075937362689168
159,180,0.8491267097606369
159,206,0.538897168721477
160,138,0.4120300049166474
160,126,0.4100574514793221
160,157,0.9558012826194622
160,163,0.973241378938998
161,119,0.5568901564331905
161,142,0.773872333736473
161,164,0.9703267583806774
161,179,0.8518072297569563
162,156,0.8613493942819495
162,147,0.8407950692508981
162,178,0.8958948207707479
162,140,0.7840665436784442
163,168,0.6295937479149241
163,109,0.3811010862088761
163,182,0.6295722458496692
163,207,0.5019562684361316
163,157,0.8937786199309078
163,160,0.973241378938998
163,190,0.7717427740226256
163,137,0.7571866017770149
164,142,0.7700884035539016
164,161,0.9703267583806774
164,179,0.9149656224825969
165,153,0.5602169780272303
165,138,0.5331962416858588
165,167,0.8498130428640799
165,168,0.9872954174986995
166,134,0.7015587178328254
166,151,0.8481191918151464
166,156,0.9083775496138666
166,178,0.9201145110339601
167,179,0.9201145110339601
167,171,0.9509530557937554
167,153,0.688418206121745
167,165,0.8498130428640799
167,168,0.8470167038681137
168,179,0.8419426378998777
168,167,0.8470167038681137
168,165,0.9872954174986995
168,184,0.8445526339706739
168,182,0.8933554828262017
168,157,0.6629283752752645
168,163,0.6295937479149241
169,170,0.9738083407717619
169,179,0.9318432884199691
169,150,0.8329378449538096
170,155,0.8768611541240777
170,169,0.9738083407717619
170,179,0.9470187284710485
171,179,0.9558012826194622
171,153,0.8624002488888985
171,167,0.9509530557937554
172,179,0.973241378938998
172,175,0.870060589350114
172,176,0.8604167026150135
172,174,0.973241378938998
172,173,0.9527396919219954
173,172,0.9527396919219954
173,174,0.9872954174986995
173,196,0.7633155917066302
174,179,0.9872954174986995
174,172,0.973241378938998
174,173,0.9872954174986995
175,179,0.9899427146690853
175,154,0.836836737253805
175,158,0.8718984638671099
175,172,0.870060589350114
175,177,0.9680592186839495
175,176,0.9775635533426917
176,172,0.8604167026150135
176,175,0.9775635533426917
176,188,0.8643672354099174
177,152,0.768966494084382
177,175,0.9680592186839495
177,188,0.8650821776131814
178,166,0.9201145110339601
178,162,0.8958948207707479
178,140,0.5375713352714646
178,193,0.8387446139926907
178,181,0.6613409224086246
179,170,0.9470187284710485
179,169,0.9318432884199691
179,161,0.8518072297569563
179,164,0.9149656224825969
179,158,0.8491267097606369
179,171,0.9558012826194622
179,172,0.973241378938998
179,175,0.9899427146690853
179,167,0.9201145110339601
179,174,0.9872954174986995
179,168,0.8419426378998777
179,184,0.9259006636492924
180,159,0.8491267097606369
180,193,0.7390465024902098
180,201,0.7643827716114669
180,191,0.8707666592165844
180,206,0.6385086840257471
181,178,0.6613409224086246
181,140,0.5700438637925238
181,193,0.8707834149907014
181,186,0.6955657833022627
182,168,0.8933554828262017
182,184,0.9635139401772062
182,207,0.6955805909133714
182,163,0.6295722458496692
183,221,0.5025567118483015
183,200,0.8340836974997845
183,116,0.390166922696694
183,135,0.6121547711473507
184,179,0.9259006636492924
184,168,0.8445526339706739
184,196,0.6716280689950114
184,182,0.9635139401772062
184,207,0.7685680928202417
185,199,0.8699593559306675
185,194,0.9110087569730583
186,201,0.8472567404213924
186,181,0.6955657833022627
186,204,0.8801409605562703
186,239,0.4403537372856233
186,248,0.4542399075473822
187,189,0.9872954174986995
187,192,0.7197740083151627
187,202,0.7736953689083633
188,177,0.8650821776131814
188,176,0.8643672354099174
188,189,0.9899427146690853
189,152,0.7054477110493802
189,188,0.9899427146690853
189,187,0.9872954174986995
189,196,0.9380707758593515
189,202,0.7700884035539016
189,217,0.5925972993107477
190,207,0.5312931870294686
190,163,0.7717427740226256
190,215,0.6582695527591069
190,208,0.6600802714245778
190,136,0.5768031808599275
190,131,0.4336461725865284
191,180,0.8707666592165844
191,204,0.9041228461390493
191,206,0.8468618649142202
192,140,0.52186160595394
192,187,0.7197740083151627
192,202,0.9380707758593515
193,134,0.4529749051529459
193,159,0.6075937362689168
193,178,0.8387446139926907
193,180,0.7390465024902098
193,201,0.9509530557937554
193,181,0.8707834149907014
194,199,0.9703267583806774
194,185,0.9110087569730583
195,199,0.9704542354364942
195,139,0.5265620560705607
196,173,0.7633155917066302
196,189,0.9380707758593515
196,184,0.6716280689950114
196,198,0.9872954174986995
197,211,0.7799068446524774
197,199,0.9821508484111854
198,196,0.9872954174986995
198,207,0.7981500347538343
198,217,0.6255990264302493
199,232,0.5090815608101856
199,203,0.973241378938998
199,197,0.9821508484111854
199,195,0.9704542354364942
199,149,0.5794554631144559
199,185,0.8699593559306675
199,194,0.9703267583806774
199,139,0.5619493938395259
200,203,0.9743504181289488
200,183,0.8340836974997845
200,149,0.6136552880381434
201,193,0.9509530557937554
201,180,0.7643827716114669
201,204,0.9821508484111854
201,186,0.8472567404213924
202,187,0.7736953689083633
202,189,0.7700884035539016
202,192,0.9380707758593515
202,219,0.6163629052671887
203,237,0.5234895395316518
203,229,0.5010981856066887
203,242,0.5483856991194297
203,200,0.9743504181289488
203,199,0.973241378938998
204,201,0.9821508484111854
204,191,0.9041228461390493
204,206,0.8185492222142337
204,186,0.8801409605562703
204,213,0.7772639810368741
205,209,0.8279278577856729
205,210,0.8931058511044692
205,240,0.4589141971543624
206,118,0.3194000811367986
206,159,0.538897168721477
206,180,0.6385086840257471
206,191,0.8468618649142202
206,204,0.8185492222142337
206,212,0.9414093153986384
206,213,0.7031695724710441
207,184,0.7685680928202417
207,182,0.6955805909133714
207,198,0.7981500347538343
207,163,0.5019562684361316
207,215,0.7942015931550883
207,190,0.5312931870294686
208,215,0.8147762396030216
208,190,0.6600802714245778
209,212,0.9821508484111854
209,205,0.8279278577856729
209,210,0.9909996972207402
210,205,0.8931058511044692
210,209,0.9909996972207402
210,230,0.6638337601267159
210,235,0.5840283691581849
210,240,0.4431116567443835
211,243,0.6354113755556746
211,220,0.6109257640086917
211,197,0.7799068446524774
212,118,0.2936815648120677
212,206,0.9414093153986384
212,209,0.9821508484111854
212,230,0.6719265295953858
213,204,0.7772639810368741
213,206,0.7031695724710441
213,233,0.7368667065082402
214,216,0.7298533920778169
214,136,0.3627396154245797
214,226,0.7820248447106001
215,207,0.7942015931550883
215,217,0.903919435030894
215,190,0.6582695527591069
215,208,0.8147762396030216
216,218,0.9555692283061001
216,214,0.7298533920778169
217,189,0.5925972993107477
217,198,0.6255990264302493
217,215,0.903919435030894
217,219,0.9085381987743615
217,218,0.9836342095939262
218,217,0.9836342095939262
218,219,0.8372619063633634
218,224,0.9118470926956748
218,248,0.5778842350851821
218,216,0.9555692283061001
218,231,0.6609736705248869
219,202,0.6163629052671887
219,217,0.9085381987743615
219,239,0.8670656256772513
219,224,0.9369812483497675
219,218,0.8372619063633634
220,245,0.8317901323065962
220,227,0.9558491977655615
220,211,0.6109257640086917
221,225,0.9635139401772062
221,222,0.8914579563552116
221,183,0.5025567118483015
222,237,0.9528713406293264
222,225,0.9143865913738085
222,221,0.8914579563552116
223,243,0.9392715785638494
223,228,0.9588171955615209
223,227,0.9420175364432833
224,239,0.884351494543376
224,219,0.9369812483497675
224,248,0.8861113671811454
224,218,0.9118470926956748
225,237,0.9680141029402175
225,226,0.9172164728059418
225,222,0.9143865913738085
225,221,0.9635139401772062
226,214,0.7820248447106001
226,237,0.9722730770907142
226,225,0.9172164728059418
227,245,0.9313701790131326
227,223,0.9420175364432833
227,220,0.9558491977655615
228,243,0.9487936471897895
228,223,0.9588171955615209
229,244,0.8248380050311721
229,237,0.8537120682099751
229,238,0.9680141029402175
229,203,0.5010981856066887
230,212,0.6719265295953858
230,210,0.6638337601267159
230,233,0.8471358917043998
230,235,0.9821508484111854
231,248,0.8951076427360172
231,218,0.6609736705248869
231,244,0.8819114527294108
231,237,0.9722730770907142
232,242,0.9136075472781886
232,243,0.9545253329684085
232,199,0.5090815608101856
233,213,0.7368667065082402
233,230,0.8471358917043998
233,248,0.9036578183206321
234,248,0.8848870781193395
234,240,0.832143721654529
234,241,0.9713339356626279
234,246,0.8821342934480713
235,210,0.5840283691581849
235,230,0.9821508484111854
235,248,0.9074848476136496
236,244,0.9558012826194622
236,237,0.9396482109138352
237,231,0.9722730770907142
237,244,0.9580325799961955
237,236,0.9396482109138352
237,226,0.9722730770907142
237,225,0.9680141029402175
237,229,0.8537120682099751
237,222,0.9528713406293264
237,203,0.5234895395316518
238,229,0.9680141029402175
238,242,0.9821508484111854
239,186,0.4403537372856233
239,219,0.8670656256772513
239,224,0.884351494543376
239,248,0.9207240750489819
240,205,0.4589141971543624
240,210,0.4431116567443835
240,248,0.9244449030381425
240,241,0.8767996737047881
240,234,0.832143721654529
240,245,0.9218530484106888
241,248,0.9338241719892809
241,240,0.8767996737047881
241,234,0.9713339356626279
242,248,0.9374206207082761
242,247,0.8305719205122523
242,238,0.9821508484111854
242,243,0.9397295588028851
242,232,0.9136075472781886
242,203,0.5483856991194297
243,248,0.9392715785638494
243,242,0.9397295588028851
243,228,0.9487936471897895
243,223,0.9392715785638494
243,232,0.9545253329684085
243,211,0.6354113755556746
244,248,0.9558012826194622
244,231,0.8819114527294108
244,236,0.9558012826194622
244,247,0.8878252998929191
244,237,0.9580325799961955
244,229,0.8248380050311721
245,248,0.9568060828351197
245,240,0.9218530484106888
245,227,0.9313701790131326
245,220,0.8317901323065962
246,248,0.9680141029402175
246,234,0.8821342934480713
247,248,0.8325224456526243
247,244,0.8878252998929191
247,249,0.929896539479191
247,242,0.8305719205122523
248,186,0.4542399075473822
248,239,0.9207240750489819
248,233,0.9036578183206321
248,235,0.9074848476136496
248,224,0.8861113671811454
248,218,0.5778842350851821
248,240,0.9244449030381425
248,241,0.9338241719892809
248,246,0.9680141029402175
248,234,0.8848870781193395
248,231,0.8951076427360172
248,244,0.9558012826194622
248,247,0.8325224456526243
248,249,0.9487936471897895
248,245,0.9568060828351197
248,242,0.9374206207082761
248,243,0.9392715785638494
249,248,0.9487936471897895
249,247,0.929896539479191
