from,to,probability
0,30,0.973241378938998
1,30,0.973241378938998
2,39,0.8860916361795804
2,43,0.8162582242704287
2,7,0.9117908960763035
2,13,0.9487936471897895
2,24,0.9801847561502938
3,12,0.9136075472781886
3,39,0.9355153839991557
4,30,0.9738083407717619
5,36,0.9623684211445606
6,24,0.9820803998915989
6,8,0.8201380591464672
7,39,0.8995067517931726
7,2,0.9117908960763035
7,13,0.973241378938998
7,24,0.9820803998915989
8,24,0.9821508484111854
8,6,0.8201380591464672
9,32,0.973241378938998
10,32,0.973241378938998
10,15,0.9295103977360681
11,40,0.9313209421863069
11,31,0.8149931158650362
12,27,0.9821508484111854
12,39,0.7873498486661376
12,3,0.9136075472781886
13,2,0.9487936471897895
13,7,0.973241378938998
13,24,0.9872954174986995
14,37,0.9623684211445606
14,22,0.9623684211445606
15,32,0.9813602292765327
15,10,0.9295103977360681
16,36,0.973241378938998
17,36,0.973241378938998
17,30,0.9433113231217994
18,26,0.9909996972207402
19,32,0.9821508484111854
19,30,0.9386737058518245
20,30,0.9872954174986995
21,37,0.9722730770907142
22,37,0.9722730770907142
22,14,0.9623684211445606
23,36,0.9801847561502938
23,30,0.8199906474381458
24,39,0.9119948158727124
24,49,0.8268662473683731
24,43,0.8687970426521753
24,44,0.8715253483210845
24,2,0.9801847561502938
24,36,0.9381981204125796
24,33,0.866985469808208
24,7,0.9820803998915989
24,13,0.9872954174986995
24,8,0.9821508484111854
24,6,0.9820803998915989
24,29,0.9437830818422798
25,32,0.9909996972207402
26,18,0.9909996972207402
26,36,0.9821508484111854
27,12,0.9821508484111854
27,39,0.9583247203620042
28,37,0.9801847561502938
28,45,0.7507002319719288
28,38,0.9704542354364942
29,36,0.9872954174986995
29,24,0.9437830818422798
30,36,0.9872954174986995
30,32,0.9640719144033315
30,17,0.9433113231217994
30,23,0.8199906474381458
30,0,0.973241378938998
30,19,0.9386737058518245
30,4,0.9738083407717619
30,20,0.9872954174986995
30,1,0.973241378938998
31,40,0.9545253329684085
31,11,0.8149931158650362
32,36,0.9909996972207402
32,25,0.9909996972207402
32,30,0.9640719144033315
32,15,0.9813602292765327
32,10,0.973241378938998
32,9,0.973241378938998
32,19,0.9821508484111854
33,40,0.843742866986706
33,44,0.9218390051298286
33,24,0.866985469808208
34,40,0.9606142271693334
35,39,0.9722730770907142
35,36,0.832253760936403
36,39,0.973241378938998
36,26,0.9821508484111854
36,24,0.9381981204125796
36,5,0.9623684211445606
36,35,0.832253760936403
36,29,0.9872954174986995
36,32,0.9909996972207402
36,16,0.973241378938998
36,17,0.973241378938998
36,30,0.9872954174986995
36,23,0.9801847561502938
37,14,0.9623684211445606
37,22,0.9722730770907142
37,21,0.9722730770907142
37,28,0.9801847561502938
37,45,0.9302253582882283
38,28,0.9704542354364942
38,45,0.8731780843417525
38,42,0.9653197742132931
39,27,0.9583247203620042
39,12,0.7873498486661376
39,46,0.9119948158727124
39,3,0.9355153839991557
39,2,0.8860916361795804
39,36,0.973241378938998
39,7,0.8995067517931726
39,24,0.9119948158727124
39,35,0.9722730770907142
40,48,0.6657873499030038
40,47,0.9179975025927845
40,49,0.6534888393443942
40,44,0.8786626167531131
40,33,0.843742866986706
40,34,0.9606142271693334
40,31,0.9545253329684085
40,11,0.9313209421863069
41,45,0.9623684211445606
41,47,0.7124916841084122
42,45,0.9722730770907142
42,38,0.9653197742132931
43,49,0.8877705850607494
43,2,0.8162582242704287
43,24,0.8687970426521753
44,49,0.9083775496138666
44,40,0.8786626167531131
44,33,0.9218390051298286
44,24,0.8715253483210845
45,37,0.9302253582882283
45,28,0.7507002319719288
45,38,0.8731780843417525
45,42,0.9722730770907142
45,41,0.9623684211445606
45,48,0.9314733060428629
45,47,0.7306595979728895
46,48,0.8472567404213924
46,39,0.9119948158727124
46,49,0.9501419324278259
47,45,0.7306595979728895
47,41,0.7124916841084122
47,48,0.9722730770907142
47,40,0.9179975025927845
48,45,0.9314733060428629
48,46,0.8472567404213924
48,47,0.9722730770907142
48,49,0.9801847561502938
48,40,0.6657873499030038
49,48,0.9801847561502938
49,46,0.9501419324278259
49,40,0.6534888393443942
49,43,0.8877705850607494
49,44,0.9083775496138666
49,24,0.8268662473683731
