from,to,probability
0,303,0.8582531907618391
0,17,0.8203390681062604
0,294,0.8076348767874965
0,129,0.8079069707212296
1,22,0.9722730770907142
1,47,0.973241378938998
2,342,0.8017530099659084
2,8,0.8850565582148715
3,34,0.8017672412020859
3,37,0.9817941142516216
4,107,0.8296692882718347
4,167,0.9160272021812753
5,303,0.8601940109428347
5,32,0.8522754608399837
5,103,0.9337653050735132
5,6,0.9408603532351597
6,5,0.9408603532351597
6,50,0.973241378938998
7,199,0.8379849375485455
7,50,0.973241378938998
8,342,0.8037701816070539
8,2,0.8850565582148715
9,106,0.6555254358901611
9,56,0.6948762029133611
9,53,0.973241378938998
10,174,0.9064934383485661
10,53,0.973241378938998
11,236,0.851400302505
11,297,0.8355939350344374
11,145,0.8456601377699374
11,71,0.9653197742132931
12,29,0.9909996972207402
13,229,0.8931058511044692
13,169,0.873229376332696
13,155,0.8686103888229814
14,303,0.8632036349967067
14,153,0.7002388651657968
15,159,0.9225797361323311
16,23,0.9218530484106888
16,162,0.8255141985744527
16,43,0.9300086433468401
16,100,0.9550161751648277
17,273,0.8432989432779371
17,208,0.8891105905770373
17,228,0.8717706234733584
17,188,0.8683142075141644
17,294,0.8722445795824325
17,0,0.8203390681062604
17,78,0.8784429864038392
17,129,0.8279278577856729
18,322,0.8274856660846844
18,339,0.8082448117014722
18,61,0.9722730770907142
19,329,0.7794978250317069
19,256,0.886447921210532
19,90,0.864821465771282
19,116,0.7881266979383077
19,123,0.8847971008246514
20,410,0.6888423059822177
21,76,0.9680141029402175
21,53,0.8355881572606184
22,41,0.9000856288552439
22,26,0.9392715785638494
22,1,0.9722730770907142
22,47,0.9820803998915989
22,159,0.7677509494913777
23,30,0.9653197742132931
23,85,0.9653197742132931
23,16,0.9218530484106888
24,35,0.9130416207900005
24,73,0.9703267583806774
25,137,0.5338984268028166
25,346,0.7487757696366494
25,343,0.807631259450463
25,382,0.6289805276611267
26,41,0.7625725675644422
26,22,0.9392715785638494
26,95,0.8573040652033983
26,89,0.9640719144033315
27,273,0.884351494543376
28,113,0.9539728837131289
28,252,0.8301211511679318
29,250,0.8468618649142202
29,108,0.9558012826194622
29,12,0.9909996972207402
30,48,0.8752523430789345
30,136,0.9463836498442388
30,23,0.9653197742132931
30,85,0.8577507283049174
31,303,0.6195932428700055
31,320,0.8596947065562471
32,303,0.8730615761317879
32,5,0.8522754608399837
33,42,0.9064840983577179
33,189,0.9065388816497275
33,63,0.9821508484111854
34,210,0.9114360079070299
34,155,0.7517518959851572
34,37,0.9053514692790071
34,3,0.8017672412020859
35,24,0.9130416207900005
35,73,0.9288856069087523
35,194,0.9199841521720585
35,223,0.6572104349502103
36,324,0.8587081844148019
37,210,0.9133010884855284
37,34,0.9053514692790071
37,3,0.9817941142516216
38,250,0.7221928743592451
38,171,0.852188292856303
38,309,0.8731780843417525
38,88,0.6882503155127004
39,330,0.8452658031014753
39,264,0.8487236080441856
40,260,0.8953092678729296
40,107,0.9652302536595252
41,81,0.9801847561502938
41,22,0.9000856288552439
41,95,0.8437627039073814
41,148,0.7872092266064818
41,26,0.7625725675644422
42,221,0.9135011457660744
42,33,0.9064840983577179
42,63,0.894688145221498
43,16,0.9300086433468401
43,100,0.973241378938998
43,161,0.8270732176773828
44,337,0.6533645283214796
44,210,0.9183469452717982
45,64,0.8669410130367989
45,68,0.7400263776243483
45,226,0.913556091857009
46,97,0.8810764957775318
46,128,0.9117908960763035
46,162,0.8891105905770373
46,221,0.9143865913738085
47,22,0.9820803998915989
47,337,0.834626571424534
47,1,0.973241378938998
48,30,0.8752523430789345
48,136,0.9568060828351197
49,303,0.8201380591464672
49,226,0.7703345196661695
49,134,0.8179849242403801
49,225,0.9151474968755783
49,51,0.9386737058518245
50,103,0.9738083407717619
50,6,0.973241378938998
50,199,0.8615850875285532
50,7,0.973241378938998
51,303,0.8717177368842495
51,49,0.9386737058518245
51,179,0.9355153839991557
52,116,0.9136075472781886
52,155,0.9487936471897895
53,106,0.6476381592788384
53,121,0.9640719144033315
53,76,0.8805701633829723
53,21,0.8355881572606184
53,9,0.973241378938998
53,10,0.973241378938998
53,99,0.9606142271693334
53,281,0.8020148335606581
53,55,0.7111242464040706
54,93,0.9640719144033315
54,176,0.9386737058518245
55,53,0.7111242464040706
55,99,0.9803135280089719
55,281,0.8569792261580245
55,318,0.8355881572606184
55,114,0.9041228461390493
55,209,0.8453966977916593
56,174,0.9411692672390646
56,87,0.9644819118512427
56,106,0.9501419324278259
56,9,0.6948762029133611
57,164,0.9338241719892809
57,140,0.9606142271693334
58,221,0.9218530484106888
59,303,0.8153304753626953
59,174,0.9429172559762844
59,191,0.8708035758814964
59,138,0.9463836498442388
60,119,0.9703267583806774
60,84,0.9462130026561978
61,18,0.9722730770907142
61,339,0.8359645643172163
61,173,0.6776507062352283
61,396,0.5607643773770309
61,369,0.6130421805011633
62,195,0.8341530088880333
62,117,0.9722730770907142
62,246,0.8079069707212296
62,130,0.8472567404213924
62,91,0.8622286422130082
62,152,0.836836737253805
63,221,0.8624997353004263
63,42,0.894688145221498
63,33,0.9821508484111854
63,82,0.8335148203854743
63,189,0.9381981204125796
63,101,0.9040439383872537
64,156,0.9539563636906975
64,45,0.8669410130367989
64,68,0.9298804969197713
64,259,0.7743591340233805
65,180,0.7933214268504987
65,160,0.7734248104318673
65,127,0.9680141029402175
65,373,0.7199623106921906
66,303,0.8895895385572373
66,221,0.8678963821605929
66,186,0.9166560322614283
67,303,0.8900452812176555
68,303,0.8423801782610034
68,64,0.9298804969197713
68,45,0.7400263776243483
68,259,0.91071175634463
69,155,0.9558012826194622
70,303,0.8912644334901888
70,96,0.9653197742132931
71,11,0.9653197742132931
71,145,0.9635139401772062
72,132,0.9704542354364942
73,35,0.9288856069087523
73,24,0.9703267583806774
73,194,0.8854786844658508
73,163,0.9528713406293264
74,296,0.884351494543376
74,217,0.9297019047521184
75,256,0.7471059993744982
75,77,0.973241378938998
75,123,0.9738083407717619
76,174,0.9487936471897895
76,121,0.8857871644038884
76,109,0.9680141029402175
76,53,0.8805701633829723
76,21,0.9680141029402175
77,174,0.9487936471897895
77,75,0.973241378938998
77,123,0.9218390051298286
78,17,0.8784429864038392
78,129,0.973241378938998
79,246,0.9218390051298286
80,142,0.7567750168521147
80,184,0.9463836498442388
80,356,0.7855884393494595
80,342,0.6669062018161804
81,303,0.8554706544321082
81,41,0.9801847561502938
81,177,0.8860330970781489
81,148,0.9338241719892809
81,83,0.973241378938998
81,166,0.9545253329684085
82,221,0.9299265585791833
82,132,0.973241378938998
82,63,0.8335148203854743
82,101,0.9872954174986995
83,81,0.973241378938998
83,166,0.9558012826194622
83,231,0.913556091857009
84,119,0.9801847561502938
84,60,0.9462130026561978
85,30,0.8577507283049174
85,136,0.9738083407717619
85,23,0.9653197742132931
86,199,0.9069168013889104
86,191,0.9143972035270514
86,138,0.9729287619604706
87,174,0.9545253329684085
87,106,0.9625520007466786
87,56,0.9644819118512427
88,309,0.8569337086875665
88,38,0.6882503155127004
88,276,0.9052388287105422
88,322,0.884351494543376
89,95,0.9318432884199691
89,148,0.9719866270833376
89,26,0.9640719144033315
89,231,0.9151474968755783
90,329,0.7894479276353268
90,297,0.8361028384842123
90,147,0.9722730770907142
90,19,0.864821465771282
90,116,0.9318432884199691
91,62,0.8622286422130082
91,152,0.7697465465516787
91,238,0.9066741325234148
91,156,0.9662895600761255
92,244,0.9288856069087523
93,303,0.7990299694529813
93,174,0.8959827247084693
93,253,0.85571696380467
93,122,0.782596545663229
93,54,0.9640719144033315
93,176,0.9555692283061001
94,107,0.8170988248023133
94,149,0.8752523430789345
94,167,0.9606142271693334
94,234,0.8824845487878011
94,241,0.7747511250896163
95,41,0.8437627039073814
95,148,0.973241378938998
95,26,0.8573040652033983
95,89,0.9318432884199691
96,303,0.9020690801393998
96,70,0.9653197742132931
96,170,0.7965232340906238
97,136,0.9606142271693334
97,46,0.8810764957775318
97,128,0.9821508484111854
98,132,0.9820803998915989
99,53,0.9606142271693334
99,281,0.9165029632550649
99,55,0.9803135280089719
100,16,0.9550161751648277
100,162,0.9644819118512427
100,43,0.973241378938998
101,303,0.9054542929333094
101,82,0.9872954174986995
101,132,0.9680141029402175
101,63,0.9040439383872537
101,150,0.9040852792942085
102,124,0.9872954174986995
103,5,0.9337653050735132
103,158,0.9722730770907142
103,274,0.777683572194201
103,50,0.9738083407717619
104,155,0.9738083407717619
105,136,0.973241378938998
105,141,0.9821508484111854
105,111,0.9117908960763035
106,174,0.9640719144033315
106,87,0.9625520007466786
106,56,0.9501419324278259
106,53,0.6476381592788384
106,9,0.6555254358901611
107,303,0.884351494543376
107,260,0.9116160059371156
107,40,0.9652302536595252
107,4,0.8296692882718347
107,149,0.9738083407717619
107,167,0.9606142271693334
107,234,0.9414093153986384
107,94,0.8170988248023133
108,217,0.9459524411813659
108,250,0.8864639042455559
108,29,0.9558012826194622
109,121,0.9909996972207402
109,76,0.9680141029402175
110,303,0.871232533415451
110,200,0.8612542518240907
110,262,0.9301979007459914
111,136,0.9872954174986995
111,141,0.9487936471897895
111,105,0.9117908960763035
112,142,0.9844266607289975
113,221,0.9152682940533224
113,186,0.9623684211445606
113,196,0.8681118569097338
113,28,0.9539728837131289
113,252,0.8566476470714758
113,157,0.8939854380592195
114,55,0.9041228461390493
114,209,0.8729234626690084
114,180,0.9644819118512427
115,303,0.9143972035270514
115,202,0.9545253329684085
116,174,0.9159679968879412
116,169,0.9722730770907142
116,147,0.8895895385572373
116,90,0.9318432884199691
116,19,0.7881266979383077
116,123,0.9020909832238383
116,155,0.973241378938998
116,144,0.8904787484706886
116,52,0.9136075472781886
117,183,0.781515433223275
117,62,0.9722730770907142
117,190,0.9640719144033315
117,246,0.8285774273060031
118,303,0.9152682940533224
118,177,0.9386737058518245
119,450,0.6913914176549265
119,60,0.9703267583806774
119,84,0.9801847561502938
120,303,0.8977569795193342
120,243,0.9449487209151111
121,174,0.9738083407717619
121,76,0.8857871644038884
121,109,0.9909996972207402
121,53,0.9640719144033315
122,174,0.9738083407717619
122,93,0.782596545663229
123,174,0.9742633661702257
123,256,0.7564070294082557
123,19,0.8847971008246514
123,116,0.9020909832238383
123,75,0.9738083407717619
123,77,0.9218390051298286
124,238,0.9487936471897895
124,259,0.8632036349967067
124,102,0.9872954174986995
125,384,0.73380792533651
125,242,0.9483143562269498
126,132,0.9026763863062693
126,150,0.8618942577346433
126,251,0.9433113231217994
127,65,0.9680141029402175
127,373,0.7919954092993594
128,97,0.9821508484111854
128,46,0.9117908960763035
128,221,0.9539728837131289
129,303,0.9098067083954385
129,17,0.8279278577856729
129,0,0.8079069707212296
129,78,0.973241378938998
129,221,0.9539728837131289
130,62,0.8472567404213924
130,246,0.8888833154183273
130,152,0.9528713406293264
130,181,0.9722730770907142
131,303,0.9200400887774002
132,221,0.9550161751648277
132,82,0.973241378938998
132,101,0.9680141029402175
132,150,0.8821460617910849
132,126,0.9026763863062693
132,98,0.9820803998915989
132,72,0.9704542354364942
133,303,0.7536750900706825
133,266,0.9386737058518245
133,246,0.9381981204125796
133,239,0.7133015497025612
133,283,0.7802870504979349
134,226,0.9558012826194622
134,232,0.7834027441434154
134,49,0.8179849242403801
134,179,0.9303767962390415
135,303,0.9218530484106888
136,30,0.9463836498442388
136,48,0.9568060828351197
136,141,0.8645156191802411
136,105,0.973241378938998
136,111,0.9872954174986995
136,208,0.9391156092995281
136,188,0.973241378938998
136,85,0.9738083407717619
136,97,0.9606142271693334
137,25,0.5338984268028166
137,197,0.9501419324278259
137,305,0.9225797361323311
138,191,0.973241378938998
138,59,0.9463836498442388
138,86,0.9729287619604706
139,155,0.9909996972207402
140,164,0.9640719144033315
140,57,0.9606142271693334
140,210,0.9640719144033315
141,136,0.8645156191802411
141,273,0.9414093153986384
141,105,0.9821508484111854
141,111,0.9487936471897895
141,208,0.9640719144033315
142,211,0.9319412935813508
142,277,0.7580456467660203
142,258,0.9463836498442388
142,112,0.9844266607289975
142,184,0.7287410983547898
142,80,0.7567750168521147
143,174,0.9821508484111854
144,174,0.9821508484111854
144,116,0.8904787484706886
145,210,0.966248259648567
145,11,0.8456601377699374
145,71,0.9635139401772062
146,303,0.9261529782953875
146,282,0.9136075472781886
147,297,0.9342612499401067
147,169,0.9775635533426917
147,90,0.9722730770907142
147,116,0.8895895385572373
148,81,0.9338241719892809
148,41,0.7872092266064818
148,95,0.973241378938998
148,166,0.9872954174986995
148,231,0.9242155594578156
148,89,0.9719866270833376
149,107,0.9738083407717619
149,234,0.9625520007466786
149,94,0.8752523430789345
150,303,0.9264864348234948
150,132,0.8821460617910849
150,101,0.9040852792942085
150,251,0.9550161751648277
150,126,0.8618942577346433
151,197,0.7758445016015467
151,173,0.9640719144033315
151,375,0.7979220328153631
152,62,0.836836737253805
152,246,0.8760910752026436
152,130,0.9528713406293264
152,91,0.7697465465516787
152,181,0.9218530484106888
152,238,0.9623684211445606
153,303,0.9314733060428629
153,14,0.7002388651657968
153,214,0.9276360025292943
154,303,0.9252426140965927
154,329,0.9059512961069284
155,169,0.9909996972207402
155,13,0.8686103888229814
155,116,0.973241378938998
155,34,0.7517518959851572
155,104,0.9738083407717619
155,52,0.9487936471897895
155,139,0.9909996972207402
155,69,0.9558012826194622
156,91,0.9662895600761255
156,238,0.9634532126951556
156,64,0.9539563636906975
156,259,0.8968398854260691
157,303,0.9331827047638007
157,113,0.8939854380592195
157,252,0.8353117967290991
157,189,0.7612243971419728
158,303,0.9335690064097447
158,103,0.9722730770907142
158,274,0.8390829025270309
159,22,0.7677509494913777
159,337,0.8635314785493365
159,15,0.9225797361323311
159,296,0.9437830818422798
160,341,0.7545938662310289
160,351,0.740807548125497
160,180,0.9909996972207402
160,65,0.7734248104318673
160,178,0.9821508484111854
160,373,0.6929156195404621
161,43,0.8270732176773828
161,221,0.9722730770907142
162,16,0.8255141985744527
162,46,0.8891105905770373
162,221,0.973241378938998
162,100,0.9644819118512427
163,73,0.9528713406293264
163,194,0.9872954174986995
164,329,0.9117908960763035
164,57,0.9338241719892809
164,140,0.9640719144033315
164,210,0.9094266377615344
165,337,0.8731780843417525
165,296,0.9463836498442388
165,308,0.7690972715084331
166,81,0.9545253329684085
166,148,0.9872954174986995
166,83,0.9558012826194622
166,231,0.9722730770907142
167,107,0.9606142271693334
167,4,0.9160272021812753
167,94,0.9606142271693334
167,195,0.9872954174986995
168,303,0.9386737058518245
169,297,0.9487936471897895
169,229,0.9076319992126715
169,147,0.9775635533426917
169,13,0.873229376332696
169,116,0.9722730770907142
169,155,0.9909996972207402
170,303,0.9411692672390646
170,254,0.9152682940533224
170,96,0.7965232340906238
171,337,0.8737978293116279
171,250,0.8020148335606581
171,309,0.9386737058518245
171,38,0.852188292856303
172,322,0.80768401376524
172,279,0.9558012826194622
172,257,0.9067124887106888
173,61,0.6776507062352283
173,151,0.9640719144033315
173,375,0.8079069707212296
173,396,0.7149342385737546
173,391,0.7398537424135401
174,303,0.9152682940533224
174,329,0.869080674762441
174,320,0.8842931407587937
174,243,0.9722730770907142
174,267,0.886119031966039
174,256,0.9338241719892809
174,93,0.8959827247084693
174,122,0.9738083407717619
174,116,0.9159679968879412
174,77,0.9487936471897895
174,123,0.9742633661702257
174,143,0.9821508484111854
174,216,0.870060589350114
174,144,0.9821508484111854
174,59,0.9429172559762844
174,87,0.9545253329684085
174,106,0.9640719144033315
174,56,0.9411692672390646
174,121,0.9738083407717619
174,76,0.9487936471897895
174,10,0.9064934383485661
175,355,0.8445927200102071
175,212,0.9722730770907142
175,344,0.8151847151447701
176,93,0.9555692283061001
176,54,0.9386737058518245
176,216,0.9821508484111854
177,303,0.9436582263695744
177,81,0.8860330970781489
177,118,0.9386737058518245
178,351,0.7450023669814603
178,160,0.9821508484111854
178,358,0.8405957963283339
178,373,0.7158710439563468
179,303,0.9449487209151111
179,134,0.9303767962390415
179,51,0.9355153839991557
180,341,0.8344947074176731
180,114,0.9644819118512427
180,209,0.9872954174986995
180,160,0.9909996972207402
180,65,0.7933214268504987
181,246,0.973241378938998
181,130,0.9722730770907142
181,152,0.9218530484106888
182,344,0.7377507771104156
182,299,0.9491740977316223
183,303,0.8354130354361818
183,195,0.9801847561502938
183,241,0.81217666323063
183,247,0.973241378938998
183,190,0.7872092266064818
183,117,0.781515433223275
184,142,0.7287410983547898
184,258,0.9056135760428643
184,80,0.9463836498442388
184,356,0.8468618649142202
185,260,0.9680141029402175
185,203,0.973241378938998
185,285,0.9386737058518245
186,303,0.9463836498442388
186,221,0.8421644681725391
186,113,0.9623684211445606
186,66,0.9166560322614283
186,252,0.8841284630228493
187,303,0.9463836498442388
187,284,0.9225797361323311
187,202,0.9644819118512427
188,136,0.973241378938998
188,208,0.9909996972207402
188,17,0.8683142075141644
189,303,0.9463836498442388
189,221,0.906935442825665
189,157,0.7612243971419728
189,33,0.9065388816497275
189,63,0.9381981204125796
189,230,0.9821508484111854
190,303,0.9487936471897895
190,183,0.7872092266064818
190,117,0.9640719144033315
190,266,0.8137298632758454
190,246,0.8498130428640799
191,303,0.9487936471897895
191,199,0.9722730770907142
191,59,0.8708035758814964
191,86,0.9143972035270514
191,138,0.973241378938998
192,303,0.9183469452717982
192,265,0.9680141029402175
193,344,0.8824745141758699
193,205,0.9338241719892809
194,35,0.9199841521720585
194,73,0.8854786844658508
194,163,0.9872954174986995
194,301,0.9504840260532006
194,223,0.9606142271693334
195,167,0.9872954174986995
195,241,0.9821508484111854
195,183,0.9801847561502938
195,62,0.8341530088880333
196,221,0.9872954174986995
196,113,0.8681118569097338
197,137,0.9501419324278259
197,151,0.7758445016015467
197,305,0.8894981001052298
197,333,0.9131628725751649
197,375,0.7024091305080208
198,313,0.906935442825665
198,387,0.7699776618872116
198,263,0.8894981001052298
198,361,0.8432989432779371
199,303,0.9528713406293264
199,274,0.9056547026909636
199,50,0.8615850875285532
199,191,0.9722730770907142
199,7,0.8379849375485455
199,86,0.9069168013889104
200,303,0.9545253329684085
200,110,0.8612542518240907
200,262,0.9722730770907142
201,303,0.9545253329684085
202,303,0.9545253329684085
202,187,0.9644819118512427
202,115,0.9545253329684085
203,303,0.9545253329684085
203,260,0.973241378938998
203,185,0.973241378938998
203,284,0.8968529194623647
204,303,0.9545253329684085
204,289,0.8894981001052298
205,344,0.8878300544901431
205,193,0.9338241719892809
206,303,0.9183740444181987
206,283,0.9680141029402175
207,303,0.9558491977655615
208,136,0.9391156092995281
208,141,0.9640719144033315
208,273,0.973241378938998
208,188,0.9909996972207402
208,17,0.8891105905770373
209,318,0.9437830818422798
209,55,0.8453966977916593
209,341,0.8172133897330325
209,114,0.8729234626690084
209,180,0.9872954174986995
210,337,0.906935442825665
210,164,0.9094266377615344
210,140,0.9640719144033315
210,145,0.966248259648567
210,34,0.9114360079070299
210,44,0.9183469452717982
210,37,0.9133010884855284
211,332,0.921919176583641
211,142,0.9319412935813508
212,280,0.9743504181289488
212,175,0.9722730770907142
213,278,0.9417246184471164
213,334,0.9200400887774002
213,456,0.6844595990958841
214,303,0.9606142271693334
214,153,0.9276360025292943
215,303,0.9606142271693334
215,285,0.9461935248105239
216,303,0.9606142271693334
216,174,0.870060589350114
216,176,0.9821508484111854
217,296,0.7450825020749473
217,74,0.9297019047521184
217,250,0.9872954174986995
217,108,0.9459524411813659
218,331,0.9259590347582638
219,303,0.9623684211445606
219,240,0.9743504181289488
220,303,0.9623684211445606
220,274,0.973241378938998
221,303,0.9634090365923688
221,46,0.9143865913738085
221,128,0.9539728837131289
221,129,0.9539728837131289
221,162,0.973241378938998
221,58,0.9218530484106888
221,161,0.9722730770907142
221,113,0.9152682940533224
221,66,0.8678963821605929
221,186,0.8421644681725391
221,196,0.9872954174986995
221,42,0.9135011457660744
221,82,0.9299265585791833
221,189,0.906935442825665
221,132,0.9550161751648277
221,63,0.8624997353004263
222,303,0.9545253329684085
222,283,0.8526504719938727
222,293,0.9722730770907142
223,35,0.6572104349502103
223,194,0.9606142271693334
223,301,0.9644819118512427
224,345,0.8929791615790088
225,303,0.9640502867923578
225,226,0.8958948207707479
225,49,0.9151474968755783
226,303,0.9640719144033315
226,45,0.913556091857009
226,232,0.8011869476044715
226,134,0.9558012826194622
226,225,0.8958948207707479
226,49,0.7703345196661695
227,303,0.9644819118512427
227,292,0.9233495930287094
228,273,0.9821508484111854
228,17,0.8717706234733584
228,294,0.7693579990306773
229,297,0.973241378938998
229,169,0.9076319992126715
229,13,0.8931058511044692
230,303,0.9652146743072774
230,189,0.9821508484111854
231,303,0.9652146743072774
231,148,0.9242155594578156
231,83,0.913556091857009
231,166,0.9722730770907142
231,89,0.9151474968755783
231,329,0.9134355206558386
232,303,0.9652302536595252
232,226,0.8011869476044715
232,134,0.7834027441434154
233,303,0.9652302536595252
233,260,0.9821508484111854
234,303,0.9653197742132931
234,107,0.9414093153986384
234,149,0.9625520007466786
234,94,0.8824845487878011
234,241,0.8683142075141644
235,336,0.8963212486779951
235,287,0.9657519676476977
235,324,0.9479184133249302
236,329,0.814796522100632
236,298,0.973241378938998
236,237,0.8854786844658508
236,297,0.8472567404213924
236,11,0.851400302505
237,329,0.9401309053801926
237,236,0.8854786844658508
237,297,0.8439167862309399
238,246,0.9053338104244587
238,91,0.9066741325234148
238,152,0.9623684211445606
238,156,0.9634532126951556
238,259,0.9899427146690853
238,124,0.9487936471897895
239,303,0.9680141029402175
239,133,0.7133015497025612
239,283,0.7976971582264413
240,303,0.9680141029402175
240,219,0.9743504181289488
241,303,0.9680141029402175
241,234,0.8683142075141644
241,94,0.7747511250896163
241,195,0.9821508484111854
241,247,0.871232533415451
241,183,0.81217666323063
242,374,0.8332298175832424
242,125,0.9483143562269498
243,303,0.9241798368147021
243,320,0.9545253329684085
243,120,0.9449487209151111
243,174,0.9722730770907142
244,350,0.7593867145331891
244,491,0.6649484216567438
244,92,0.9288856069087523
245,303,0.9680141029402175
245,289,0.9801847561502938
245,260,0.9471987816790822
246,62,0.8079069707212296
246,190,0.8498130428640799
246,117,0.8285774273060031
246,266,0.9909996972207402
246,130,0.8888833154183273
246,152,0.8760910752026436
246,181,0.973241378938998
246,133,0.9381981204125796
246,238,0.9053338104244587
246,283,0.637282520196097
246,79,0.9218390051298286
247,303,0.9719866270833376
247,241,0.871232533415451
247,183,0.973241378938998
248,303,0.9722730770907142
248,329,0.8968570558840833
249,303,0.973241378938998
249,284,0.9483143562269498
250,337,0.8784429864038392
250,296,0.9820803998915989
250,217,0.9872954174986995
250,108,0.8864639042455559
250,29,0.8468618649142202
250,171,0.8020148335606581
250,38,0.7221928743592451
251,303,0.9738083407717619
251,150,0.9550161751648277
251,126,0.9433113231217994
252,303,0.9738083407717619
252,113,0.8566476470714758
252,186,0.8841284630228493
252,28,0.8301211511679318
252,157,0.8353117967290991
253,303,0.9738083407717619
253,93,0.85571696380467
254,303,0.9747522414139314
254,170,0.9152682940533224
254,262,0.896448572290404
255,329,0.9483143562269498
256,329,0.9487936471897895
256,174,0.9338241719892809
256,19,0.886447921210532
256,75,0.7471059993744982
256,123,0.7564070294082557
257,339,0.8463082564443137
257,172,0.9067124887106888
257,312,0.9729287619604706
258,277,0.9821508484111854
258,338,0.9227155337830817
258,142,0.9463836498442388
258,184,0.9056135760428643
259,303,0.9775635533426917
259,238,0.9899427146690853
259,156,0.8968398854260691
259,64,0.7743591340233805
259,68,0.91071175634463
259,124,0.8632036349967067
260,303,0.9775635533426917
260,289,0.9558012826194622
260,40,0.8953092678729296
260,107,0.9116160059371156
260,245,0.9471987816790822
260,203,0.973241378938998
260,185,0.9680141029402175
260,233,0.9821508484111854
260,285,0.8821342934480713
261,329,0.9314733060428629
261,325,0.9558491977655615
261,307,0.8794411724354775
262,303,0.9528713406293264
262,254,0.896448572290404
262,200,0.9722730770907142
262,110,0.9301979007459914
262,286,0.9909996972207402
263,198,0.8894981001052298
263,328,0.9528713406293264
264,39,0.8487236080441856
264,330,0.944423470169336
265,303,0.9801847561502938
265,192,0.9680141029402175
266,303,0.9801847561502938
266,190,0.8137298632758454
266,246,0.9909996972207402
266,133,0.9386737058518245
267,303,0.9801847561502938
267,174,0.886119031966039
268,393,0.4041204053381025
268,301,0.9821508484111854
269,329,0.9545253329684085
270,303,0.9820803998915989
271,303,0.9821508484111854
272,303,0.9821508484111854
273,141,0.9414093153986384
273,303,0.9821508484111854
273,27,0.884351494543376
273,208,0.973241378938998
273,228,0.9821508484111854
273,17,0.8432989432779371
274,303,0.9821508484111854
274,103,0.777683572194201
274,158,0.8390829025270309
274,220,0.973241378938998
274,199,0.9056547026909636
275,344,0.913556091857009
276,309,0.9801847561502938
276,290,0.8704525081378996
276,88,0.9052388287105422
276,322,0.8511921460983393
277,332,0.8203390681062604
277,340,0.778660486531112
277,338,0.929896539479191
277,142,0.7580456467660203
277,258,0.9821508484111854
278,213,0.9417246184471164
278,318,0.6221215861885061
278,334,0.9437830818422798
278,341,0.7390308824903482
279,337,0.8745595107716905
279,322,0.8216810798832709
279,291,0.9136075472781886
279,172,0.9558012826194622
279,376,0.8441299985026679
280,336,0.9352284274973984
280,212,0.9743504181289488
280,344,0.8663722147608482
281,53,0.8020148335606581
281,99,0.9165029632550649
281,318,0.9722730770907142
281,55,0.8569792261580245
282,303,0.9872954174986995
282,146,0.9136075472781886
283,303,0.9872954174986995
283,246,0.637282520196097
283,239,0.7976971582264413
283,133,0.7802870504979349
283,222,0.8526504719938727
283,293,0.9318432884199691
283,206,0.9680141029402175
284,303,0.9872954174986995
284,203,0.8968529194623647
284,249,0.9483143562269498
284,187,0.9225797361323311
285,303,0.9872954174986995
285,260,0.8821342934480713
285,185,0.9386737058518245
285,215,0.9461935248105239
286,303,0.9872954174986995
286,262,0.9909996972207402
287,336,0.9367756025737994
287,235,0.9657519676476977
288,303,0.9398663543806614
288,329,0.9623684211445606
289,303,0.9899427146690853
289,260,0.9558012826194622
289,204,0.8894981001052298
289,245,0.9801847561502938
290,309,0.9872954174986995
290,276,0.8704525081378996
290,322,0.9606142271693334
291,337,0.9369812483497675
291,322,0.8500944839270659
291,279,0.9136075472781886
292,303,0.9909996972207402
292,227,0.9233495930287094
293,303,0.9909996972207402
293,283,0.9318432884199691
293,222,0.9722730770907142
294,303,0.9909996972207402
294,228,0.7693579990306773
294,17,0.8722445795824325
294,0,0.8076348767874965
295,303,0.9909996972207402
296,337,0.9381981204125796
296,159,0.9437830818422798
296,308,0.9437830818422798
296,74,0.884351494543376
296,165,0.9463836498442388
296,217,0.7450825020749473
296,250,0.9820803998915989
297,329,0.9640719144033315
297,236,0.8472567404213924
297,237,0.8439167862309399
297,229,0.973241378938998
297,11,0.8355939350344374
297,169,0.9487936471897895
297,147,0.9342612499401067
297,90,0.8361028384842123
298,329,0.9653197742132931
298,236,0.973241378938998
299,344,0.7713411430469654
299,323,0.9680141029402175
299,319,0.9821508484111854
299,324,0.973241378938998
299,182,0.9491740977316223
300,335,0.9545253329684085
301,194,0.9504840260532006
301,268,0.9821508484111854
301,223,0.9644819118512427
301,321,0.9821508484111854
301,336,0.7840458576953303
301,327,0.8968570558840833
302,329,0.9722730770907142
302,337,0.8891105905770373
302,325,0.9653197742132931
303,273,0.9821508484111854
303,289,0.9899427146690853
303,260,0.9775635533426917
303,107,0.884351494543376
303,204,0.9545253329684085
303,245,0.9680141029402175
303,203,0.9545253329684085
303,233,0.9652302536595252
303,294,0.9909996972207402
303,284,0.9872954174986995
303,285,0.9872954174986995
303,249,0.973241378938998
303,234,0.9653197742132931
303,0,0.8582531907618391
303,215,0.9606142271693334
303,129,0.9098067083954385
303,187,0.9463836498442388
303,221,0.9634090365923688
303,241,0.9680141029402175
303,202,0.9545253329684085
303,115,0.9143972035270514
303,219,0.9623684211445606
303,240,0.9680141029402175
303,247,0.9719866270833376
303,183,0.8354130354361818
303,135,0.9218530484106888
303,66,0.8895895385572373
303,186,0.9463836498442388
303,190,0.9487936471897895
303,266,0.9801847561502938
303,252,0.9738083407717619
303,239,0.9680141029402175
303,157,0.9331827047638007
303,133,0.7536750900706825
303,283,0.9872954174986995
303,272,0.9821508484111854
303,189,0.9463836498442388
303,192,0.9183469452717982
303,168,0.9386737058518245
303,68,0.8423801782610034
303,230,0.9652146743072774
303,222,0.9545253329684085
303,101,0.9054542929333094
303,259,0.9775635533426917
303,293,0.9909996972207402
303,265,0.9801847561502938
303,201,0.9545253329684085
303,226,0.9640719144033315
303,150,0.9264864348234948
303,206,0.9183740444181987
303,232,0.9652302536595252
303,251,0.9738083407717619
303,81,0.8554706544321082
303,225,0.9640502867923578
303,177,0.9436582263695744
303,118,0.9152682940533224
303,49,0.8201380591464672
303,179,0.9449487209151111
303,270,0.9820803998915989
303,51,0.8717177368842495
303,131,0.9200400887774002
303,231,0.9652146743072774
303,14,0.8632036349967067
303,153,0.9314733060428629
303,214,0.9606142271693334
303,154,0.9252426140965927
303,207,0.9558491977655615
303,248,0.9722730770907142
303,288,0.9398663543806614
303,329,0.9722730770907142
303,282,0.9872954174986995
303,271,0.9821508484111854
303,227,0.9644819118512427
303,146,0.9261529782953875
303,292,0.9909996972207402
303,67,0.8900452812176555
303,254,0.9747522414139314
303,31,0.6195932428700055
303,70,0.8912644334901888
303,96,0.9020690801393998
303,200,0.9545253329684085
303,110,0.871232533415451
303,170,0.9411692672390646
303,320,0.8537184817544846
303,262,0.9528713406293264
303,120,0.8977569795193342
303,295,0.9909996972207402
303,243,0.9241798368147021
303,286,0.9872954174986995
303,267,0.9801847561502938
303,32,0.8730615761317879
303,174,0.9152682940533224
303,253,0.9738083407717619
303,5,0.8601940109428347
303,93,0.7990299694529813
303,158,0.9335690064097447
303,220,0.9623684211445606
303,274,0.9821508484111854
303,199,0.9528713406293264
303,216,0.9606142271693334
303,191,0.9487936471897895
303,59,0.8153304753626953
304,337,0.9463836498442388
304,322,0.9414093153986384
305,197,0.8894981001052298
305,137,0.9225797361323311
305,346,0.9216452272550173
305,333,0.9285126991447313
305,391,0.7707883246037421
306,329,0.973241378938998
307,329,0.9738083407717619
307,337,0.9386737058518245
307,325,0.9528713406293264
307,261,0.8794411724354775
308,337,0.9483143562269498
308,296,0.9437830818422798
308,165,0.7690972715084331
309,337,0.9487936471897895
309,171,0.9386737058518245
309,38,0.8731780843417525
309,290,0.9872954174986995
309,276,0.9801847561502938
309,88,0.8569337086875665
310,491,0.6875400563431989
310,403,0.6955491668040387
311,338,0.9463836498442388
311,365,0.8778507136781892
311,356,0.8883852499253981
312,339,0.8631965201356
312,257,0.9729287619604706
312,386,0.7713977548748561
312,353,0.902769691485617
313,330,0.8959827247084693
313,198,0.906935442825665
313,363,0.8316329326950501
313,387,0.8318462884574691
314,329,0.9801847561502938
314,320,0.8881253300757229
315,329,0.9801847561502938
316,329,0.9821508484111854
317,387,0.8361050576303127
317,328,0.8423709017684322
317,361,0.8270635222644824
317,383,0.8491267097606369
317,408,0.7748485149603399
318,278,0.6221215861885061
318,281,0.9722730770907142
318,55,0.8355881572606184
318,341,0.9487936471897895
318,209,0.9437830818422798
319,336,0.9623684211445606
319,323,0.96455109796153
319,299,0.9821508484111854
320,303,0.8537184817544846
320,329,0.9872954174986995
320,31,0.8596947065562471
320,314,0.8881253300757229
320,243,0.9545253329684085
320,174,0.8842931407587937
321,301,0.9821508484111854
321,336,0.9652302536595252
321,327,0.7674751430627582
322,337,0.9076319992126715
322,290,0.9606142271693334
322,276,0.8511921460983393
322,88,0.884351494543376
322,304,0.9414093153986384
322,18,0.8274856660846844
322,291,0.8500944839270659
322,339,0.9565319720480442
322,279,0.8216810798832709
322,172,0.80768401376524
323,344,0.9463427450445413
323,319,0.96455109796153
323,299,0.9680141029402175
324,336,0.9662895600761255
324,235,0.9479184133249302
324,299,0.973241378938998
324,36,0.8587081844148019
325,329,0.9338241719892809
325,337,0.9680141029402175
325,302,0.9653197742132931
325,261,0.9558491977655615
325,307,0.9528713406293264
326,357,0.7474622440611152
326,352,0.8968398854260691
326,328,0.8151847151447701
326,349,0.9334624079973398
327,301,0.8968570558840833
327,321,0.7674751430627582
327,336,0.973241378938998
328,326,0.8151847151447701
328,263,0.9528713406293264
328,349,0.9261191283460204
328,361,0.7780191684776494
328,317,0.8423709017684322
328,429,0.8011869476044715
329,303,0.9722730770907142
329,231,0.9134355206558386
329,154,0.9059512961069284
329,248,0.8968570558840833
329,288,0.9623684211445606
329,315,0.9801847561502938
329,337,0.973241378938998
329,302,0.9722730770907142
329,306,0.973241378938998
329,325,0.9338241719892809
329,261,0.9314733060428629
329,269,0.9545253329684085
329,307,0.9738083407717619
329,255,0.9483143562269498
329,316,0.9821508484111854
329,320,0.9872954174986995
329,314,0.9801847561502938
329,298,0.9653197742132931
329,236,0.814796522100632
329,174,0.869080674762441
329,237,0.9401309053801926
329,164,0.9117908960763035
329,297,0.9640719144033315
329,256,0.9487936471897895
329,90,0.7894479276353268
329,19,0.7794978250317069
330,39,0.8452658031014753
330,264,0.944423470169336
330,313,0.8959827247084693
330,363,0.9167998432920906
331,337,0.882170571457163
331,357,0.9282688659415461
331,218,0.9259590347582638
332,345,0.9635139401772062
332,340,0.8040779762126746
332,211,0.921919176583641
332,277,0.8203390681062604
333,197,0.9131628725751649
333,305,0.9285126991447313
333,375,0.8944569500723553
334,278,0.9437830818422798
334,213,0.9200400887774002
334,456,0.7464626692614772
334,341,0.8416033052298046
334,371,0.9039241317104403
334,351,0.897573921915672
335,300,0.9545253329684085
335,359,0.9259006636492924
336,301,0.7840458576953303
336,321,0.9652302536595252
336,280,0.9352284274973984
336,344,0.9801847561502938
336,327,0.973241378938998
336,235,0.8963212486779951
336,287,0.9367756025737994
336,319,0.9623684211445606
336,324,0.9662895600761255
337,329,0.973241378938998
337,47,0.834626571424534
337,302,0.8891105905770373
337,325,0.9680141029402175
337,159,0.8635314785493365
337,296,0.9381981204125796
337,307,0.9386737058518245
337,308,0.9483143562269498
337,165,0.8731780843417525
337,250,0.8784429864038392
337,171,0.8737978293116279
337,210,0.906935442825665
337,309,0.9487936471897895
337,322,0.9076319992126715
337,44,0.6533645283214796
337,304,0.9463836498442388
337,357,0.9386737058518245
337,291,0.9369812483497675
337,331,0.882170571457163
337,279,0.8745595107716905
337,347,0.973241378938998
338,471,0.7125625595646441
338,340,0.7604361350378873
338,459,0.6728323077152863
338,360,0.937706691045615
338,277,0.929896539479191
338,258,0.9227155337830817
338,311,0.9463836498442388
339,322,0.9565319720480442
339,18,0.8082448117014722
339,61,0.8359645643172163
339,257,0.8463082564443137
339,312,0.8631965201356
339,369,0.9231414344942847
339,353,0.8177370988424075
340,345,0.7972183618225142
340,401,0.8055516461412187
340,332,0.8040779762126746
340,385,0.8897587850480411
340,277,0.778660486531112
340,338,0.7604361350378873
341,278,0.7390308824903482
341,318,0.9487936471897895
341,334,0.8416033052298046
341,351,0.9623684211445606
341,209,0.8172133897330325
341,180,0.8344947074176731
341,160,0.7545938662310289
342,80,0.6669062018161804
342,356,0.8307162854767866
342,418,0.846113756106927
342,2,0.8017530099659084
342,8,0.8037701816070539
343,25,0.807631259450463
343,382,0.9041228461390493
344,450,0.8117809874678887
344,355,0.8555526205876358
344,280,0.8663722147608482
344,175,0.8151847151447701
344,336,0.9801847561502938
344,275,0.913556091857009
344,323,0.9463427450445413
344,205,0.8878300544901431
344,193,0.8824745141758699
344,299,0.7713411430469654
344,182,0.7377507771104156
345,467,0.6701126472197635
345,224,0.8929791615790088
345,401,0.8667035294451287
345,332,0.9635139401772062
345,340,0.7972183618225142
346,25,0.7487757696366494
346,305,0.9216452272550173
346,391,0.8900177881850106
347,337,0.973241378938998
347,357,0.890700797753449
347,376,0.9302253582882283
348,365,0.794213019673343
348,473,0.7886571144464505
348,377,0.7961589106619053
348,392,0.8489136315024536
349,326,0.9334624079973398
349,352,0.9872954174986995
349,328,0.9261191283460204
349,364,0.8889196006794603
349,429,0.8188044507824525
350,422,0.8713520671441922
350,368,0.8686103888229814
350,491,0.676903778313339
350,244,0.7593867145331891
351,334,0.897573921915672
351,341,0.9623684211445606
351,371,0.9528713406293264
351,394,0.9083775496138666
351,160,0.740807548125497
351,178,0.7450023669814603
351,358,0.6884051704427817
352,357,0.9437830818422798
352,326,0.8968398854260691
352,349,0.9872954174986995
352,389,0.9161003501062879
352,364,0.973241378938998
353,339,0.8177370988424075
353,312,0.902769691485617
353,369,0.9197180289558177
353,395,0.9076319992126715
353,412,0.8653192172024627
354,368,0.973241378938998
355,450,0.8432106896685363
355,175,0.8445927200102071
355,344,0.8555526205876358
356,311,0.8883852499253981
356,184,0.8468618649142202
356,365,0.8951704573420544
356,80,0.7855884393494595
356,342,0.8307162854767866
356,418,0.8824845487878011
357,337,0.9386737058518245
357,331,0.9282688659415461
357,347,0.890700797753449
357,376,0.9200400887774002
357,326,0.7474622440611152
357,352,0.9437830818422798
357,389,0.9224509634219428
358,351,0.6884051704427817
358,394,0.7699000748858489
358,471,0.8123721550606331
358,178,0.8405957963283339
358,398,0.9083775496138666
358,373,0.8558471932491926
359,393,0.9230839370295274
359,335,0.9259006636492924
360,401,0.906935442825665
360,385,0.8921526305274108
360,372,0.9738083407717619
360,338,0.937706691045615
361,198,0.8432989432779371
361,387,0.748518931506592
361,328,0.7780191684776494
361,383,0.9501419324278259
361,317,0.8270635222644824
362,474,0.8147029181661731
362,484,0.7645048481466261
362,440,0.8208761280668567
362,433,0.8615850875285532
362,368,0.9136075472781886
363,330,0.9167998432920906
363,313,0.8316329326950501
363,387,0.9345479882608408
364,352,0.973241378938998
364,349,0.8889196006794603
364,389,0.9300086433468401
364,379,0.9583247203620042
364,429,0.804043694205911
365,460,0.812163651662954
365,311,0.8778507136781892
365,356,0.8951704573420544
365,348,0.794213019673343
365,418,0.8645248909828307
365,377,0.9549459937243078
365,438,0.8777609706777058
366,382,0.9100851990856139
366,391,0.9380707758593515
367,370,0.9644819118512427
367,435,0.8888249974318859
368,433,0.8866643834626358
368,362,0.9136075472781886
368,354,0.973241378938998
368,350,0.8686103888229814
368,381,0.9662032285945363
369,339,0.9231414344942847
369,61,0.6130421805011633
369,353,0.9197180289558177
369,399,0.9021836302794737
369,412,0.9152682940533224
369,404,0.8168621899018293
370,393,0.9444184714132219
370,367,0.9644819118512427
370,435,0.8821342934480713
370,450,0.7938684495977112
371,334,0.9039241317104403
371,456,0.8624997353004263
371,351,0.9528713406293264
371,394,0.9137040921746717
372,471,0.8429623764181786
372,401,0.8762085089500666
372,360,0.9738083407717619
373,471,0.8432989432779371
373,160,0.6929156195404621
373,65,0.7199623106921906
373,178,0.7158710439563468
373,127,0.7919954092993594
373,358,0.8558471932491926
373,467,0.8338975914869716
374,391,0.9527396919219954
374,242,0.8332298175832424
375,197,0.7024091305080208
