4.075814651140242 2
	a 0 6 0.8810334329034094
	a 6 0 0.8810334329034094
1.736729025303938 2
	a 0 22 0.9453347129663126
	a 22 0 0.9453347129663126
2.742305664384128 2
	a 0 13 0.9164588764828223
	a 13 0 0.9164588764828223
1.084926021746002 2
	a 0 24 0.9651126791441141
	a 24 0 0.9651126791441141
0.6981164340668319 2
	a 1 12 0.9772626664842042
	a 12 1 0.9772626664842042
0.4068472581547501 2
	a 1 5 0.986620689469499
	a 5 1 0.986620689469499
0.8678838813832842 2
	a 2 19 0.9718915409211399
	a 19 2 0.9718915409211399
0.7481213796110175 2
	a 3 17 0.9756742826136646
	a 17 3 0.9756742826136646
0.8266086393752234 2
	a 4 20 0.9731918249221194
	a 20 4 0.9731918249221194
0.3981115513613038 2
	a 4 9 0.986904170385881
	a 9 4 0.986904170385881
1.220541774464252 2
	a 5 25 0.9609265242053444
	a 25 5 0.9609265242053444
0.5753689120435835 2
	a 5 12 0.9811842105722803
	a 12 5 0.9811842105722803
0.8266086393752234 2
	a 6 22 0.9731918249221194
	a 22 6 0.9731918249221194
0.6981164340668319 2
	a 7 20 0.9772626664842042
	a 20 7 0.9772626664842042
4.170593779358923 2
	a 7 21 0.8786334221464609
	a 21 7 0.8786334221464609
0.5488408072586609 2
	a 7 19 0.9820359572016657
	a 19 7 0.9820359572016657
2.88852404199142 2
	a 8 27 0.9124190025155861
	a 27 8 0.9124190025155861
3.651173552946513 2
	a 8 39 0.8919743987026751
	a 39 8 0.8919743987026751
2.416981863109116 2
	a 8 40 0.9255898011235951
	a 40 8 0.9255898011235951
3.341840973563771 2
	a 8 45 0.9001416863184919
	a 45 8 0.9001416863184919
0.7671585448709205 2
	a 9 27 0.975070966213913
	a 27 9 0.975070966213913
4.619508958116898 2
	a 10 46 0.8674696883414861
	a 46 10 0.8674696883414861
0.4518359985116184 2
	a 10 23 0.9851633791903387
	a 23 10 0.9851633791903387
1.241928224970066 2
	a 10 22 0.960269820315649
	a 22 10 0.960269820315649
1.349584606851831 2
	a 10 32 0.9569782475025801
	a 32 10 0.9569782475025801
1.178824764141711 2
	a 11 34 0.9622102068625713
	a 34 11 0.9622102068625713
1.534943254795291 2
	a 11 31 0.9513660035110489
	a 31 11 0.9513660035110489
2.736967570687207 2
	a 11 25 0.9166071092908504
	a 25 11 0.9166071092908504
1.843510156679232 2
	a 12 31 0.9421757472716881
	a 31 12 0.9421757472716881
2.68422811431046 2
	a 12 44 0.9180744628579924
	a 44 12 0.9180744628579924
4.981971698339442 2
	a 12 14 0.8586965089075396
	a 14 12 0.8586965089075396
0.487629339878578 2
	a 12 25 0.9840070514701087
	a 25 12 0.9840070514701087
0.8272569866452942 2
	a 13 22 0.9731713725222706
	a 22 13 0.9731713725222706
0.9493102690277512 2
	a 13 32 0.9693368529259123
	a 32 13 0.9693368529259123
0.5488408072586609 2
	a 13 24 0.9820359572016657
	a 24 13 0.9820359572016657
2.95400151985846 2
	a 14 44 0.9106226489840045
	a 44 14 0.9106226489840045
1.768213081197247 2
	a 14 36 0.9444009637166195
	a 36 14 0.9444009637166195
1.675599139840163 2
	a 14 28 0.9471533001165979
	a 28 14 0.9471533001165979
5.53269285417374 2
	a 15 49 0.8457658832896975
	a 49 15 0.8457658832896975
3.666037450812214 2
	a 15 43 0.891586173257336
	a 43 15 0.891586173257336
1.090487985406985 2
	a 15 33 0.9649402484598857
	a 33 15 0.9649402484598857
0.7522177754760512 2
	a 16 21 0.9755443970056075
	a 21 16 0.9755443970056075
0.572507812946912 2
	a 16 19 0.9812760003733393
	a 19 16 0.9812760003733393
0.5294379043957786 2
	a 16 29 0.9826598871066465
	a 29 16 0.9826598871066465
0.3911042311720507 2
	a 17 24 0.9871316830851129
	a 24 17 0.9871316830851129
0.4068472581547501 2
	a 17 26 0.986620689469499
	a 26 17 0.986620689469499
3.179448491701141 2
	a 18 19 0.9044972207481217
	a 19 18 0.9044972207481217
1.907785025694843 2
	a 18 39 0.9402850816914862
	a 39 18 0.9402850816914862
1.583572297158699 2
	a 19 21 0.9499050731450112
	a 21 19 0.9499050731450112
1.804331113799363 2
	a 19 39 0.9433321917313179
	a 39 19 0.9433321917313179
1.506230154207823 2
	a 20 21 0.9522308388144461
	a 21 20 0.9522308388144461
0.4068472581547501 2
	a 20 29 0.986620689469499
	a 29 20 0.986620689469499
2.462725332253011 2
	a 20 39 0.9242939144772075
	a 39 20 0.9242939144772075
0.4068472581547501 2
	a 21 29 0.986620689469499
	a 29 21 0.986620689469499
0.6780787635912512 2
	a 22 32 0.9779006413097311
	a 32 22 0.9779006413097311
2.662300697087576 2
	a 23 46 0.9186860626543647
	a 46 23 0.9186860626543647
0.5753689120435835 2
	a 24 32 0.9811842105722803
	a 32 24 0.9811842105722803
0.6780787635912512 2
	a 24 26 0.9779006413097311
	a 26 24 0.9779006413097311
0.4217785570495555 2
	a 25 31 0.9861365385453571
	a 31 25 0.9861365385453571
0.4217785570495555 2
	a 26 32 0.9861365385453571
	a 32 26 0.9861365385453571
1.220541774464252 2
	a 27 37 0.9609265242053444
	a 37 27 0.9609265242053444
1.648983906454645 2
	a 27 40 0.947947410385374
	a 40 27 0.947947410385374
3.397982464110585 2
	a 28 32 0.8986468487637947
	a 32 28 0.8986468487637947
3.538775307504127 2
	a 28 41 0.8949225795647842
	a 41 28 0.8949225795647842
2.561361069603818 2
	a 28 47 0.9215130314387625
	a 47 28 0.9215130314387625
1.388432042093154 2
	a 29 39 0.9557962831808655
	a 39 29 0.9557962831808655
0.9872975839600842 2
	a 30 37 0.9681497669112729
	a 37 30 0.9681497669112729
2.270465085640592 2
	a 31 47 0.9297672398171137
	a 47 31 0.9297672398171137
1.834850738267215 2
	a 31 34 0.9424310866214236
	a 34 31 0.9424310866214236
4.619976113700288 2
	a 31 44 0.8674582441519185
	a 44 31 0.8674582441519185
2.059344055616256 2
	a 32 46 0.9358588684421247
	a 46 32 0.9358588684421247
3.003368913146494 2
	a 32 41 0.9092734457696872
	a 41 32 0.9092734457696872
2.239509420363549 2
	a 33 43 0.9306550710037038
	a 43 33 0.9306550710037038
0.5424630108730013 2
	a 33 35 0.9822409559256213
	a 35 33 0.9822409559256213
2.044883601053316 2
	a 34 43 0.9362792521984387
	a 43 34 0.9362792521984387
0.5424630108730013 2
	a 34 35 0.9822409559256213
	a 35 34 0.9822409559256213
0.9493102690277512 2
	a 35 43 0.9693368529259123
	a 43 35 0.9693368529259123
1.381814599110866 2
	a 36 47 0.9559974079363562
	a 47 36 0.9559974079363562
1.856596163670476 2
	a 36 44 0.9417901611608843
	a 44 36 0.9417901611608843
0.3981115513613038 2
	a 37 40 0.986904170385881
	a 40 37 0.986904170385881
0.6981164340668319 2
	a 38 43 0.9772626664842042
	a 43 38 0.9772626664842042
2.098997934451645 2
	a 38 48 0.9347081571339351
	a 48 38 0.9347081571339351
2.503074246341606 2
	a 38 47 0.9231541282221569
	a 47 38 0.9231541282221569
0.6773268194476793 2
	a 39 45 0.9779245988827807
	a 45 39 0.9779245988827807
2.851084659905319 2
	a 39 46 0.9134496690721318
	a 46 39 0.9134496690721318
0.8136945163095008 2
	a 40 46 0.9735993908395411
	a 46 40 0.9735993908395411
0.8136945163095008 2
	a 41 46 0.9735993908395411
	a 46 41 0.9735993908395411
1.935871965749386 2
	a 41 47 0.9394614356755866
	a 47 41 0.9394614356755866
0.6034558520981271 2
	a 42 46 0.9802840541181279
	a 46 42 0.9802840541181279
1.356157527182502 2
	a 43 49 0.9567780459285045
	a 49 43 0.9567780459285045
0.5310711294262889 2
	a 44 47 0.9826073371536387
	a 47 44 0.9826073371536387
0.3002129760370238 2
	a 45 46 0.9900923780751469
	a 46 45 0.9900923780751469
0.9779391025070049 2
	a 46 49 0.9684419361045216
	a 49 46 0.9684419361045216
1.220541774464252 2
	a 47 49 0.9609265242053444
	a 49 47 0.9609265242053444
0.4068472581547501 2
	a 47 48 0.986620689469499
	a 48 47 0.986620689469499
0.4068472581547501 2
	a 48 49 0.986620689469499
	a 49 48 0.986620689469499
