4.789435342575013 2
	a 0 93 0.8633303258040147
	a 93 0 0.8633303258040147
0.8816511857519844 2
	a 0 45 0.9714586279881422
	a 45 0 0.9714586279881422
10.3090365662243 2
	a 1 59 0.7514738464835102
	a 59 1 0.7514738464835102
5.658691370582725 2
	a 1 180 0.8428736483181796
	a 180 1 0.8428736483181796
0.1917896373478611 2
	a 1 14 0.9936477087493498
	a 14 1 0.9936477087493498
0.2701555345749592 2
	a 2 22 0.9910754242055927
	a 22 2 0.9910754242055927
3.520979858158215 2
	a 3 152 0.8953913792438444
	a 152 3 0.8953913792438444
7.064659514976819 2
	a 4 41 0.8121958756599417
	a 41 4 0.8121958756599417
0.1917896373478611 2
	a 4 19 0.9936477087493498
	a 19 4 0.9936477087493498
7.739583756708292 2
	a 5 141 0.7984599783531896
	a 141 5 0.7984599783531896
6.254243776200264 2
	a 5 55 0.8295270726342927
	a 55 5 0.8295270726342927
2.941760109693045 2
	a 5 124 0.9109578924451167
	a 124 5 0.9109578924451167
0.99986533083179 2
	a 6 57 0.9677576919995778
	a 57 6 0.9677576919995778
0.2712315054364995 2
	a 7 24 0.9910401999457994
	a 24 7 0.9910401999457994
2.207478403536901 2
	a 8 98 0.9315756749049009
	a 98 8 0.9315756749049009
4.326074016716008 2
	a 8 9 0.8747290247021893
	a 9 8 0.8747290247021893
0.5753689120435835 2
	a 9 39 0.9811842105722803
	a 39 9 0.9811842105722803
2.444241438579473 2
	a 10 50 0.9248170769871158
	a 50 10 0.9248170769871158
0.8272569866452942 2
	a 10 34 0.9731713725222706
	a 34 10 0.9731713725222706
1.084926021746002 2
	a 10 15 0.9651126791441141
	a 15 10 0.9651126791441141
0.1356157527182506 2
	a 10 22 0.9954998486103701
	a 22 10 0.9954998486103701
4.077555604804187 2
	a 11 175 0.8809892113663074
	a 175 11 0.8809892113663074
2.848106646468228 2
	a 12 126 0.9135317611322412
	a 126 12 0.9135317611322412
4.374139562065297 2
	a 12 133 0.8735301761762408
	a 133 12 0.8735301761762408
1.637423309970502 2
	a 12 80 0.9482927794078475
	a 80 12 0.9482927794078475
5.825569858806372 2
	a 13 174 0.8390802396487952
	a 174 13 0.8390802396487952
2.66582212284581 2
	a 13 120 0.9185877827319548
	a 120 13 0.9185877827319548
1.487545852095444 2
	a 13 24 0.9527944976350858
	a 24 13 0.9527944976350858
4.224049720880431 2
	a 14 180 0.8772864765752963
	a 180 14 0.8772864765752963
0.1356157527182506 2
	a 15 23 0.9954998486103701
	a 23 15 0.9954998486103701
0.487629339878578 2
	a 15 22 0.9840070514701087
	a 22 15 0.9840070514701087
3.529785266928033 2
	a 16 133 0.8951593418420931
	a 133 16 0.8951593418420931
2.420134115665297 2
	a 16 34 0.9255003727513863
	a 34 16 0.9255003727513863
0.1356157527182506 2
	a 16 23 0.9954998486103701
	a 23 16 0.9954998486103701
1.127108817932829 2
	a 17 67 0.9638065330115606
	a 67 17 0.9638065330115606
2.243171140617969 2
	a 18 103 0.9305499546080429
	a 103 18 0.9305499546080429
4.005542401486923 2
	a 18 30 0.8828226925758915
	a 30 18 0.8828226925758915
2.782004337102639 2
	a 18 69 0.9153581427383932
	a 69 18 0.9153581427383932
5.826438012088448 2
	a 18 228 0.8390606153085026
	a 228 18 0.8390606153085026
6.600458130899175 2
	a 19 284 0.8220083755922716
	a 284 19 0.8220083755922716
1.126737926931244 2
	a 20 64 0.9638180012646471
	a 64 20 0.9638180012646471
2.356452696663057 2
	a 20 111 0.9273106438884235
	a 111 20 0.9273106438884235
6.610889391723084 2
	a 21 287 0.8217845232131589
	a 287 21 0.8217845232131589
19.80510049879081 2
	a 21 346 0.6335222412609485
	a 346 21 0.6335222412609485
0.6027356872459425 2
	a 22 50 0.9803071135846667
	a 50 22 0.9803071135846667
0.5488408072586609 2
	a 22 23 0.9820359572016657
	a 23 22 0.9820359572016657
2.872975677860171 2
	a 23 133 0.9128467202093546
	a 133 23 0.9128467202093546
1.206514340999738 2
	a 23 78 0.9613577668915408
	a 78 23 0.9613577668915408
3.603951429086528 2
	a 24 120 0.8932103340386661
	a 120 24 0.8932103340386661
3.328813778603958 2
	a 24 158 0.9004893521842878
	a 158 24 0.9004893521842878
1.736200693454497 2
	a 25 76 0.9453503988767245
	a 76 25 0.9453503988767245
0.487629339878578 2
	a 25 46 0.9840070514701087
	a 46 25 0.9840070514701087
5.200608024477986 2
	a 25 70 0.8535061550024661
	a 70 25 0.8535061550024661
2.841715600423528 2
	a 26 27 0.9137079920413265
	a 27 26 0.9137079920413265
0.6027356872459425 2
	a 26 58 0.9803071135846667
	a 58 26 0.9803071135846667
1.539937485710144 2
	a 27 58 0.9512157467897526
	a 58 27 0.9512157467897526
1.2777003560333 2
	a 27 83 0.9591734726358991
	a 83 27 0.9591734726358991
1.446577522097359 2
	a 28 88 0.954032870293962
	a 88 28 0.954032870293962
31.33286481604785 2
	a 29 592 0.5619142550030776
	a 592 29 0.5619142550030776
29.54249020867434 2
	a 29 572 0.5697633465774471
	a 572 29 0.5697633465774471
29.15443259894867 2
	a 29 564 0.5715917080922136
	a 564 29 0.5715917080922136
3.074000381805613 2
	a 29 152 0.9073508036528497
	a 152 29 0.9073508036528497
11.56349740906559 2
	a 29 203 0.7312983119588121
	a 203 29 0.7312983119588121
4.162371323943214 2
	a 30 96 0.8788410321388922
	a 96 30 0.8788410321388922
3.267789470003676 2
	a 30 69 0.9021219766463847
	a 69 30 0.9021219766463847
6.959100127835662 2
	a 30 308 0.8144006380266409
	a 308 30 0.8144006380266409
0.3981115513613038 2
	a 31 54 0.986904170385881
	a 54 31 0.986904170385881
3.065108206077205 2
	a 31 156 0.907592357572385
	a 156 31 0.907592357572385
0.6981164340668319 2
	a 31 37 0.9772626664842042
	a 37 31 0.9772626664842042
1.473324253037239 2
	a 32 40 0.9532239986627012
	a 40 32 0.9532239986627012
2.493891437014073 2
	a 32 94 0.9234132571101445
	a 94 32 0.9234132571101445
3.394897372995672 2
	a 32 136 0.898728847986082
	a 136 32 0.898728847986082
1.739940618792985 2
	a 32 99 0.9452393742353443
	a 99 32 0.9452393742353443
1.511850541135075 2
	a 32 44 0.9520614230695246
	a 44 32 0.9520614230695246
6.683380631527629 2
	a 33 130 0.8202331709450046
	a 130 33 0.8202331709450046
1.909251560883162 2
	a 33 98 0.9402420375580322
	a 98 33 0.9402420375580322
5.963390569965968 2
	a 33 35 0.8359790232098095
	a 35 33 0.8359790232098095
1.150737819566642 2
	a 33 82 0.9630764891476937
	a 82 33 0.9630764891476937
2.090410175403364 2
	a 33 113 0.934957106318308
	a 113 33 0.934957106318308
2.970738913183766 2
	a 34 153 0.9101647209965902
	a 153 34 0.9101647209965902
1.339666357817832 2
	a 34 50 0.9572805090258596
	a 50 34 0.9572805090258596
1.984278394854708 2
	a 35 112 0.9380455376013218
	a 112 35 0.9380455376013218
6.37498526096825 2
	a 35 135 0.8268852137628688
	a 135 35 0.8268852137628688
8.553461042367731 2
	a 36 336 0.7826974832927709
	a 336 36 0.7826974832927709
5.318021358537992 2
	a 36 248 0.8507498674879922
	a 248 36 0.8507498674879922
1.111936995459528 2
	a 37 47 0.9642758896968104
	a 47 37 0.9642758896968104
0.726203378641899 2
	a 37 68 0.9763698459609977
	a 68 37 0.9763698459609977
1.058859358600752 2
	a 38 82 0.9659216442099845
	a 82 38 0.9659216442099845
3.452213463220452 2
	a 38 67 0.897208183213184
	a 67 38 0.897208183213184
1.620329079956119 2
	a 39 98 0.9488039519482233
	a 98 39 0.9488039519482233
5.817404841182467 2
	a 40 56 0.8392648629681685
	a 56 40 0.8392648629681685
1.555485357104156 2
	a 40 51 0.9507482928019515
	a 51 40 0.9507482928019515
1.418529124039737 2
	a 40 94 0.9548826575305277
	a 94 40 0.9548826575305277
15.52398999790167 2
	a 41 451 0.6776251501781196
	a 451 41 0.6776251501781196
6.114075131431754 2
	a 41 284 0.8326207957670539
	a 284 41 0.8326207957670539
1.206514340999738 2
	a 42 88 0.9613577668915408
	a 88 42 0.9613577668915408
0.1917896373478611 2
	a 43 52 0.9936477087493498
	a 52 43 0.9936477087493498
5.700517221587872 2
	a 43 90 0.8419189145466497
	a 90 43 0.8419189145466497
8.136003460869711 2
	a 44 125 0.790675599704673
	a 125 44 0.790675599704673
2.460325435208182 2
	a 44 99 0.9243618040220928
	a 99 44 0.9243618040220928
7.075425760271516 2
	a 44 222 0.811971877565016
	a 222 44 0.811971877565016
2.713856887939757 2
	a 44 145 0.917249475663505
	a 145 44 0.917249475663505
1.227679281255588 2
	a 45 93 0.9607072519649303
	a 93 45 0.9607072519649303
5.238265377242906 2
	a 46 255 0.8526197943356382
	a 255 46 0.8526197943356382
3.039604547208841 2
	a 47 156 0.9082859534760653
	a 156 47 0.9082859534760653
0.5424630108730013 2
	a 47 68 0.9822409559256213
	a 68 47 0.9822409559256213
2.845914354538187 2
	a 48 64 0.9135922043719575
	a 64 48 0.9135922043719575
0.1917896373478611 2
	a 48 56 0.9936477087493498
	a 56 48 0.9936477087493498
0.5308290191434861 2
	a 49 68 0.9826151268297626
	a 68 49 0.9826151268297626
3.778662251410565 2
	a 50 189 0.8886570291817355
	a 189 50 0.8886570291817355
2.441083548928503 2
	a 51 56 0.92490652143204
	a 56 51 0.92490652143204
2.112908977956649 2
	a 51 86 0.9343051944114906
	a 86 51 0.9343051944114906
1.248857222541599 2
	a 51 94 0.9600572555169801
	a 94 51 0.9600572555169801
9.125681381562556 2
	a 52 79 0.7721162431846965
	a 79 52 0.7721162431846965
5.919315676358792 2
	a 52 258 0.8369676909928756
	a 258 52 0.8369676909928756
4.496286441919756 2
	a 52 221 0.87050082407618
	a 221 52 0.87050082407618
0.6773268194476793 2
	a 53 81 0.9779245988827807
	a 81 53 0.9779245988827807
5.266195870965113 2
	a 53 184 0.8519638155887117
	a 184 53 0.8519638155887117
3.795324441280463 2
	a 53 116 0.8882255437282218
	a 116 53 0.8882255437282218
8.486109151374496 2
	a 54 144 0.7839696846662033
	a 144 54 0.7839696846662033
4.137675519072744 2
	a 54 208 0.8794652648092718
	a 208 54 0.8794652648092718
3.546363067635541 2
	a 54 156 0.8947228582300145
	a 156 54 0.8947228582300145
2.391083679933991 2
	a 55 141 0.9263252359969363
	a 141 55 0.9263252359969363
1.754926729054513 2
	a 56 64 0.9447947692786187
	a 64 56 0.9447947692786187
0.8266086393752234 2
	a 56 86 0.9731918249221194
	a 86 56 0.9731918249221194
10.02364804647156 2
	a 56 77 0.7563041679727157
	a 77 56 0.7563041679727157
0.8753836449732832 2
	a 57 88 0.9716556615608998
	a 88 57 0.9716556615608998
4.107087028925658 2
	a 57 73 0.8802398723108895
	a 73 57 0.8802398723108895
0.6780787635912512 2
	a 58 83 0.9779006413097311
	a 83 58 0.9779006413097311
2.312404334017637 2
	a 58 109 0.9285673104023928
	a 109 58 0.9285673104023928
3.979866271024775 2
	a 59 201 0.8834785474361454
	a 201 59 0.8834785474361454
4.117210464593522 2
	a 59 212 0.8799833366289962
	a 212 59 0.8799833366289962
7.152125229211311 2
	a 59 180 0.8103807438466198
	a 180 59 0.8103807438466198
3.910846812571917 2
	a 60 95 0.8852471119394493
	a 95 60 0.8852471119394493
1.736200693454497 2
	a 60 122 0.9453503988767245
	a 122 60 0.9453503988767245
2.847930807083253 2
	a 60 80 0.9135366088386914
	a 80 60 0.9135366088386914
4.299996865952548 2
	a 61 62 0.8753810489873313
	a 62 61 0.8753810489873313
4.119681790455305 2
	a 61 75 0.8799207376094331
	a 75 61 0.8799207376094331
0.4068472581547501 2
	a 61 81 0.986620689469499
	a 81 61 0.986620689469499
6.186225139399838 2
	a 62 303 0.8310247311757158
	a 303 62 0.8310247311757158
5.237028575139692 2
	a 62 263 0.8526488702612118
	a 263 62 0.8526488702612118
3.438989195969314 2
	a 62 75 0.8975585234348595
	a 75 62 0.8975585234348595
4.174005225262225 2
	a 63 132 0.8785473194422002
	a 132 63 0.8785473194422002
1.302248493431162 2
	a 63 106 0.9584226302964616
	a 106 63 0.9584226302964616
8.892369279209952 2
	a 63 265 0.776381865414548
	a 265 63 0.776381865414548
2.58451748650361 2
	a 63 71 0.92086281802268
	a 71 63 0.92086281802268
1.736200693454497 2
	a 64 111 0.9453503988767245
	a 111 64 0.9453503988767245
0.6005947530014546 2
	a 64 86 0.9803756722070234
	a 86 64 0.9803756722070234
16.6615819994096 2
	a 65 405 0.6646522979217926
	a 405 65 0.6646522979217926
10.82993796076475 2
	a 65 426 0.7428908667341065
	a 426 65 0.7428908667341065
12.49369426061621 2
	a 65 364 0.717390472224931
	a 364 65 0.717390472224931
0.99986533083179 2
	a 66 75 0.9677576919995778
	a 75 66 0.9677576919995778
0.2701555345749592 2
	a 66 81 0.9910754242055927
	a 81 66 0.9910754242055927
0.3835792746957232 2
	a 67 82 0.9873761207069657
	a 82 67 0.9873761207069657
5.084869472635648 2
	a 68 270 0.8562443245066245
	a 270 68 0.8562443245066245
4.617540513548291 2
	a 69 228 0.8675179144199052
	a 228 69 0.8675179144199052
6.080546564094141 2
	a 69 308 0.8333651139044291
	a 308 69 0.8333651139044291
5.855652818632572 2
	a 70 76 0.838400885294345
	a 76 70 0.838400885294345
7.348530413087185 2
	a 70 246 0.8063432088200567
	a 246 70 0.8063432088200567
10.12358758462795 2
	a 70 414 0.754602182777568
	a 414 70 0.754602182777568
10.08324904514444 2
	a 70 312 0.7552877895904634
	a 312 70 0.7552877895904634
5.282055125168418 2
	a 71 265 0.8515918866657506
	a 265 71 0.8515918866657506
5.171827129575734 2
	a 71 262 0.8541850877034933
	a 262 71 0.8541850877034933
5.013026892017404 2
	a 71 267 0.8579546511533529
	a 267 71 0.8579546511533529
6.304823203634539 2
	a 71 314 0.8284177912021427
	a 314 71 0.8284177912021427
6.810993183338117 2
	a 72 314 0.8175203421993757
	a 314 72 0.8175203421993757
2.75315228913546 2
	a 72 173 0.9161578404595943
	a 173 72 0.9161578404595943
0.8266086393752234 2
	a 72 84 0.9731918249221194
	a 84 72 0.9731918249221194
2.953714145557924 2
	a 72 144 0.9106305158857981
	a 144 72 0.9106305158857981
0.487629339878578 2
	a 73 88 0.9840070514701087
	a 88 73 0.9840070514701087
4.448401649766214 2
	a 74 245 0.8716854709526839
	a 245 74 0.8716854709526839
1.428328438058603 2
	a 75 81 0.9545855853776783
	a 81 75 0.9545855853776783
1.360345102038611 2
	a 75 119 0.9566505442427642
	a 119 75 0.9566505442427642
1.003980265370219 2
	a 75 102 0.9676293901133496
	a 102 75 0.9676293901133496
4.614605146744908 2
	a 76 192 0.867589841449792
	a 192 76 0.867589841449792
4.977387112887772 2
	a 76 256 0.8588061573161895
	a 256 76 0.8588061573161895
2.554518875155074 2
	a 76 168 0.9217053469056742
	a 168 76 0.9217053469056742
1.487138706482632 2
	a 77 125 0.9528067880214321
	a 125 77 0.9528067880214321
1.544057975973908 2
	a 78 133 0.9510918151397368
	a 133 78 0.9510918151397368
6.541120177060796 2
	a 79 225 0.8232847196577673
	a 225 79 0.8232847196577673
4.603173425910573 2
	a 79 258 0.8678700938584034
	a 258 79 0.8678700938584034
1.884034250156137 2
	a 80 126 0.9409827747139523
	a 126 80 0.9409827747139523
1.2777003560333 2
	a 80 122 0.9591734726358991
	a 122 80 0.9591734726358991
0.8241254245324514 2
	a 81 102 0.9732701672041728
	a 102 81 0.9732701672041728
2.283021734623198 2
	a 81 116 0.9294076279304809
	a 116 81 0.9294076279304809
7.852780073732271 2
	a 81 302 0.7962161507471843
	a 302 81 0.7962161507471843
3.159469755311166 2
	a 82 98 0.9050363359193392
	a 98 82 0.9050363359193392
0.9493102690277512 2
	a 82 113 0.9693368529259123
	a 113 82 0.9693368529259123
0.8753836449732832 2
	a 83 109 0.9716556615608998
	a 109 83 0.9716556615608998
3.974506243740116 2
	a 83 111 0.883615602287101
	a 111 83 0.883615602287101
5.874461692854874 2
	a 84 314 0.8379768219091902
	a 314 84 0.8379768219091902
6.134300995887383 2
	a 84 285 0.8321725951344499
	a 285 84 0.8321725951344499
1.92702906826499 2
	a 85 125 0.9397205862177387
	a 125 85 0.9397205862177387
4.560059306624054 2
	a 85 209 0.8689289745602788
	a 209 85 0.8689289745602788
1.796072670483406 2
	a 85 154 0.9435763411866687
	a 154 85 0.9435763411866687
3.603951429086528 2
	a 85 222 0.8932103340386661
	a 222 85 0.8932103340386661
0.9763801406626829 2
	a 86 111 0.9684906241748837
	a 111 86 0.9684906241748837
0.2701555345749592 2
	a 86 94 0.9910754242055927
	a 94 86 0.9910754242055927
0.1516230224745966 2
	a 87 93 0.9949713573345427
	a 93 87 0.9949713573345427
1.445292264485697 2
	a 87 92 0.9540717752408668
	a 92 87 0.9540717752408668
0.1356157527182506 2
	a 88 93 0.9954998486103701
	a 93 88 0.9954998486103701
2.210738904586905 2
	a 88 104 0.9314818749036914
	a 104 88 0.9314818749036914
1.73006200572298 2
	a 88 110 0.9455326939779243
	a 110 88 0.9455326939779243
0.4068472581547501 2
	a 88 89 0.986620689469499
	a 89 88 0.986620689469499
0.6780787635912512 2
	a 89 110 0.9779006413097311
	a 110 89 0.9779006413097311
3.877440412424875 2
	a 90 244 0.8861060493297606
	a 244 90 0.8861060493297606
2.500368558377023 2
	a 91 111 0.923230463308707
	a 111 91 0.923230463308707
1.898620538055502 2
	a 91 130 0.9405541630287988
	a 130 91 0.9405541630287988
3.196704335008038 2
	a 91 136 0.9040321589232557
	a 136 91 0.9040321589232557
2.413936864531231 2
	a 91 181 0.9256762045825243
	a 181 91 0.9256762045825243
2.159957821048861 2
	a 92 174 0.9329450914392148
	a 174 92 0.9329450914392148
1.712188283485123 2
	a 92 93 0.9460638989100543
	a 93 92 0.9460638989100543
0.4068472581547501 2
	a 93 104 0.986620689469499
	a 104 93 0.986620689469499
0.487629339878578 2
	a 94 111 0.9840070514701087
	a 111 94 0.9840070514701087
1.604933260944054 2
	a 94 136 0.9492648353914381
	a 136 94 0.9492648353914381
0.1917896373478611 2
	a 95 100 0.9936477087493498
	a 100 95 0.9936477087493498
4.610935592420506 2
	a 95 128 0.8676797785097943
	a 128 95 0.8676797785097943
0.2756047834633315 2
	a 96 107 0.9908970571258108
	a 107 96 0.9908970571258108
12.67827665303216 2
	a 96 360 0.7147317672153467
	a 360 96 0.7147317672153467
0.6981164340668319 2
	a 97 127 0.9772626664842042
	a 127 97 0.9772626664842042
0.7241308354215087 2
	a 98 130 0.9764356703146633
	a 130 98 0.9764356703146633
2.513759777660808 2
	a 99 136 0.9228527937861872
	a 136 99 0.9228527937861872
3.452349856503486 2
	a 99 181 0.8972045714610608
	a 181 99 0.8972045714610608
4.040385641492963 2
	a 99 145 0.8819344723937659
	a 145 99 0.8819344723937659
2.045198491790077 2
	a 99 178 0.9362700936082269
	a 178 99 0.9362700936082269
5.817200007149562 2
	a 100 121 0.8392694958658078
	a 121 100 0.8392694958658078
0.7241308354215087 2
	a 100 134 0.9764356703146633
	a 134 100 0.9764356703146633
3.428182374441404 2
	a 100 128 0.8978450495710038
	a 128 100 0.8978450495710038
1.726106731610226 2
	a 101 161 0.9456501897302323
	a 161 101 0.9456501897302323
0.3911042311720507 2
	a 101 108 0.9871316830851129
	a 108 101 0.9871316830851129
4.089123524538977 2
	a 101 269 0.8806955077910495
	a 269 101 0.8806955077910495
2.798765323048392 2
	a 101 165 0.9148942811463854
	a 165 101 0.9148942811463854
1.206514340999738 2
	a 102 119 0.9613577668915408
	a 119 102 0.9613577668915408
10.00455538272512 2
	a 102 433 0.7566306109705829
	a 433 102 0.7566306109705829
8.40277541857855 2
	a 102 302 0.78555169200472
	a 302 102 0.78555169200472
3.129722376665067 2
	a 103 192 0.905840384216791
	a 192 103 0.905840384216791
1.578980655167365 2
	a 103 168 0.950042814427622
	a 168 103 0.950042814427622
5.825193805365137 2
	a 103 228 0.8390887405747531
	a 228 103 0.8390887405747531
5.821458536167492 2
	a 103 246 0.8391731902709242
	a 246 103 0.8391731902709242
1.20149535568949 2
	a 104 158 0.9615121625774095
	a 158 104 0.9615121625774095
2.66582212284581 2
	a 104 110 0.9185877827319548
	a 110 104 0.9185877827319548
1.356157527182502 2
	a 105 109 0.9567780459285045
	a 109 105 0.9567780459285045
0.5424630108730013 2
	a 105 130 0.9822409559256213
	a 130 105 0.9822409559256213
0.5294379043957786 2
	a 106 132 0.9826598871066465
	a 132 106 0.9826598871066465
0.5811918501385718 2
	a 106 113 0.9809974530991692
	a 113 106 0.9809974530991692
0.6780787635912512 2
	a 107 139 0.9779006413097311
	a 139 107 0.9779006413097311
0.4217785570495555 2
	a 108 129 0.9861365385453571
	a 129 108 0.9861365385453571
1.633020205519121 2
	a 108 165 0.9484243907190164
	a 165 108 0.9484243907190164
1.636120639296191 2
	a 109 111 0.9483317129555588
	a 111 109 0.9483317129555588
0.4217785570495555 2
	a 109 130 0.9861365385453571
	a 130 109 0.9861365385453571
1.058859358600752 2
	a 110 158 0.9659216442099845
	a 158 110 0.9659216442099845
0.4068472581547501 2
	a 111 130 0.986620689469499
	a 130 111 0.986620689469499
0.3981115513613038 2
	a 112 130 0.986904170385881
	a 130 112 0.986904170385881
0.4068472581547501 2
	a 113 132 0.986620689469499
	a 132 113 0.986620689469499
9.544690678503182 2
	a 114 321 0.7646201460458597
	a 321 114 0.7646201460458597
7.484223380894506 2
	a 114 383 0.8035844644288532
	a 383 114 0.8035844644288532
9.111783406895587 2
	a 114 329 0.7723684843316374
	a 329 114 0.7723684843316374
9.196806550328397 2
	a 114 304 0.7708290098380939
	a 304 114 0.7708290098380939
0.5294379043957786 2
	a 115 130 0.9826598871066465
	a 130 115 0.9826598871066465
1.150737819566642 2
	a 115 163 0.9630764891476937
	a 163 115 0.9630764891476937
2.305467796210252 2
	a 116 184 0.9287655411234643
	a 184 116 0.9287655411234643
2.067695472571751 2
	a 116 197 0.9356162667077255
	a 197 116 0.9356162667077255
3.28473637158483 2
	a 117 254 0.9016679184198955
	a 254 117 0.9016679184198955
1.925646357173427 2
	a 118 192 0.939761121854796
	a 192 118 0.939761121854796
3.498101209443141 2
	a 119 263 0.8959949074218604
	a 263 119 0.8959949074218604
1.355312686248317 2
	a 120 174 0.9568037736390943
	a 174 120 0.9568037736390943
2.528327463599425 2
	a 120 158 0.9224423273567743
	a 158 120 0.9224423273567743
5.277238284178644 2
	a 121 151 0.8517048089431596
	a 151 121 0.8517048089431596
0.1356157527182506 2
	a 121 124 0.9954998486103701
	a 124 121 0.9954998486103701
0.1356157527182506 2
	a 122 128 0.9954998486103701
	a 128 122 0.9954998486103701
0.9427373486970791 2
	a 122 126 0.9695425589084239
	a 126 122 0.9695425589084239
5.219131454663966 2
	a 123 296 0.8530698813285724
	a 296 123 0.8530698813285724
2.051680644497453 2
	a 123 202 0.9360816030474183
	a 202 123 0.9360816030474183
3.422984317570741 2
	a 123 196 0.8979829415415261
	a 196 123 0.8979829415415261
6.102966551292472 2
	a 123 162 0.8328672166530482
	a 162 123 0.8328672166530482
0.2701555345749592 2
	a 124 140 0.9910754242055927
	a 140 124 0.9910754242055927
0.9589481822187813 2
	a 125 159 0.9690353879296758
	a 159 125 0.9690353879296758
0.5753689120435835 2
	a 125 154 0.9811842105722803
	a 154 125 0.9811842105722803
2.486272693203688 2
	a 126 183 0.9236283702106962
	a 183 126 0.9236283702106962
1.030140507905368 2
	a 126 166 0.9668145476516368
	a 166 126 0.9668145476516368
2.982476330006827 2
	a 126 128 0.9098438949155114
	a 128 126 0.9098438949155114
3.065906264097226 2
	a 126 133 0.9075706726592601
	a 133 126 0.9075706726592601
0.9493102690277512 2
	a 127 164 0.9693368529259123
	a 164 127 0.9693368529259123
1.428089202829759 2
	a 128 183 0.9545928356279318
	a 183 128 0.9545928356279318
3.074445979004846 2
	a 128 134 0.9073387028741056
	a 134 128 0.9073387028741056
1.004467080717226 2
	a 129 165 0.9676142137486992
	a 165 129 0.9676142137486992
1.392998929689093 2
	a 130 181 0.9556575329443662
	a 181 130 0.9556575329443662
0.9589481822187813 2
	a 131 167 0.9690353879296758
	a 167 131 0.9690353879296758
0.6780787635912512 2
	a 132 160 0.9779006413097311
	a 160 132 0.9779006413097311
3.062106527691266 2
	a 132 233 0.9076739298119003
	a 233 132 0.9076739298119003
6.300010657143603 2
	a 132 265 0.8285231764995342
	a 265 132 0.8285231764995342
0.9493102690277512 2
	a 133 166 0.9693368529259123
	a 166 133 0.9693368529259123
1.055093607502422 2
	a 134 171 0.9660386285567292
	a 171 134 0.9660386285567292
0.5744775458651677 2
	a 134 142 0.9812128055106166
	a 142 134 0.9812128055106166
0.8136945163095008 2
	a 135 163 0.9735993908395411
	a 163 135 0.9735993908395411
0.6623180749170225 2
	a 135 160 0.9784030414175598
	a 160 135 0.9784030414175598
1.279870325610445 2
	a 136 181 0.9591070512760091
	a 181 136 0.9591070512760091
0.4362744118444816 2
	a 137 144 0.9856669678313139
	a 144 137 0.9856669678313139
1.178427396424671 2
	a 137 177 0.9622224515190713
	a 177 137 0.9622224515190713
0.9569120473074697 2
	a 137 147 0.9690990602062898
	a 147 137 0.9690990602062898
6.436977983576596 2
	a 137 208 0.8255370346328816
	a 208 137 0.8255370346328816
5.233926197536832 2
	a 138 223 0.8527218144680858
	a 223 138 0.8527218144680858
7.392313764469693 2
	a 138 214 0.8054503304039479
	a 214 138 0.8054503304039479
7.491584477377353 2
	a 138 260 0.8034355200094268
	a 260 138 0.8034355200094268
0.2701555345749592 2
	a 138 144 0.9910754242055927
	a 144 138 0.9910754242055927
9.306000954982265 2
	a 138 193 0.7688646343073293
	a 193 138 0.7688646343073293
19.15084550365691 2
	a 139 404 0.6394749569180582
	a 404 139 0.6394749569180582
18.34401994330468 2
	a 139 427 0.6471825179823891
	a 427 139 0.6471825179823891
10.00136574090592 2
	a 139 450 0.7566851874216109
	a 450 139 0.7566851874216109
2.279401133065003 2
	a 140 229 0.9295112880354947
	a 229 140 0.9295112880354947
1.362615323300689 2
	a 140 172 0.9565814362875824
	a 172 140 0.9565814362875824
3.786591867210905 2
	a 140 151 0.8884516234181778
	a 151 140 0.8884516234181778
1.353727654535798 2
	a 141 190 0.9568520460873359
	a 190 141 0.9568520460873359
9.849934366092535 2
	a 142 299 0.7592896579751166
	a 299 142 0.7592896579751166
6.059677776998551 2
	a 142 210 0.8338292317212423
	a 210 142 0.8338292317212423
0.7884591958105146 2
	a 142 171 0.9743968235948948
	a 171 142 0.9743968235948948
6.03888640389514 2
	a 142 183 0.8342922704280945
	a 183 142 0.8342922704280945
1.255322192733106 2
	a 143 170 0.9598590144779089
	a 170 143 0.9598590144779089
3.472902139034856 2
	a 143 166 0.8966607134252493
	a 166 143 0.8966607134252493
1.220541774464252 2
	a 143 189 0.9609265242053444
	a 189 143 0.9609265242053444
2.050281198422004 2
	a 143 153 0.9361222897912163
	a 153 143 0.9361222897912163
4.13972036955643 2
	a 144 223 0.879413538353095
	a 223 144 0.879413538353095
3.390541078581606 2
	a 144 286 0.8988446634863625
	a 286 144 0.8988446634863625
2.983071434532381 2
	a 144 200 0.9098276352409449
	a 200 144 0.9098276352409449
6.350289858424513 2
	a 144 208 0.8274238278135337
	a 208 144 0.8274238278135337
6.068708000522178 2
	a 145 222 0.8336283220305465
	a 222 145 0.8336283220305465
2.067855648337285 2
	a 145 178 0.9356116150546283
	a 178 145 0.9356116150546283
2.150208232805992 2
	a 145 234 0.9332265853358443
	a 234 145 0.9332265853358443
2.632752298394391 2
	a 146 150 0.9195116423864697
	a 150 146 0.9195116423864697
0.9337457621014058 2
	a 146 183 0.9698241054569177
	a 183 146 0.9698241054569177
4.585401713841909 2
	a 147 208 0.8683061975768287
	a 208 147 0.8683061975768287
4.710192223892508 2
	a 147 291 0.8652548333359994
	a 291 147 0.8652548333359994
5.392010763644916 2
	a 147 343 0.8490240092257044
	a 343 147 0.8490240092257044
29.24565769034112 2
	a 148 530 0.5711576320434648
	a 530 148 0.5711576320434648
28.8703072676041 2
	a 148 452 0.5729607005275269
	a 452 148 0.5729607005275269
25.1880457426522 2
	a 148 609 0.5932612830362479
	a 609 148 0.5932612830362479
10.66170333761654 2
	a 148 249 0.745630377598443
	a 249 148 0.745630377598443
1.533956076087579 2
	a 149 208 0.9513957097490873
	a 208 149 0.9513957097490873
0.6623180749170225 2
	a 149 156 0.9784030414175598
	a 156 149 0.9784030414175598
3.539074620511426 2
	a 149 291 0.8949146992790775
	a 291 149 0.8949146992790775
5.996842943853181 2
	a 150 210 0.8352305717091544
	a 210 150 0.8352305717091544
1.64751219978562 2
	a 150 211 0.9479913623542346
	a 211 150 0.9479913623542346
4.536481970071501 2
	a 150 166 0.8695093213816845
	a 166 150 0.8695093213816845
2.852102212021113 2
	a 151 172 0.9134216229177208
	a 172 151 0.9134216229177208
0.6005947530014546 2
	a 151 171 0.9803756722070234
	a 171 151 0.9803756722070234
0.99986533083179 2
	a 152 187 0.9677576919995778
	a 187 152 0.9677576919995778
3.394828742383747 2
	a 153 166 0.8987306723239108
	a 166 153 0.8987306723239108
1.10463182239258 2
	a 153 189 0.9645020524792858
	a 189 153 0.9645020524792858
1.545598435309036 2
	a 154 209 0.9510454916119191
	a 209 154 0.9510454916119191
1.150737819566642 2
	a 155 192 0.9630764891476937
	a 192 155 0.9630764891476937
2.332015407060942 2
	a 155 224 0.9280073655309269
	a 224 155 0.9280073655309269
1.456176147404825 2
	a 156 208 0.9537424238068248
	a 208 156 0.9537424238068248
3.370061201300612 2
	a 157 290 0.8993895880521456
	a 290 157 0.8993895880521456
12.93840683829267 2
	a 157 441 0.7110399902007818
	a 441 157 0.7110399902007818
0.5294379043957786 2
	a 158 174 0.9826598871066465
	a 174 158 0.9826598871066465
4.332527405322231 2
	a 159 257 0.8745678412427633
	a 257 159 0.8745678412427633
1.392998929689093 2
	a 159 209 0.9556575329443662
	a 209 159 0.9556575329443662
0.1356157527182506 2
	a 160 163 0.9954998486103701
	a 163 160 0.9954998486103701
2.809140104431816 2
	a 161 267 0.9146074178650071
	a 267 161 0.9146074178650071
1.928401359546222 2
	a 161 236 0.9396803597427386
	a 236 161 0.9396803597427386
2.769242808881876 2
	a 161 269 0.915711666744641
	a 269 161 0.915711666744641
3.399399870232219 2
	a 162 296 0.8986091809112571
	a 296 162 0.8986091809112571
4.151259995324677 2
	a 162 206 0.8791217645832221
	a 206 162 0.8791217645832221
0.9056588220468618 2
	a 163 181 0.9707046576993192
	a 181 163 0.9707046576993192
2.158276447905609 2
	a 163 253 0.9329936236424718
	a 253 163 0.9329936236424718
2.611587977450478 2
	a 163 233 0.9201039720993525
	a 233 163 0.9201039720993525
0.6034558520981271 2
	a 164 187 0.9802840541181279
	a 187 164 0.9802840541181279
3.87252707630652 2
	a 165 269 0.886232541298394
	a 269 165 0.886232541298394
0.4217785570495555 2
	a 165 182 0.9861365385453571
	a 182 165 0.9861365385453571
0.4068472581547501 2
	a 166 183 0.986620689469499
	a 183 166 0.986620689469499
3.986702340162021 2
	a 166 170 0.8833038215295872
	a 170 166 0.8833038215295872
1.66512912003413 2
	a 167 237 0.9474655226637001
	a 237 167 0.9474655226637001
9.519744965444122 2
	a 167 235 0.7650605880645489
	a 235 167 0.7650605880645489
0.6773268194476793 2
	a 168 192 0.9779245988827807
	a 192 168 0.9779245988827807
1.385168937220699 2
	a 169 195 0.9558954480381517
	a 195 169 0.9558954480381517
0.1917896373478611 2
	a 169 176 0.9936477087493498
	a 176 169 0.9936477087493498
1.64751219978562 2
	a 169 202 0.9479913623542346
	a 202 169 0.9479913623542346
1.515971031398842 2
	a 169 196 0.951937259144688
	a 196 169 0.951937259144688
2.556506482229538 2
	a 170 195 0.9216494716389685
	a 195 170 0.9216494716389685
0.6780787635912512 2
	a 170 196 0.9779006413097311
	a 196 170 0.9779006413097311
2.010524034629345 2
	a 170 189 0.9372797553858452
	a 189 170 0.9372797553858452
6.577316143515472 2
	a 171 299 0.8225055532673314
	a 299 171 0.8225055532673314
1.572591308840098 2
	a 171 238 0.9502345538879484
	a 238 171 0.9502345538879484
2.323933851891783 2
	a 172 229 0.928238025337502
	a 229 172 0.928238025337502
1.695752562881215 2
	a 172 238 0.9465529255522346
	a 238 172 0.9465529255522346
0.5488408072586609 2
	a 172 191 0.9820359572016657
	a 191 172 0.9820359572016657
0.754358709720538 2
	a 173 200 0.9754765278968778
	a 200 173 0.9754765278968778
1.63627500166646 2
	a 174 242 0.9483270992762396
	a 242 174 0.9483270992762396
3.159829756367808 2
	a 174 204 0.9050266151353954
	a 204 174 0.9050266151353954
3.955390118468457 2
	a 175 327 0.8841047968650186
	a 327 175 0.8841047968650186
5.127893877581221 2
	a 175 350 0.8552239751984198
	a 350 175 0.8552239751984198
5.80631931120062 2
	a 176 343 0.8395156843603693
	a 343 176 0.8395156843603693
1.372164796938848 2
	a 176 194 0.9562908546348245
	a 194 176 0.9562908546348245
0.487629339878578 2
	a 176 195 0.9840070514701087
	a 195 176 0.9840070514701087
0.3981115513613038 2
	a 177 193 0.986904170385881
	a 193 177 0.986904170385881
1.984278394854708 2
	a 178 181 0.9380455376013218
	a 181 178 0.9380455376013218
1.208722079564016 2
	a 178 185 0.9612898680661656
	a 185 178 0.9612898680661656
2.067695472571751 2
	a 178 213 0.9356162667077255
	a 213 178 0.9356162667077255
2.636637386834588 2
	a 178 234 0.9194030004677015
	a 234 178 0.9194030004677015
2.094508967146693 2
	a 178 268 0.9348382693155797
	a 268 178 0.9348382693155797
5.31228879930114 2
	a 179 364 0.8508839393983789
	a 364 179 0.8508839393983789
5.965743729301884 2
	a 179 287 0.835926319865554
	a 287 179 0.835926319865554
2.556506482229538 2
	a 180 289 0.9216494716389685
	a 289 180 0.9216494716389685
6.923384977991193 2
	a 180 212 0.8151501209956655
	a 212 180 0.8151501209956655
0.3911042311720507 2
	a 181 185 0.9871316830851129
	a 185 181 0.9871316830851129
0.7671585448709205 2
	a 181 213 0.975070966213913
	a 213 181 0.975070966213913
2.054601306032718 2
	a 181 268 0.9359967015290227
	a 268 181 0.9359967015290227
2.020606220505755 2
	a 182 269 0.9369859384225621
	a 269 182 0.9369859384225621
0.7241308354215087 2
	a 183 210 0.9764356703146633
	a 210 183 0.9764356703146633
1.274731139538034 2
	a 184 239 0.9592643739957387
	a 239 184 0.9592643739957387
1.604933260944054 2
	a 184 197 0.9492648353914381
	a 197 184 0.9492648353914381
0.6780787635912512 2
	a 185 213 0.9779006413097311
	a 213 185 0.9779006413097311
4.917695075360097 2
	a 186 226 0.8602368601876133
	a 226 186 0.8602368601876133
6.215170292101783 2
	a 186 378 0.830386576330586
	a 378 186 0.830386576330586
3.574407993929892 2
	a 186 324 0.893985549472736
	a 324 186 0.893985549472736
3.180123641164474 2
	a 186 210 0.9044790147524165
	a 210 186 0.9044790147524165
2.413093054276768 2
	a 187 289 0.9257001512525
	a 289 187 0.9257001512525
2.034236290773753 2
	a 187 241 0.9365890421708762
	a 241 187 0.9365890421708762
2.823201812517566 2
	a 187 205 0.9142189274227506
	a 205 187 0.9142189274227506
6.994263434579693 2
	a 188 381 0.8136644768208103
	a 381 188 0.8136644768208103
0.4068472581547501 2
	a 188 207 0.986620689469499
	a 207 188 0.986620689469499
4.626537990388162 2
	a 188 214 0.8672975315946099
	a 214 188 0.8672975315946099
0.1516230224745966 2
	a 189 196 0.9949713573345427
	a 196 189 0.9949713573345427
3.062137488767611 2
	a 190 316 0.9076730883445245
	a 316 190 0.9076730883445245
4.469869528490485 2
	a 190 311 0.8711538981938043
	a 311 190 0.8711538981938043
6.555104177320237 2
	a 190 229 0.822983472527346
	a 229 190 0.822983472527346
1.428089202829759 2
	a 191 229 0.9545928356279318
	a 229 191 0.9545928356279318
0.99986533083179 2
	a 191 238 0.9677576919995778
	a 238 191 0.9677576919995778
1.278157467009937 2
	a 192 224 0.9591594799668055
	a 224 192 0.9591594799668055
1.360345102038611 2
	a 192 256 0.9566505442427642
	a 256 192 0.9566505442427642
7.44434191170291 2
	a 193 260 0.8043926980352012
	a 260 193 0.8043926980352012
7.332075276828013 2
	a 193 333 0.8066794545014999
	a 333 193 0.8066794545014999
0.7856075762549576 2
	a 193 227 0.9744870187853192
	a 227 193 0.9744870187853192
5.328797042689076 2
	a 194 343 0.850497986652563
	a 343 194 0.850497986652563
1.830156796793081 2
	a 194 274 0.9425695579946403
	a 274 194 0.9425695579946403
1.795910686507836 2
	a 194 195 0.9435811313631474
	a 195 194 0.9435811313631474
0.4068472581547501 2
	a 195 211 0.986620689469499
	a 211 195 0.986620689469499
1.255322192733106 2
	a 195 196 0.9598590144779089
	a 196 195 0.9598590144779089
0.1917896373478611 2
	a 196 202 0.9936477087493498
	a 202 196 0.9936477087493498
0.9056588220468618 2
	a 197 239 0.9707046576993192
	a 239 197 0.9707046576993192
3.120560953941737 2
	a 197 307 0.906088331615315
	a 307 197 0.906088331615315
0.4068472581547501 2
	a 198 217 0.986620689469499
	a 217 198 0.986620689469499
2.744018681203014 2
	a 198 258 0.916411319127773
	a 258 198 0.916411319127773
1.165489355260694 2
	a 199 255 0.9626213070482963
	a 255 199 0.9626213070482963
0.4518359985116184 2
	a 200 220 0.9851633791903387
	a 220 200 0.9851633791903387
0.1917896373478611 2
	a 201 212 0.9936477087493498
	a 212 201 0.9936477087493498
3.898203075673438 2
	a 202 343 0.8855719797132535
	a 343 202 0.8855719797132535
4.457121362941889 2
	a 202 296 0.8714694676950968
	a 296 202 0.8714694676950968
2.800921581872936 2
	a 203 319 0.9148346441359174
	a 319 203 0.9148346441359174
2.340115184466742 2
	a 203 300 0.9277763102938179
	a 300 203 0.9277763102938179
2.22352195954815 2
	a 203 289 0.9311143211065041
	a 289 203 0.9311143211065041
2.413093054276768 2
	a 204 296 0.9257001512525
	a 296 204 0.9257001512525
2.319924670517324 2
	a 204 251 0.9283524995627528
	a 251 204 0.9283524995627528
0.7960384844779068 2
	a 204 242 0.9741571781134749
	a 242 204 0.9741571781134749
0.572507812946912 2
	a 204 206 0.9812760003733393
	a 206 204 0.9812760003733393
0.7856075762549576 2
	a 205 241 0.9744870187853192
	a 241 205 0.9744870187853192
2.146287170027124 2
	a 206 296 0.9333398473813576
	a 296 206 0.9333398473813576
5.491666381181941 2
	a 207 382 0.8467128814105875
	a 382 207 0.8467128814105875
8.558969953146249 2
	a 207 381 0.7825936786747656
	a 381 207 0.7825936786747656
8.803334716742766 2
	a 207 351 0.7780272463401711
	a 351 207 0.7780272463401711
0.5714444814735238 2
	a 207 215 0.9813101186438649
	a 215 207 0.9813101186438649
0.4217785570495555 2
	a 207 223 0.9861365385453571
	a 223 207 0.9861365385453571
1.943012329512581 2
	a 208 291 0.9392522911577592
	a 291 208 0.9392522911577592
1.555485357104156 2
	a 209 257 0.9507482928019515
	a 257 209 0.9507482928019515
12.73131553090882 2
	a 209 511 0.7139738325400211
	a 511 209 0.7139738325400211
12.61028579485842 2
	a 209 475 0.7157072962556759
	a 475 209 0.7157072962556759
6.19263601698811 2
	a 210 378 0.8308832841358403
	a 378 210 0.8308832841358403
4.399379217747845 2
	a 210 324 0.8729021864636313
	a 324 210 0.8729021864636313
4.463025245559152 2
	a 210 361 0.8713232889888367
	a 361 210 0.8713232889888367
4.161682255783128 2
	a 210 299 0.8788584356914957
	a 299 210 0.8788584356914957
6.11500685685818 2
	a 210 211 0.8326001356585273
	a 211 210 0.8326001356585273
1.385168937220699 2
	a 211 274 0.9558954480381517
	a 274 211 0.9558954480381517
1.784704345492942 2
	a 212 289 0.9439126499464596
	a 289 212 0.9439126499464596
1.265284864967171 2
	a 213 268 0.959553687575853
	a 268 213 0.959553687575853
4.873297723657156 2
	a 214 381 0.8613046771881627
	a 381 214 0.8613046771881627
4.359827254150623 2
	a 214 255 0.8738867515228508
	a 255 214 0.8738867515228508
5.00236351579167 2
	a 214 260 0.8582092086318378
	a 260 214 0.8582092086318378
5.353946224582459 2
	a 215 382 0.8499108298325888
	a 382 215 0.8499108298325888
2.674037788432831 2
	a 215 314 0.918358580356571
	a 314 215 0.918358580356571
0.1917896373478611 2
	a 215 223 0.9936477087493498
	a 223 215 0.9936477087493498
0.6981164340668319 2
	a 216 248 0.9772626664842042
	a 248 216 0.9772626664842042
0.1917896373478611 2
	a 217 225 0.9936477087493498
	a 225 217 0.9936477087493498
3.009435543708067 2
	a 218 330 0.9091079518520152
	a 330 218 0.9091079518520152
3.774994347077821 2
	a 218 342 0.8887520779223372
	a 342 218 0.8887520779223372
3.548973390602811 2
	a 218 340 0.8946541739302918
	a 340 218 0.8946541739302918
2.533998136847786 2
	a 218 306 0.9222826553799485
	a 306 218 0.9222826553799485
2.886393342215737 2
	a 219 268 0.9124775894149337
	a 268 219 0.9124775894149337
0.6780787635912512 2
	a 219 253 0.9779006413097311
	a 253 219 0.9779006413097311
4.38226776905339 2
	a 219 265 0.8733278223011145
	a 265 219 0.8733278223011145
2.305597756786082 2
	a 220 314 0.9287618262984489
	a 314 220 0.9287618262984489
1.588984649521283 2
	a 220 278 0.9497427661098292
	a 278 220 0.9497427661098292
1.804331113799363 2
	a 220 286 0.9433321917313179
	a 286 220 0.9433321917313179
0.7671585448709205 2
	a 221 258 0.975070966213913
	a 258 221 0.975070966213913
9.838233221962801 2
	a 222 475 0.7594920025975965
	a 475 222 0.7594920025975965
4.60836296159144 2
	a 222 234 0.8677428442066928
	a 234 222 0.8677428442066928
12.03145185964816 2
	a 222 422 0.7241939012019474
	a 422 222 0.7241939012019474
1.398041539263464 2
	a 223 286 0.9555043784865291
	a 286 223 0.9555043784865291
0.6027356872459425 2
	a 224 256 0.9803071135846667
	a 256 224 0.9803071135846667
1.334528378725622 2
	a 225 284 0.9574371690344996
	a 284 225 0.9574371690344996
2.64202719985907 2
	a 226 317 0.9192523272890362
	a 317 226 0.9192523272890362
2.359534492315178 2
	a 226 297 0.9272228606341048
	a 297 226 0.9272228606341048
2.592183370349636 2
	a 226 324 0.920647787275513
	a 324 226 0.920647787275513
3.461914998281608 2
	a 227 345 0.8969513643323144
	a 345 227 0.8969513643323144
5.69326785440317 2
	a 227 326 0.8420842008680698
	a 326 227 0.8420842008680698
7.975821985910994 2
	a 227 264 0.7937962890224203
	a 264 227 0.7937962890224203
7.236824137981996 2
	a 227 339 0.8086330886193465
	a 339 227 0.8086330886193465
0.3897640175368631 2
	a 228 246 0.9871752090644744
	a 246 228 0.9871752090644744
6.855861465262897 2
	a 229 432 0.8165719884578743
	a 432 229 0.8165719884578743
4.288920264007757 2
	a 229 349 0.8756583477894956
	a 349 229 0.8756583477894956
3.782904343799268 2
