from,to,probability
0,41,0.8047452133538089
0,22,0.9738083407717619
0,28,0.8201423412677947
0,129,0.5666371405454327
1,595,0.6300588203832739
1,175,0.5653982168249959
1,705,0.4588466854714876
2,82,0.7306595979728895
2,45,0.7124916841084122
2,25,0.9722730770907142
3,24,0.973241378938998
4,12,0.9899427146690853
5,47,0.6051428053992962
5,34,0.6075065459573813
5,53,0.6861250855188413
5,29,0.9738083407717619
5,44,0.8091153289569922
6,42,0.8435186015109457
6,90,0.902769691485617
6,11,0.7996881586042857
7,472,0.6835673026586426
8,25,0.9801847561502938
9,155,0.8432106896685363
10,64,0.9300086433468401
11,211,0.8016157540135661
11,6,0.7996881586042857
11,118,0.8300600661095571
11,109,0.8182159037040304
12,4,0.9899427146690853
12,59,0.9344469060777219
13,29,0.9821508484111854
14,81,0.9230839370295274
15,30,0.9872954174986995
16,41,0.9680141029402175
16,28,0.9738083407717619
16,40,0.9722730770907142
17,37,0.7287410983547898
17,75,0.9056135760428643
17,165,0.8468618649142202
18,89,0.9183740444181987
18,70,0.9318432884199691
18,88,0.5895941804395438
19,52,0.9554942676121773
20,60,0.4502033749021374
20,37,0.9844266607289975
21,41,0.973241378938998
22,41,0.815346176689049
22,33,0.9909996972207402
22,0,0.9738083407717619
23,76,0.9351832516981388
23,30,0.9386737058518245
24,152,0.7528791540721448
24,80,0.9319412935813508
24,3,0.973241378938998
25,82,0.9314733060428629
25,2,0.9722730770907142
25,8,0.9801847561502938
26,520,0.6832518563462041
26,203,0.7106198614728695
26,60,0.7558954829278665
26,56,0.6512965428868663
27,44,0.9398663543806614
27,42,0.8205067833719289
27,62,0.9510887940112148
28,41,0.9545253329684085
28,0,0.8201423412677947
28,16,0.9738083407717619
28,40,0.9821508484111854
29,53,0.9644819118512427
29,31,0.9775635533426917
29,5,0.9738083407717619
29,13,0.9821508484111854
30,23,0.9386737058518245
30,15,0.9872954174986995
30,51,0.9653197742132931
30,123,0.8720124327651296
31,53,0.9652302536595252
31,29,0.9775635533426917
32,38,0.9644819118512427
32,135,0.8888249974318859
33,41,0.9821508484111854
33,22,0.9909996972207402
34,168,0.8557002973105448
34,47,0.973241378938998
34,126,0.7634147664170484
34,5,0.6075065459573813
35,101,0.7699776618872116
35,150,0.7881266979383077
35,83,0.9386737058518245
35,44,0.9558012826194622
36,134,0.8826971284688763
36,82,0.6426581562672885
36,100,0.9200400887774002
37,56,0.9319412935813508
37,84,0.7580456467660203
37,75,0.9463836498442388
37,20,0.9844266607289975
37,17,0.7287410983547898
38,81,0.9444184714132219
38,32,0.9644819118512427
38,135,0.8821342934480713
38,155,0.7938684495977112
39,59,0.9623684211445606
40,41,0.963797893235387
40,152,0.8826971284688763
40,16,0.9722730770907142
40,28,0.9821508484111854
40,129,0.8811083260575976
41,59,0.973241378938998
41,21,0.973241378938998
41,33,0.9821508484111854
41,22,0.815346176689049
41,0,0.8047452133538089
41,16,0.9680141029402175
41,28,0.9545253329684085
41,40,0.963797893235387
42,105,0.7820564103461051
42,83,0.8468618649142202
42,71,0.9000856288552439
42,62,0.9014965856039029
42,90,0.9463836498442388
42,27,0.8205067833719289
42,6,0.8435186015109457
43,64,0.973241378938998
44,5,0.8091153289569922
44,35,0.9558012826194622
44,83,0.9276360025292943
44,71,0.9680141029402175
44,62,0.9722730770907142
44,27,0.9398663543806614
45,82,0.9623684211445606
45,2,0.7124916841084122
46,241,0.81818469362264
47,168,0.8758685022725073
47,91,0.9545253329684085
47,34,0.973241378938998
47,53,0.8317901323065962
47,5,0.6051428053992962
48,74,0.973241378938998
48,92,0.8195450638283499
49,59,0.9872954174986995
50,92,0.913556091857009
50,133,0.716632672785921
50,146,0.9020909832238383
51,30,0.9653197742132931
51,139,0.9117908960763035
52,146,0.9027503926758058
52,19,0.9554942676121773
53,183,0.7344943338735455
53,91,0.8725401872164539
53,47,0.8317901323065962
53,79,0.973241378938998
53,31,0.9652302536595252
53,29,0.9644819118512427
53,5,0.6861250855188413
54,66,0.9872954174986995
54,63,0.9722730770907142
54,90,0.8794411724354775
55,658,0.6509027347832573
55,252,0.5792496285784987
55,325,0.4781748047396787
56,26,0.6512965428868663
56,138,0.921919176583641
56,60,0.4575186470671497
56,37,0.9319412935813508
57,74,0.9820803998915989
58,152,0.906935442825665
59,12,0.9344469060777219
59,49,0.9872954174986995
59,39,0.9623684211445606
59,390,0.6675224221662168
59,41,0.973241378938998
59,188,0.6184727452233881
59,130,0.9344469060777219
59,152,0.8788961875278912
60,520,0.7182803515756774
60,26,0.7558954829278665
60,56,0.4575186470671497
60,20,0.4502033749021374
61,166,0.8968487814380327
61,289,0.6232145801535028
61,86,0.8204465291747199
62,71,0.9909996972207402
62,44,0.9722730770907142
62,42,0.9014965856039029
62,27,0.9510887940112148
63,347,0.7843105145160342
63,66,0.9558012826194622
63,106,0.9463836498442388
63,54,0.9722730770907142
63,90,0.798903707260735
64,43,0.973241378938998
64,10,0.9300086433468401
64,238,0.8401323949368354
65,82,0.9722730770907142
65,100,0.9653197742132931
66,347,0.7877016287389974
66,160,0.7819372242430374
66,63,0.9558012826194622
66,54,0.9872954174986995
66,90,0.8303210220617824
67,325,0.7684041438738098
67,102,0.9662032285945363
67,259,0.8130074613864876
68,136,0.9392715785638494
68,87,0.9414093153986384
69,137,0.9355153839991557
69,74,0.846460926617414
70,143,0.882337693304845
70,89,0.9821508484111854
70,18,0.9318432884199691
71,83,0.9899427146690853
71,44,0.9680141029402175
71,42,0.9000856288552439
71,62,0.9909996972207402
72,209,0.8713520671441922
72,102,0.8686103888229814
72,259,0.676903778313339
73,242,0.8147029181661731
73,230,0.7645048481466261
73,234,0.8208761280668567
73,222,0.8615850875285532
73,102,0.9136075472781886
74,69,0.846460926617414
74,137,0.9396482109138352
74,57,0.9820803998915989
74,176,0.7046302762787107
74,48,0.973241378938998
75,84,0.9821508484111854
75,153,0.9227155337830817
75,37,0.9463836498442388
75,17,0.9056135760428643
76,121,0.9545253329684085
76,23,0.9351832516981388
77,102,0.973241378938998
78,152,0.9231414344942847
78,215,0.7863768907066967
78,120,0.7257171084959245
79,186,0.7773627939566514
79,91,0.9872954174986995
79,53,0.973241378938998
80,152,0.9261191283460204
80,129,0.9149954267821812
80,24,0.9319412935813508
81,104,0.973241378938998
81,14,0.9230839370295274
81,177,0.8382447072817097
81,38,0.9444184714132219
81,122,0.7311565793196411
81,111,0.8575310822469285
82,146,0.9302253582882283
82,134,0.7507002319719288
82,36,0.6426581562672885
82,100,0.8731780843417525
82,65,0.9722730770907142
82,45,0.9623684211445606
82,25,0.9314733060428629
82,2,0.7306595979728895
83,150,0.8558471932491926
83,127,0.9558012826194622
83,105,0.8082448117014722
83,35,0.9386737058518245
83,71,0.9899427146690853
83,44,0.9276360025292943
83,42,0.8468618649142202
84,138,0.8203390681062604
84,161,0.778660486531112
84,153,0.929896539479191
84,37,0.7580456467660203
84,75,0.9821508484111854
85,553,0.700783407749585
85,158,0.798678877581647
85,173,0.5628011125619025
85,466,0.7511907961115745
85,203,0.8843755852112788
85,170,0.7635259825293023
86,166,0.9177238006481268
86,61,0.8204465291747199
87,136,0.8760910752026436
87,96,0.9909996972207402
87,68,0.9414093153986384
88,18,0.5895941804395438
88,97,0.9909996972207402
89,93,0.8968487814380327
89,143,0.9414093153986384
89,70,0.9821508484111854
89,18,0.9183740444181987
90,105,0.7279820021175415
90,66,0.8303210220617824
90,63,0.798903707260735
90,106,0.7920836135414804
90,54,0.8794411724354775
90,42,0.9463836498442388
90,189,0.9014965856039029
90,6,0.902769691485617
91,257,0.764969925830336
91,247,0.7509407756646174
91,168,0.7907774969449676
91,186,0.903874518289376
91,47,0.9545253329684085
91,79,0.9872954174986995
91,53,0.8725401872164539
92,48,0.8195450638283499
92,50,0.913556091857009
92,146,0.9398663543806614
93,213,0.8838878393776355
93,143,0.7540445430982785
93,89,0.8968487814380327
94,117,0.973241378938998
95,208,0.8876600663019681
95,117,0.8946319408538014
95,236,0.8628589877668049
95,213,0.8854930760859328
96,154,0.9302253582882283
96,231,0.8723889443606497
96,136,0.857156111702291
96,87,0.9909996972207402
97,213,0.8877176542784041
97,143,0.8937998387472451
97,88,0.9909996972207402
98,243,0.8654580351732231
99,153,0.9463836498442388
99,187,0.8778507136781892
99,165,0.8883852499253981
100,134,0.9704542354364942
100,82,0.8731780843417525
100,36,0.9200400887774002
100,65,0.9653197742132931
101,269,0.8224886443807908
101,150,0.9487936471897895
101,35,0.7699776618872116
102,222,0.8866643834626358
102,73,0.9136075472781886
102,77,0.973241378938998
102,72,0.8686103888229814
102,67,0.9662032285945363
103,132,0.9417246184471164
103,182,0.9200400887774002
103,563,0.6844595990958841
104,81,0.973241378938998
104,110,0.7916391429239338
104,177,0.9227155337830817
105,160,0.798318812017787
105,150,0.8717177368842495
105,127,0.9821508484111854
105,83,0.8082448117014722
105,42,0.7820564103461051
105,90,0.7279820021175415
106,314,0.8329336092346202
106,63,0.9463836498442388
106,90,0.7920836135414804
106,189,0.8777722018728549
107,276,0.7992741930990951
107,325,0.8297736283773263
108,119,0.973241378938998
108,155,0.9527396919219954
109,118,0.9054333273514463
109,11,0.8182159037040304
109,114,0.9205361637141692
109,200,0.9119948158727124
110,104,0.7916391429239338
110,281,0.8544150321101445
111,81,0.8575310822469285
111,119,0.9909996972207402
112,213,0.9024314935795051
113,740,0.623144229137474
113,253,0.7948590309532689
113,322,0.8344947074176731
113,145,0.9183469452717982
113,202,0.7254933269166627
113,114,0.6231357276731938
113,171,0.8729691735902287
113,224,0.8328226382555459
114,113,0.6231357276731938
114,202,0.8505758280931771
114,118,0.8631456819323438
114,109,0.9205361637141692
114,171,0.9409376685008637
114,200,0.8075054145889833
114,481,0.7692271960499545
115,213,0.9054757389994549
116,152,0.9108202141763784
116,174,0.7813183098904388
116,142,0.9276130660231213
116,215,0.9064000780081681
117,95,0.8946319408538014
117,94,0.973241378938998
117,213,0.9083775496138666
118,418,0.8020148335606581
118,211,0.8137298632758454
118,202,0.857156111702291
118,11,0.8300600661095571
118,114,0.8631456819323438
118,109,0.9054333273514463
119,111,0.9909996972207402
119,108,0.973241378938998
119,155,0.9623684211445606
120,78,0.7257171084959245
120,183,0.9338241719892809
120,125,0.8586888004177173
121,76,0.9545253329684085
121,167,0.9501419324278259
121,178,0.8731397013320819
122,81,0.7311565793196411
122,177,0.8232083084827282
122,255,0.8436674842289936
122,135,0.9433113231217994
122,155,0.9640719144033315
123,30,0.8720124327651296
123,139,0.9820803998915989
124,146,0.9722730770907142
125,183,0.9386737058518245
125,120,0.8586888004177173
126,168,0.8537120682099751
126,34,0.7634147664170484
126,269,0.8731780843417525
127,150,0.9722730770907142
127,105,0.9821508484111854
127,83,0.9558012826194622
128,165,0.8307162854767866
128,321,0.846113756106927
129,0,0.5666371405454327
129,152,0.9722730770907142
129,40,0.8811083260575976
129,80,0.9149954267821812
130,59,0.9344469060777219
130,152,0.973241378938998
131,416,0.7332957920038923
131,361,0.8317901323065962
131,192,0.9200400887774002
132,379,0.5865874916498988
132,103,0.9417246184471164
132,510,0.6221215861885061
132,182,0.9437830818422798
132,406,0.7390308824903482
133,176,0.9471987816790822
133,50,0.716632672785921
133,146,0.8316128907297742
134,146,0.9801847561502938
134,82,0.7507002319719288
134,36,0.8826971284688763
134,100,0.9704542354364942
135,38,0.8821342934480713
135,32,0.8888249974318859
135,122,0.9433113231217994
135,155,0.973241378938998
136,166,0.9625520007466786
136,154,0.8703526211254616
136,96,0.857156111702291
136,68,0.9392715785638494
136,87,0.8760910752026436
137,373,0.8319222651810758
137,144,0.7460322200172681
137,69,0.9355153839991557
137,74,0.9396482109138352
137,176,0.8241239744691455
138,170,0.9635139401772062
138,161,0.8040779762126746
138,56,0.921919176583641
138,84,0.8203390681062604
139,51,0.9117908960763035
139,123,0.9820803998915989
139,164,0.973241378938998
139,162,0.9354220149815766
139,157,0.9355153839991557
140,325,0.8456513965369052
140,230,0.9148743380689991
140,185,0.9414093153986384
141,187,0.794213019673343
141,506,0.7886571144464505
141,214,0.7961589106619053
141,261,0.8489136315024536
142,390,0.7767000989039099
142,174,0.9131075142466065
142,179,0.9487936471897895
142,116,0.9276130660231213
142,215,0.9337653050735132
143,213,0.9362995338225456
143,93,0.7540445430982785
143,89,0.9414093153986384
143,70,0.882337693304845
143,97,0.8937998387472451
144,248,0.775322738517044
144,373,0.8420176873875925
144,137,0.7460322200172681
145,740,0.6851119040819981
145,429,0.8254805009931181
145,113,0.9183469452717982
146,92,0.9398663543806614
146,50,0.9020909832238383
146,133,0.8316128907297742
146,184,0.9623684211445606
146,147,0.9722730770907142
146,289,0.8407950692508981
146,124,0.9722730770907142
146,134,0.9801847561502938
146,52,0.9027503926758058
146,82,0.9302253582882283
147,146,0.9722730770907142
147,184,0.9623684211445606
148,204,0.9483143562269498
148,339,0.7099805101625041
149,258,0.8888129200748273
149,196,0.9568060828351197
149,472,0.7088388172433693
150,269,0.898120801873182
150,101,0.9487936471897895
150,127,0.9722730770907142
150,105,0.8717177368842495
150,35,0.7881266979383077
150,83,0.8558471932491926
151,300,0.6250665995016862
151,460,0.6351166841067631
151,432,0.6307637477906777
151,380,0.7693644802445413
151,265,0.9000856288552439
151,522,0.7741176854979724
151,663,0.6933696064034086
152,59,0.8788961875278912
152,390,0.6977883617329096
152,130,0.973241378938998
152,40,0.8826971284688763
152,174,0.9729287619604706
152,116,0.9108202141763784
152,129,0.9722730770907142
152,215,0.7658837159090407
152,80,0.9261191283460204
152,78,0.9231414344942847
152,24,0.7528791540721448
152,58,0.906935442825665
153,548,0.7125625595646441
153,161,0.7604361350378873
153,516,0.6728323077152863
153,218,0.937706691045615
153,84,0.929896539479191
153,75,0.9227155337830817
153,99,0.9463836498442388
154,258,0.906935442825665
154,166,0.9125817092696491
154,196,0.9335690064097447
154,231,0.9112613937301112
154,136,0.8703526211254616
154,96,0.9302253582882283
155,255,0.9133010884855284
155,38,0.7938684495977112
155,122,0.9640719144033315
155,108,0.9527396919219954
155,135,0.973241378938998
155,119,0.9623684211445606
155,9,0.8432106896685363
156,273,0.8745595107716905
156,410,0.7115732827537433
156,226,0.9318432884199691
156,239,0.9252426140965927
156,269,0.8495462545592452
157,139,0.9355153839991557
157,162,0.9522654392050312
157,181,0.9719866270833376
157,217,0.9433113231217994
157,219,0.7936767061464803
157,278,0.7821477965005807
158,498,0.8020805068914579
158,233,0.7423791528475664
158,159,0.8577153656071522
158,274,0.8845899080359497
158,85,0.798678877581647
159,267,0.6470919784081355
159,233,0.8281928154924597
159,364,0.7773140583634709
159,158,0.8577153656071522
159,466,0.8172133897330325
160,347,0.7659163932788362
160,269,0.9051635970245349
160,105,0.798318812017787
160,66,0.7819372242430374
161,170,0.7972183618225142
161,369,0.8055516461412187
161,138,0.8040779762126746
161,298,0.8897587850480411
161,84,0.778660486531112
161,153,0.7604361350378873
162,419,0.7825623054993729
162,178,0.9007803204004211
162,139,0.9354220149815766
162,164,0.9100225029255254
162,157,0.9522654392050312
162,271,0.9074848476136496
162,181,0.9139712472840207
163,264,0.9117908960763035
163,312,0.7038527905738322
163,197,0.7412306127503924
163,584,0.7250612127914913
164,178,0.9821508484111854
164,139,0.973241378938998
164,162,0.9100225029255254
165,99,0.8883852499253981
165,17,0.8468618649142202
165,187,0.8951704573420544
165,128,0.8307162854767866
165,321,0.8824845487878011
166,258,0.8669154237253071
166,307,0.8910653879558487
166,285,0.8778507136781892
166,154,0.9125817092696491
166,86,0.9177238006481268
166,136,0.9625520007466786
166,61,0.8968487814380327
167,121,0.9501419324278259
167,198,0.5659179574400125
167,319,0.8861113671811454
167,178,0.833384080640037
168,382,0.8510393089189403
168,257,0.9218530484106888
168,366,0.853929275370181
168,244,0.7178891159952866
168,91,0.7907774969449676
168,47,0.8758685022725073
168,34,0.8557002973105448
168,126,0.8537120682099751
168,269,0.7785114110283501
169,478,0.8201380591464672
169,192,0.9276360025292943
169,254,0.8645156191802411
169,228,0.8955897478075493
169,436,0.7767000989039099
169,204,0.5881272123785362
170,85,0.7635259825293023
170,538,0.6701126472197635
170,203,0.8929791615790088
170,369,0.8667035294451287
170,138,0.9635139401772062
170,161,0.7972183618225142
171,113,0.8729691735902287
171,114,0.9409376685008637
171,224,0.9508325240207941
172,430,0.726537299653898
172,308,0.8406024216667138
172,277,0.9183469452717982
172,258,0.8185492222142337
173,274,0.9218530484106888
173,191,0.9680141029402175
173,85,0.5628011125619025
173,251,0.7919954092993594
174,390,0.8657818896599003
174,152,0.9729287619604706
174,142,0.9131075142466065
174,116,0.7813183098904388
175,595,0.73380792533651
175,237,0.9483143562269498
175,1,0.5653982168249959
176,373,0.8731780843417525
176,137,0.8241239744691455
176,74,0.7046302762787107
176,283,0.873229376332696
176,133,0.9471987816790822
177,104,0.9227155337830817
177,81,0.8382447072817097
177,255,0.9384095649053928
177,122,0.8232083084827282
178,419,0.8581059159984685
178,121,0.8731397013320819
178,167,0.833384080640037
178,319,0.8900177881850106
178,164,0.9821508484111854
178,162,0.9007803204004211
179,390,0.8513524091650486
179,142,0.9487936471897895
179,246,0.9436582263695744
179,215,0.9606142271693334
180,419,0.709679007378472
180,199,0.8281027863893541
180,363,0.8813806055338343
181,162,0.9139712472840207
181,157,0.9719866270833376
181,271,0.9276360025292943
182,132,0.9437830818422798
182,103,0.9200400887774002
182,563,0.7464626692614772
182,406,0.8416033052298046
182,290,0.9039241317104403
182,326,0.897573921915672
183,215,0.973241378938998
183,232,0.8763166789150408
183,120,0.9338241719892809
183,125,0.9386737058518245
183,53,0.7344943338735455
184,146,0.9623684211445606
184,343,0.8932653021051594
184,147,0.9623684211445606
185,325,0.8999383031649384
185,140,0.9414093153986384
185,230,0.8573095975760578
186,247,0.9463427450445413
186,91,0.903874518289376
186,79,0.7773627939566514
187,447,0.812163651662954
187,99,0.8778507136781892
187,165,0.8951704573420544
187,141,0.794213019673343
187,321,0.8645248909828307
187,214,0.9549459937243078
187,375,0.8777609706777058
188,59,0.6184727452233881
188,278,0.9275663124862493
188,390,0.7575588724708913
189,106,0.8777722018728549
189,90,0.9014965856039029
189,211,0.9801847561502938
190,297,0.916845260592923
190,241,0.9218390051298286
190,207,0.8765608364924382
191,434,0.7933214268504987
191,411,0.7734248104318673
191,274,0.9316368925437318
191,173,0.9680141029402175
191,251,0.7199623106921906
192,361,0.8046389685865369
192,131,0.9200400887774002
192,254,0.9463836498442388
192,169,0.9276360025292943
193,291,0.8954210846808751
193,300,0.7976971582264413
193,380,0.8788961875278912
193,265,0.832143721654529
194,380,0.8737978293116279
194,264,0.9386737058518245
194,663,0.6646222263403877
194,527,0.7380691762109118
194,197,0.6736295532136541
195,359,0.8271844087439152
195,473,0.8299795122322104
195,210,0.8270732176773828
195,201,0.9300086433468401
195,380,0.8805701633829723
196,258,0.85428745430997
196,149,0.9568060828351197
196,154,0.9335690064097447
196,231,0.9662895600761255
197,194,0.6736295532136541
197,527,0.7369978210756661
197,163,0.7412306127503924
197,552,0.7918641515726547
197,573,0.7948590309532689
197,245,0.8387487827035611
197,584,0.7125625595646441
198,419,0.8712527238719633
198,167,0.5659179574400125
198,319,0.7065876034100323
198,374,0.7256764235761324
198,345,0.756570151233213
199,390,0.8824845487878011
199,363,0.8794411724354775
199,180,0.8281027863893541
200,114,0.8075054145889833
200,109,0.9119948158727124
200,400,0.8803355653960224
201,473,0.8481191918151464
201,275,0.8861113671811454
201,195,0.9300086433468401
201,380,0.7658863552614283
201,354,0.8432989432779371
202,418,0.8742418145439852
202,322,0.8457055875723746
202,113,0.7254933269166627
202,118,0.857156111702291
202,114,0.8505758280931771
203,553,0.8091285638196795
203,85,0.8843755852112788
203,170,0.8929791615790088
203,26,0.7106198614728695
204,478,0.8472567404213924
204,169,0.5881272123785362
204,339,0.7877016287389974
204,148,0.9483143562269498
205,213,0.973241378938998
205,352,0.9028137422550702
206,216,0.9909996972207402
207,241,0.9662895600761255
207,190,0.8765608364924382
208,238,0.9722730770907142
208,95,0.8876600663019681
208,236,0.8673220189996733
209,412,0.8464461214548433
209,222,0.9872954174986995
209,72,0.8713520671441922
210,359,0.903874518289376
210,240,0.8861113671811454
210,195,0.8270732176773828
210,229,0.9623684211445606
210,380,0.8432989432779371
211,418,0.8811083260575976
211,189,0.9801847561502938
211,118,0.8137298632758454
211,11,0.8016157540135661
212,326,0.6884051704427817
212,335,0.7699000748858489
212,548,0.8123721550606331
212,370,0.8405957963283339
212,355,0.9083775496138666
212,251,0.8558471932491926
213,117,0.9083775496138666
213,95,0.8854930760859328
213,236,0.818753829917097
213,333,0.9197180289558177
213,115,0.9054757389994549
213,112,0.9024314935795051
213,346,0.8645156191802411
213,93,0.8838878393776355
213,143,0.9362995338225456
213,205,0.973241378938998
213,97,0.8877176542784041
213,227,0.9640719144033315
214,187,0.9549459937243078
214,141,0.7961589106619053
214,261,0.9487936471897895
214,490,0.851400302505
214,375,0.8806891646803363
215,152,0.7658837159090407
215,142,0.9337653050735132
215,179,0.9606142271693334
215,116,0.9064000780081681
215,246,0.8891105905770373
215,232,0.9821508484111854
215,78,0.7863768907066967
215,183,0.973241378938998
216,528,0.6302430324032248
216,416,0.7880558402332946
216,206,0.9909996972207402
216,361,0.7787656003983519
216,341,0.9179975025927845
217,419,0.8864639042455559
217,157,0.9433113231217994
217,271,0.9226538783309952
217,390,0.8887715387996583
218,369,0.906935442825665
218,298,0.8921526305274108
218,249,0.9738083407717619
218,153,0.937706691045615
219,157,0.7936767061464803
219,278,0.9539728837131289
220,494,0.8328226382555459
220,394,0.8622286422130082
220,496,0.8531813232829806
220,253,0.9568060828351197
220,429,0.8248576870893893
221,419,0.8895895385572373
221,311,0.9151474968755783
221,415,0.7944091429221217
222,234,0.9872954174986995
222,73,0.8615850875285532
222,209,0.9872954174986995
222,102,0.8866643834626358
223,614,0.7709397234117786
223,435,0.582306026434004
223,583,0.5311390748932676
223,313,0.9369812483497675
223,497,0.5338984268028166
223,449,0.7487757696366494
223,420,0.807631259450463
223,589,0.6289805276611267
224,113,0.8328226382555459
224,171,0.9508325240207941
224,586,0.8083802039817863
225,666,0.7688979825683688
225,565,0.7507595512422708
225,398,0.7758445016015467
225,270,0.9640719144033315
225,560,0.7979220328153631
226,273,0.9653197742132931
226,156,0.9318432884199691
226,269,0.8429623764181786
227,213,0.9640719144033315
227,352,0.9243866273778295
228,254,0.9820803998915989
228,169,0.8955897478075493
229,240,0.8361028384842123
229,210,0.9623684211445606
229,380,0.9113150658887325
230,325,0.9380707758593515
230,242,0.8556852781963363
230,140,0.9148743380689991
230,185,0.8573095975760578
230,73,0.7645048481466261
231,196,0.9662895600761255
231,154,0.9112613937301112
231,472,0.8732407208666074
231,96,0.8723889443606497
232,246,0.9113150658887325
232,215,0.9821508484111854
232,284,0.9623684211445606
232,183,0.8763166789150408
233,267,0.9216222730598865
233,498,0.8631998847942346
233,159,0.8281928154924597
233,158,0.7423791528475664
234,242,0.9385831064759711
234,403,0.9083775496138666
234,222,0.9872954174986995
234,73,0.8208761280668567
235,325,0.9417246184471164
236,238,0.832143721654529
236,208,0.8673220189996733
236,95,0.8628589877668049
236,333,0.9397295588028851
236,213,0.818753829917097
237,556,0.8332298175832424
237,175,0.9483143562269498
238,64,0.8401323949368354
238,400,0.9113150658887325
238,208,0.9722730770907142
238,236,0.832143721654529
238,333,0.8709276337338243
239,410,0.9066741325234148
239,156,0.9252426140965927
239,347,0.8040850467630583
239,269,0.8224470091292366
239,294,0.8062809707856871
240,359,0.873229376332696
240,358,0.9261529782953875
240,393,0.8821342934480713
240,210,0.8861113671811454
240,229,0.8361028384842123
240,380,0.9218530484106888
241,309,0.9550161751648277
241,297,0.8637977524318536
241,190,0.9218390051298286
241,207,0.9662895600761255
241,46,0.81818469362264
242,325,0.9137040921746717
242,490,0.8742418145439852
242,288,0.9197180289558177
242,230,0.8556852781963363
242,234,0.9385831064759711
242,73,0.8147029181661731
243,325,0.9487936471897895
243,98,0.8654580351732231
244,366,0.8558471932491926
244,168,0.7178891159952866
244,269,0.9821508484111854
245,197,0.8387487827035611
245,573,0.8151847151447701
245,584,0.8208277313765354
245,564,0.834584732969052
246,390,0.8573040652033983
246,382,0.9231414344942847
246,179,0.9436582263695744
246,215,0.8891105905770373
246,232,0.9113150658887325
246,284,0.851197759339207
247,284,0.9622684147519504
247,331,0.9487936471897895
247,186,0.9463427450445413
247,91,0.7509407756646174
248,452,0.8982896908958202
248,339,0.880309421011366
248,373,0.6679243555024611
248,144,0.775322738517044
249,548,0.8429623764181786
249,369,0.8762085089500666
249,218,0.9738083407717619
250,611,0.7119818156003371
250,287,0.8468618649142202
250,329,0.8959827247084693
250,431,0.906935442825665
250,299,0.8316329326950501
250,441,0.8318462884574691
251,548,0.8432989432779371
251,411,0.6929156195404621
251,191,0.7199623106921906
251,370,0.7158710439563468
251,173,0.7919954092993594
251,212,0.8558471932491926
251,538,0.8338975914869716
252,691,0.7762027794808094
252,55,0.5792496285784987
252,256,0.6595981831413762
252,276,0.9014761273265653
253,494,0.7182148226572824
253,394,0.9218530484106888
253,220,0.9568060828351197
253,429,0.7703150340301207
253,322,0.8258626398768074
253,113,0.7948590309532689
254,361,0.8271844087439152
254,341,0.9471987816790822
254,192,0.9463836498442388
254,433,0.873229376332696
254,169,0.8645156191802411
254,228,0.9820803998915989
255,325,0.9549459937243078
255,281,0.8096240788235312
255,177,0.9384095649053928
255,122,0.8436674842289936
255,155,0.9133010884855284
256,706,0.7733017896325755
256,691,0.7657687066825659
256,252,0.6595981831413762
256,276,0.7695604019932333
256,325,0.8332640482214708
257,382,0.9314733060428629
257,168,0.9218530484106888
257,91,0.764969925830336
258,373,0.7514095981774257
258,308,0.8815120468696972
258,172,0.8185492222142337
258,307,0.9130416207900005
258,285,0.9821508484111854
258,149,0.8888129200748273
258,166,0.8669154237253071
258,196,0.85428745430997
258,154,0.906935442825665
259,325,0.9606142271693334
259,72,0.676903778313339
259,67,0.8130074613864876
260,451,0.879345333318582
260,415,0.6808559398810131
260,484,0.8481191918151464
260,315,0.9644819118512427
261,141,0.8489136315024536
261,214,0.9487936471897895
261,490,0.887257126183048
262,530,0.8495462545592452
262,279,0.9386737058518245
262,468,0.8985420456269431
262,365,0.8577507283049174
263,495,0.884351494543376
263,396,0.7038527905738322
263,424,0.7075904891447148
263,779,0.7161451513979507
264,380,0.9225797361323311
264,376,0.9386737058518245
264,353,0.8354130354361818
264,194,0.9386737058518245
264,312,0.6809854283454104
264,163,0.9117908960763035
265,193,0.832143721654529
265,300,0.6901865899937156
265,380,0.9381981204125796
265,151,0.9000856288552439
266,415,0.9259470067400721
266,382,0.8533427905050232
267,770,0.7549402464930638
267,553,0.5329464821808679
267,656,0.6629102919261893
267,498,0.7998164137915031
267,233,0.9216222730598865
267,364,0.5447833156517025
267,159,0.6470919784081355
268,478,0.8037549749804135
268,272,0.9386737058518245
268,310,0.973241378938998
268,320,0.9318432884199691
268,373,0.9231414344942847
269,168,0.7785114110283501
269,226,0.8429623764181786
269,244,0.9821508484111854
269,156,0.8495462545592452
269,239,0.8224470091292366
269,126,0.8731780843417525
269,347,0.8707680049150869
269,294,0.9828715992216289
269,101,0.8224886443807908
269,160,0.9051635970245349
269,150,0.898120801873182
270,565,0.8481191918151464
270,633,0.6776507062352283
270,225,0.9640719144033315
270,560,0.8079069707212296
270,648,0.7149342385737546
270,631,0.7398537424135401
271,419,0.9261529782953875
271,162,0.9074848476136496
271,181,0.9276360025292943
271,217,0.9226538783309952
272,440,0.9183740444181987
272,296,0.8928970108097637
272,344,0.8724682535753022
272,268,0.9386737058518245
272,310,0.9680141029402175
273,382,0.9398663543806614
273,410,0.912479095619786
273,226,0.9653197742132931
273,156,0.8745595107716905
274,498,0.8891105905770373
274,434,0.8889241318200837
274,191,0.9316368925437318
274,158,0.8845899080359497
274,173,0.9218530484106888
275,473,0.9020909832238383
275,545,0.7603855189533556
275,600,0.6855501585972885
275,201,0.8861113671811454
275,465,0.8265013237044327
275,388,0.8894981001052298
275,354,0.8904787484706886
275,500,0.7642939293914969
276,252,0.9014761273265653
276,256,0.7695604019932333
276,107,0.7992741930990951
276,325,0.9703267583806774
277,328,0.7534162319726071
277,430,0.9259006636492924
277,308,0.8132937972735328
277,172,0.9183469452717982
278,157,0.7821477965005807
278,219,0.9539728837131289
278,390,0.9417935614175221
278,188,0.9275663124862493
279,530,0.8753811873764505
279,503,0.8659872472849438
279,262,0.9386737058518245
279,365,0.8752523430789345
279,318,0.8203390681062604
280,321,0.9743504181289488
281,325,0.973241378938998
281,110,0.8544150321101445
281,255,0.8096240788235312
282,670,0.8014562226314185
282,529,0.7040382167111416
282,325,0.7905176422762482
282,348,0.7729033464535502
283,373,0.9528713406293264
283,176,0.873229376332696
283,343,0.8771887821045303
284,382,0.9487936471897895
284,246,0.851197759339207
284,232,0.9623684211445606
284,331,0.9066741325234148
284,247,0.9622684147519504
285,258,0.9821508484111854
285,307,0.9872954174986995
285,166,0.8778507136781892
286,373,0.9545253329684085
286,386,0.9110087569730583
286,305,0.9558012826194622
286,308,0.8122523963562355
287,591,0.8122523963562355
287,734,0.6833111331310328
287,611,0.8357342869738311
287,477,0.6822203641024043
287,250,0.8468618649142202
287,431,0.8586888004177173
288,580,0.7905862096169738
288,325,0.9801847561502938
288,242,0.9197180289558177
289,146,0.8407950692508981
289,343,0.9738083407717619
289,61,0.6232145801535028
290,182,0.9039241317104403
290,563,0.8624997353004263
290,326,0.9528713406293264
290,335,0.9137040921746717
291,530,0.884351494543376
291,193,0.8954210846808751
291,300,0.906935442825665
291,380,0.8118986313804083
292,391,0.9380707758593515
292,368,0.9218530484106888
292,359,0.9680141029402175
292,293,0.9136075472781886
293,530,0.6848768622678679
293,368,0.7948590309532689
293,292,0.9136075472781886
293,359,0.9680141029402175
294,239,0.8062809707856871
294,347,0.9738083407717619
294,269,0.9828715992216289
295,431,0.8432989432779371
295,441,0.748518931506592
295,709,0.7780191684776494
295,401,0.9501419324278259
295,414,0.8270635222644824
296,478,0.9117908960763035
296,389,0.9294248332899009
296,336,0.9527396919219954
296,272,0.8928970108097637
297,553,0.8708910204613362
297,309,0.7864759778248233
297,241,0.8637977524318536
297,190,0.916845260592923
298,369,0.9640719144033315
298,161,0.8897587850480411
298,218,0.8921526305274108
299,329,0.9167998432920906
299,250,0.8316329326950501
299,441,0.9345479882608408
300,530,0.871232533415451
300,291,0.906935442825665
300,193,0.7976971582264413
300,460,0.9276360025292943
300,265,0.6901865899937156
300,151,0.6250665995016862
301,444,0.9351832516981388
301,412,0.9183740444181987
301,327,0.7615059555244991
302,325,0.9872954174986995
303,413,0.9471987816790822
303,502,0.9020909832238383
303,469,0.8860330970781489
304,534,0.8863982323969065
304,373,0.9300086433468401
304,439,0.7114776826538664
305,373,0.9640719144033315
305,286,0.9558012826194622
305,360,0.8083926379651613
306,530,0.8472567404213924
306,484,0.9151474968755783
306,395,0.9565830831217899
307,373,0.9652302536595252
307,258,0.9130416207900005
307,285,0.9872954174986995
307,166,0.8910653879558487
308,373,0.9076319992126715
308,386,0.9623684211445606
308,286,0.8122523963562355
308,328,0.865879645444419
308,277,0.8132937972735328
308,172,0.8406024216667138
308,258,0.8815120468696972
309,553,0.8783780162427476
309,367,0.7406038004059939
309,297,0.7864759778248233
309,241,0.9550161751648277
310,272,0.9680141029402175
310,344,0.8100238372501973
310,268,0.973241378938998
310,320,0.9558012826194622
310,373,0.9680141029402175
311,451,0.9381981204125796
311,419,0.8799767802561685
311,221,0.9151474968755783
311,415,0.8271844087439152
312,442,0.8419934780039964
312,486,0.9190774089378732
312,264,0.6809854283454104
312,353,0.8040473710765281
312,362,0.8760910752026436
312,163,0.7038527905738322
312,396,0.9261191283460204
312,424,0.7380691762109118
312,584,0.6963066221265466
313,352,0.9820803998915989
313,223,0.9369812483497675
314,347,0.9244449030381425
314,402,0.8529300303856463
314,106,0.8329336092346202
314,418,0.9528713406293264
315,451,0.9414093153986384
315,484,0.8891105905770373
315,260,0.9644819118512427
316,507,0.9113150658887325
316,478,0.9039241317104403
317,438,0.6655464747547587
317,386,0.9039812560310445
317,430,0.9501419324278259
318,530,0.707568818415772
318,279,0.8203390681062604
318,484,0.9231414344942847
318,365,0.7900830157440288
318,381,0.9606142271693334
319,419,0.8861488032688893
319,167,0.8861113671811454
319,198,0.7065876034100323
319,178,0.8900177881850106
319,374,0.9722730770907142
320,268,0.9318432884199691
320,310,0.9558012826194622
320,373,0.973241378938998
321,187,0.8645248909828307
321,165,0.8824845487878011
321,128,0.846113756106927
321,280,0.9743504181289488
321,375,0.9722730770907142
322,494,0.7993312834574418
322,418,0.9558012826194622
322,253,0.8258626398768074
322,113,0.8344947074176731
322,202,0.8457055875723746
323,390,0.9550161751648277
323,382,0.9703267583806774
324,373,0.9747522414139314
324,439,0.9269074174167652
324,351,0.9369812483497675
325,55,0.4781748047396787
325,580,0.869174554309495
325,256,0.8332640482214708
325,276,0.9703267583806774
325,107,0.8297736283773263
325,282,0.7905176422762482
325,348,0.8910653879558487
325,281,0.973241378938998
325,515,0.9100851990856139
325,255,0.9549459937243078
325,302,0.9872954174986995
325,288,0.9801847561502938
325,242,0.9137040921746717
325,140,0.8456513965369052
325,230,0.9380707758593515
325,185,0.8999383031649384
325,235,0.9417246184471164
325,67,0.7684041438738098
325,259,0.9606142271693334
325,243,0.9487936471897895
326,182,0.897573921915672
326,406,0.9623684211445606
326,290,0.9528713406293264
326,335,0.9083775496138666
326,411,0.740807548125497
326,370,0.7450023669814603
326,212,0.6884051704427817
327,412,0.9606142271693334
327,301,0.7615059555244991
328,386,0.8758745458994474
328,430,0.9545253329684085
328,308,0.865879645444419
328,277,0.7534162319726071
329,611,0.6397742223639676
329,628,0.8452658031014753
329,340,0.944423470169336
329,250,0.8959827247084693
329,299,0.9167998432920906
330,415,0.9003076079065391
330,382,0.973241378938998
331,382,0.973241378938998
331,284,0.9066741325234148
331,247,0.9487936471897895
332,382,0.9298804969197713
332,350,0.9909996972207402
333,238,0.8709276337338243
333,517,0.9119948158727124
333,236,0.9397295588028851
333,213,0.9197180289558177
333,346,0.8207255443698629
334,530,0.866878158799478
334,484,0.9276360025292943
335,563,0.7903835133668528
335,290,0.9137040921746717
335,326,0.9083775496138666
335,548,0.8888019274332389
335,212,0.7699000748858489
336,478,0.9244449030381425
336,389,0.973241378938998
336,426,0.902769691485617
336,296,0.9527396919219954
337,380,0.9722730770907142
337,409,0.9640719144033315
337,442,0.9298804969197713
337,376,0.9558012826194622
338,398,0.8894981001052298
338,497,0.9225797361323311
338,449,0.9216452272550173
338,357,0.9285126991447313
338,631,0.7707883246037421
339,204,0.7877016287389974
339,452,0.9504840260532006
339,248,0.880309421011366
339,148,0.7099805101625041
340,714,0.8063956102588343
340,628,0.8487236080441856
340,329,0.944423470169336
341,216,0.9179975025927845
341,478,0.9328530432796091
341,254,0.9471987816790822
341,433,0.9509530557937554
342,419,0.963797893235387
343,373,0.9821508484111854
343,283,0.8771887821045303
343,184,0.8932653021051594
343,289,0.9738083407717619
344,440,0.7552084142719658
344,272,0.8724682535753022
344,310,0.8100238372501973
344,534,0.9044489898449394
344,491,0.9244449030381425
345,198,0.756570151233213
345,374,0.9821508484111854
346,517,0.8020148335606581
346,333,0.8207255443698629
346,213,0.8645156191802411
346,533,0.9059512961069284
347,475,0.9386737058518245
347,410,0.8447250585286241
347,239,0.8040850467630583
347,269,0.8707680049150869
347,294,0.9738083407717619
347,349,0.877115386474595
347,160,0.7659163932788362
347,314,0.9244449030381425
347,66,0.7877016287389974
347,63,0.7843105145160342
348,467,0.9437830818422798
348,325,0.8910653879558487
348,282,0.7729033464535502
349,475,0.8263619380883223
349,494,0.9295962468484706
349,347,0.877115386474595
349,425,0.9653197742132931
350,382,0.9821508484111854
350,332,0.9909996972207402
351,373,0.9872954174986995
351,324,0.9369812483497675
351,386,0.9821508484111854
352,614,0.8628982411931033
352,205,0.9028137422550702
352,227,0.9243866273778295
352,313,0.9820803998915989
353,442,0.9528713406293264
353,376,0.9872954174986995
353,264,0.8354130354361818
353,312,0.8040473710765281
354,275,0.8904787484706886
354,201,0.8432989432779371
354,380,0.7610617491347729
354,388,0.9821508484111854
354,539,0.9066741325234148
354,598,0.8556370901807866
355,548,0.8986710171939731
355,212,0.9083775496138666
355,489,0.8746448363126346
356,484,0.9386737058518245
356,475,0.8985296707828764
357,398,0.9131628725751649
357,338,0.9285126991447313
357,560,0.8944569500723553
358,530,0.9143865913738085
358,391,0.7560187685559246
358,359,0.8659940730125437
358,393,0.9558012826194622
358,240,0.9261529782953875
359,530,0.6350172534618922
359,391,0.8891105905770373
359,474,0.6498101261702521
359,292,0.9680141029402175
359,293,0.9680141029402175
359,358,0.8659940730125437
359,473,0.9449487209151111
359,240,0.873229376332696
359,210,0.903874518289376
359,195,0.8271844087439152
360,373,0.9909996972207402
360,305,0.8083926379651613
361,416,0.9738083407717619
361,216,0.7787656003983519
361,131,0.8317901323065962
361,192,0.8046389685865369
361,254,0.8271844087439152
362,442,0.9644819118512427
362,486,0.9020909832238383
362,312,0.8760910752026436
363,390,0.9872954174986995
363,199,0.8794411724354775
363,382,0.8419004129117057
363,180,0.8813806055338343
364,553,0.902769691485617
364,267,0.5447833156517025
364,159,0.7773140583634709
364,466,0.7956900991420076
365,530,0.8613101420074077
365,279,0.8752523430789345
365,262,0.8577507283049174
365,484,0.783583435689713
365,468,0.9528713406293264
365,318,0.7900830157440288
365,395,0.7169987300294989
365,381,0.8513524091650486
366,382,0.9909996972207402
366,168,0.853929275370181
366,244,0.8558471932491926
367,472,0.9204095347029591
367,454,0.9625520007466786
367,309,0.7406038004059939
368,530,0.9200400887774002
368,391,0.9680141029402175
368,292,0.9218530484106888
368,293,0.7948590309532689
369,548,0.881621615774019
369,538,0.9143865913738085
369,170,0.8667035294451287
369,298,0.9640719144033315
369,249,0.8762085089500666
369,161,0.8055516461412187
369,218,0.906935442825665
370,326,0.7450023669814603
370,411,0.9821508484111854
370,212,0.8405957963283339
370,251,0.7158710439563468
371,451,0.9680141029402175
371,419,0.9738083407717619
372,475,0.9528713406293264
372,428,0.9528713406293264
372,405,0.9023939970113746
372,494,0.8188668720367126
373,478,0.9501419324278259
373,268,0.9231414344942847
373,463,0.9218530484106888
373,310,0.9680141029402175
373,320,0.973241378938998
373,452,0.8731780843417525
373,491,0.9041228461390493
373,248,0.6679243555024611
373,304,0.9300086433468401
373,324,0.9747522414139314
373,144,0.8420176873875925
373,351,0.9872954174986995
373,386,0.7434029826990529
373,137,0.8319222651810758
373,305,0.9640719144033315
373,286,0.9545253329684085
373,360,0.9909996972207402
373,176,0.8731780843417525
373,308,0.9076319992126715
373,283,0.9528713406293264
