1.064816194648925 2
	a 0 61 0.9657366530214315
	a 61 0 0.9657366530214315
7.718832901071267 2
	a 1 97 0.7988731507382628
	a 97 1 0.7988731507382628
7.596342501994648 2
	a 1 142 0.801323749046277
	a 142 1 0.801323749046277
0.4217785570495555 2
	a 1 19 0.9861365385453571
	a 19 1 0.9861365385453571
1.220541774464252 2
	a 1 20 0.9609265242053444
	a 20 1 0.9609265242053444
8.609325108289735 2
	a 2 189 0.7816465993396056
	a 189 2 0.7816465993396056
7.614606304863099 2
	a 2 211 0.8009570844777449
	a 211 2 0.8009570844777449
3.199966006874039 2
	a 3 81 0.9039443137859543
	a 81 3 0.9039443137859543
0.4068472581547501 2
	a 3 23 0.986620689469499
	a 23 3 0.986620689469499
1.126737926931244 2
	a 3 40 0.9638180012646471
	a 40 3 0.9638180012646471
2.76330199809515 2
	a 4 41 0.9158763436432293
	a 41 4 0.9158763436432293
2.313317498168041 2
	a 4 126 0.9285412210429368
	a 126 4 0.9285412210429368
0.3981115513613038 2
	a 5 29 0.986904170385881
	a 29 5 0.986904170385881
4.122620972581867 2
	a 6 101 0.879846301152982
	a 101 6 0.879846301152982
2.186245158146932 2
	a 6 124 0.9321870243145243
	a 124 6 0.9321870243145243
0.9056588220468618 2
	a 7 61 0.9707046576993192
	a 61 7 0.9707046576993192
1.126737926931244 2
	a 7 42 0.9638180012646471
	a 42 7 0.9638180012646471
2.184273549210764 2
	a 7 27 0.9322438349680046
	a 27 7 0.9322438349680046
2.144273325825034 2
	a 8 123 0.9333980298828988
	a 123 8 0.9333980298828988
1.385168937220699 2
	a 9 70 0.9558954480381517
	a 70 9 0.9558954480381517
1.092903134703467 2
	a 9 67 0.964865394478567
	a 67 9 0.964865394478567
4.398940812704032 2
	a 9 66 0.8729130854361956
	a 66 9 0.8729130854361956
1.936327367967538 2
	a 9 32 0.9394480937639456
	a 32 9 0.9394480937639456
2.103169588018385 2
	a 10 108 0.9345872771547474
	a 108 10 0.9345872771547474
3.312336478210267 2
	a 10 153 0.9009295261266625
	a 153 10 0.9009295261266625
5.483528821227434 2
	a 10 149 0.846901025564416
	a 149 10 0.846901025564416
6.16928509093472 2
	a 10 166 0.831398780682471
	a 166 10 0.831398780682471
6.077982960753683 2
	a 10 103 0.8334220931680045
	a 103 10 0.8334220931680045
11.74785922698027 2
	a 10 143 0.7284728724808434
	a 143 10 0.7284728724808434
1.807723071719 2
	a 11 45 0.9432319521227779
	a 45 11 0.9432319521227779
1.200526638806247 2
	a 11 73 0.9615419685147637
	a 73 11 0.9615419685147637
1.756468616875567 2
	a 12 61 0.9447490500526149
	a 61 12 0.9447490500526149
0.6981164340668319 2
	a 12 55 0.9772626664842042
	a 55 12 0.9772626664842042
0.6780787635912512 2
	a 13 55 0.9779006413097311
	a 55 13 0.9779006413097311
7.018810975268241 2
	a 14 203 0.8131515838434973
	a 203 14 0.8131515838434973
8.491548830311251 2
	a 14 215 0.7838667230757745
	a 215 14 0.7838667230757745
0.2701555345749592 2
	a 15 37 0.9910754242055927
	a 37 15 0.9910754242055927
0.6027356872459425 2
	a 16 59 0.9803071135846667
	a 59 16 0.9803071135846667
5.878208516514651 2
	a 16 28 0.8378924098153511
	a 28 16 0.8378924098153511
4.418376774166902 2
	a 17 18 0.8724302033891482
	a 18 17 0.8724302033891482
1.413255877275242 2
	a 17 104 0.9550425995428069
	a 104 17 0.9550425995428069
1.003980265370219 2
	a 18 75 0.9676293901133496
	a 75 18 0.9676293901133496
3.093960810068971 2
	a 19 20 0.906809104384808
	a 20 19 0.906809104384808
1.088420984350353 2
	a 19 85 0.9650043216734201
	a 85 19 0.9650043216734201
3.737723237017692 2
	a 20 119 0.8897192270809919
	a 119 20 0.8897192270809919
2.15815821809239 2
	a 20 95 0.9329970365062719
	a 95 20 0.9329970365062719
0.8136945163095008 2
	a 20 64 0.9735993908395411
	a 64 20 0.9735993908395411
0.4068472581547501 2
	a 21 49 0.986620689469499
	a 49 21 0.986620689469499
0.3981115513613038 2
	a 22 49 0.986904170385881
	a 49 22 0.986904170385881
2.305467796210252 2
	a 23 81 0.9287655411234643
	a 81 23 0.9287655411234643
1.027006667447879 2
	a 23 80 0.9669120859946405
	a 80 23 0.9669120859946405
0.8266086393752234 2
	a 23 40 0.9731918249221194
	a 40 23 0.9731918249221194
0.5753689120435835 2
	a 24 61 0.9811842105722803
	a 61 24 0.9811842105722803
2.974739776792058 2
	a 25 126 0.9100553347115161
	a 126 25 0.9100553347115161
0.99986533083179 2
	a 25 81 0.9677576919995778
	a 81 25 0.9677576919995778
0.9589481822187813 2
	a 26 76 0.9690353879296758
	a 76 26 0.9690353879296758
0.2701555345749592 2
	a 26 35 0.9910754242055927
	a 35 26 0.9910754242055927
0.5488408072586609 2
	a 27 61 0.9820359572016657
	a 61 27 0.9820359572016657
3.423529126734134 2
	a 27 37 0.8979684868204681
	a 37 27 0.8979684868204681
5.239056161738056 2
	a 28 178 0.8526012050745763
	a 178 28 0.8526012050745763
0.9302638502529895 2
	a 29 76 0.9699331771903307
	a 76 29 0.9699331771903307
0.9569120473074697 2
	a 29 62 0.9690990602062898
	a 62 29 0.9690990602062898
1.027006667447879 2
	a 29 79 0.9669120859946405
	a 79 29 0.9669120859946405
0.9493102690277512 2
	a 30 82 0.9693368529259123
	a 82 30 0.9693368529259123
2.879403407965983 2
	a 30 123 0.9126698469556742
	a 123 30 0.9126698469556742
0.4068472581547501 2
	a 31 58 0.986620689469499
	a 58 31 0.986620689469499
2.820674875156118 2
	a 32 67 0.9142887136530016
	a 67 32 0.9142887136530016
0.9056588220468618 2
	a 32 66 0.9707046576993192
	a 66 32 0.9707046576993192
0.6773268194476793 2
	a 32 69 0.9779245988827807
	a 69 32 0.9779245988827807
0.4217785570495555 2
	a 33 61 0.9861365385453571
	a 61 33 0.9861365385453571
3.730077451426218 2
	a 34 73 0.8899179250268286
	a 73 34 0.8899179250268286
0.9734804588843621 2
	a 34 88 0.9685811978441778
	a 88 34 0.9685811978441778
0.3981115513613038 2
	a 35 58 0.986904170385881
	a 58 35 0.986904170385881
3.027950330650073 2
	a 35 93 0.9086032935997669
	a 93 35 0.9086032935997669
1.491773279900752 2
	a 35 107 0.9526669052122294
	a 107 35 0.9526669052122294
1.328070587127958 2
	a 35 109 0.9576341470266612
	a 109 35 0.9576341470266612
2.391083679933991 2
	a 36 61 0.9263252359969363
	a 61 36 0.9263252359969363
0.2712315054364995 2
	a 36 54 0.9910401999457994
	a 54 36 0.9910401999457994
4.526859150913748 2
	a 36 96 0.8697464455254278
	a 96 36 0.8697464455254278
0.3981115513613038 2
	a 37 61 0.986904170385881
	a 61 37 0.986904170385881
0.4068472581547501 2
	a 37 58 0.986620689469499
	a 58 37 0.986620689469499
0.1356157527182506 2
	a 38 47 0.9954998486103701
	a 47 38 0.9954998486103701
1.808693321060247 2
	a 39 126 0.9432032833493454
	a 126 39 0.9432032833493454
1.153879263547335 2
	a 39 98 0.9629795173791319
	a 98 39 0.9629795173791319
0.7884591958105146 2
	a 39 81 0.9743968235948948
	a 81 39 0.9743968235948948
0.7884591958105146 2
	a 40 80 0.9743968235948948
	a 80 40 0.9743968235948948
0.5575248444503217 2
	a 41 65 0.9817569700886031
	a 65 41 0.9817569700886031
1.241928224970066 2
	a 41 92 0.960269820315649
	a 92 41 0.960269820315649
0.2701555345749592 2
	a 42 61 0.9910754242055927
	a 61 42 0.9910754242055927
0.99986533083179 2
	a 43 77 0.9677576919995778
	a 77 43 0.9677576919995778
0.9302638502529895 2
	a 43 96 0.9699331771903307
	a 96 43 0.9699331771903307
2.165553119061862 2
	a 44 144 0.9327836244356292
	a 144 44 0.9327836244356292
0.9493102690277512 2
	a 45 99 0.9693368529259123
	a 99 45 0.9693368529259123
0.8241254245324514 2
	a 45 73 0.9732701672041728
	a 73 45 0.9732701672041728
0.6773268194476793 2
	a 46 80 0.9779245988827807
	a 80 46 0.9779245988827807
0.6787135312039486 2
	a 47 82 0.9778804180143579
	a 82 47 0.9778804180143579
2.462110445909661 2
	a 48 145 0.9243113076692715
	a 145 48 0.9243113076692715
1.250070526955394 2
	a 48 116 0.9600200443887001
	a 116 48 0.9600200443887001
0.4151947874586657 2
	a 49 66 0.9863499594430311
	a 66 49 0.9863499594430311
0.1917896373478611 2
	a 50 61 0.9936477087493498
	a 61 50 0.9936477087493498
0.9589481822187813 2
	a 51 104 0.9690353879296758
	a 104 51 0.9690353879296758
3.120560953941737 2
	a 51 80 0.906088331615315
	a 80 51 0.906088331615315
0.1356157527182506 2
	a 52 59 0.9954998486103701
	a 59 52 0.9954998486103701
0.1516230224745966 2
	a 53 61 0.9949713573345427
	a 61 53 0.9949713573345427
2.33752626166525 2
	a 54 61 0.9278501486552724
	a 61 54 0.9278501486552724
0.5463906058106239 2
	a 54 77 0.9821147026462536
	a 77 54 0.9821147026462536
2.878073501128002 2
	a 54 96 0.9127064360744072
	a 96 54 0.9127064360744072
0.1356157527182506 2
	a 55 61 0.9954998486103701
	a 61 55 0.9954998486103701
2.434286812880071 2
	a 56 119 0.925099096889659
	a 119 56 0.925099096889659
2.765771239994866 2
	a 56 72 0.9158078893248713
	a 72 56 0.9158078893248713
2.051680644497453 2
	a 56 146 0.9360816030474183
	a 146 56 0.9360816030474183
6.259513849556145 2
	a 56 153 0.8294113175137139
	a 153 56 0.8294113175137139
4.23842599874566 2
	a 56 136 0.8769250514530925
	a 136 56 0.8769250514530925
3.663635108163312 2
	a 57 156 0.8916488932240128
	a 156 57 0.8916488932240128
0.7884591958105146 2
	a 57 99 0.9743968235948948
	a 99 57 0.9743968235948948
0.9849989873620122 2
	a 58 109 0.9682215115723076
	a 109 58 0.9682215115723076
0.487629339878578 2
	a 59 83 0.9840070514701087
	a 83 59 0.9840070514701087
0.8136945163095008 2
	a 60 96 0.9735993908395411
	a 96 60 0.9735993908395411
3.617766727870112 2
	a 60 76 0.8928483462132846
	a 76 60 0.8928483462132846
2.062323230828294 2
	a 60 62 0.9357723103756768
	a 62 60 0.9357723103756768
0.2701555345749592 2
	a 60 68 0.9910754242055927
	a 68 60 0.9910754242055927
0.9569120473074697 2
	a 61 77 0.9690990602062898
	a 77 61 0.9690990602062898
0.4068472581547501 2
	a 61 76 0.986620689469499
	a 76 61 0.986620689469499
0.4068472581547501 2
	a 62 76 0.986620689469499
	a 76 62 0.986620689469499
2.712315054365003 2
	a 62 68 0.9172923664845261
	a 68 62 0.9172923664845261
0.4068472581547501 2
	a 63 74 0.986620689469499
	a 74 63 0.986620689469499
0.6780787635912512 2
	a 63 101 0.9779006413097311
	a 101 63 0.9779006413097311
3.342004770269905 2
	a 63 124 0.9001373168830016
	a 124 63 0.9001373168830016
0.9583507903075323 2
	a 64 119 0.9690540681647766
	a 119 64 0.9690540681647766
1.301572290685483 2
	a 64 108 0.9584432965383629
	a 108 64 0.9584432965383629
11.35127597022107 2
	a 64 149 0.734594001555211
	a 149 64 0.734594001555211
0.4217785570495555 2
	a 65 92 0.9861365385453571
	a 92 65 0.9861365385453571
0.1917896373478611 2
	a 66 77 0.9936477087493498
	a 77 66 0.9936477087493498
2.255077037411157 2
	a 66 69 0.9302083513075068
	a 69 66 0.9302083513075068
8.491340379858274 2
	a 66 96 0.7838706679129852
	a 96 66 0.7838706679129852
6.577717014639457 2
	a 66 111 0.8224969345049238
	a 111 66 0.8224969345049238
0.1917896373478611 2
	a 67 77 0.9936477087493498
	a 77 67 0.9936477087493498
0.2701555345749592 2
	a 67 70 0.9910754242055927
	a 70 67 0.9910754242055927
0.5575248444503217 2
	a 67 69 0.9817569700886031
	a 69 67 0.9817569700886031
0.4498654971040983 2
	a 68 96 0.9852271177182471
	a 96 68 0.9852271177182471
0.1516230224745966 2
	a 69 77 0.9949713573345427
	a 77 69 0.9949713573345427
0.1356157527182506 2
	a 70 77 0.9954998486103701
	a 77 70 0.9954998486103701
2.29338812139153 2
	a 71 154 0.9291109700811283
	a 154 71 0.9291109700811283
2.795313938305914 2
	a 71 158 0.9149897561161052
	a 158 71 0.9149897561161052
8.248276415438681 2
	a 71 214 0.7885080544875884
	a 214 71 0.7885080544875884
2.877924708044644 2
	a 72 152 0.9127105299522549
	a 152 72 0.9127105299522549
0.1917896373478611 2
	a 72 86 0.9936477087493498
	a 86 72 0.9936477087493498
3.402711679242001 2
	a 72 146 0.8985211827942648
	a 146 72 0.8985211827942648
0.3787603181002073 2
	a 73 99 0.9875327221522295
	a 99 73 0.9875327221522295
1.843510156679232 2
	a 73 112 0.9421757472716881
	a 112 73 0.9421757472716881
3.234940314984555 2
	a 74 154 0.9030035660861562
	a 154 74 0.9030035660861562
0.8249184195643712 2
	a 74 122 0.9732451478060973
	a 122 74 0.9732451478060973
0.9493102690277512 2
	a 75 126 0.9693368529259123
	a 126 75 0.9693368529259123
0.4362744118444816 2
	a 75 89 0.9856669678313139
	a 89 75 0.9856669678313139
1.362871831455907 2
	a 75 90 0.9565736285635456
	a 90 75 0.9565736285635456
0.2712315054364995 2
	a 76 96 0.9910401999457994
	a 96 76 0.9910401999457994
3.526836374713576 2
	a 76 79 0.8952370349659065
	a 79 76 0.8952370349659065
0.2712315054364995 2
	a 77 96 0.9910401999457994
	a 96 77 0.9910401999457994
1.654092624187943 2
	a 78 119 0.9477948739037747
	a 119 78 0.9477948739037747
0.2701555345749592 2
	a 78 97 0.9910754242055927
	a 97 78 0.9910754242055927
1.934862283867773 2
	a 79 152 0.9394910177544764
	a 152 79 0.9394910177544764
0.3403795954308141 2
	a 80 104 0.9887817766713458
	a 104 80 0.9887817766713458
3.655671624588996 2
	a 81 126 0.8918568743961552
	a 126 81 0.8918568743961552
3.116950871645429 2
	a 81 98 0.9061860775303165
	a 98 81 0.9061860775303165
0.3403795954308141 2
	a 81 104 0.9887817766713458
	a 104 81 0.9887817766713458
1.485391383398834 2
	a 82 145 0.9528595377439468
	a 145 82 0.9528595377439468
4.525654919193809 2
	a 83 172 0.8697761307435437
	a 172 83 0.8697761307435437
4.271909921377481 2
	a 83 178 0.8760845945778012
	a 178 83 0.8760845945778012
0.8546955794297674 2
	a 84 126 0.9723066199093672
	a 126 84 0.9723066199093672
1.392998929689093 2
	a 85 142 0.9556575329443662
	a 142 85 0.9556575329443662
1.963890817655014 2
	a 86 152 0.9386413215436293
	a 152 86 0.9386413215436293
0.6623180749170225 2
	a 86 119 0.9784030414175598
	a 119 86 0.9784030414175598
0.7671585448709205 2
	a 87 126 0.975070966213913
	a 126 87 0.975070966213913
0.8266086393752234 2
	a 87 121 0.9731918249221194
	a 121 87 0.9731918249221194
13.52154403763716 2
	a 87 159 0.7029930677099013
	a 159 87 0.7029930677099013
2.175060339351996 2
	a 88 151 0.9325094067293824
	a 151 88 0.9325094067293824
0.4068472581547501 2
	a 88 112 0.986620689469499
	a 112 88 0.986620689469499
0.7522177754760512 2
	a 89 126 0.9755443970056075
	a 126 89 0.9755443970056075
0.2591518306177774 2
	a 89 90 0.9914357996108145
	a 90 89 0.9914357996108145
0.8136945163095008 2
	a 89 104 0.9735993908395411
	a 104 89 0.9735993908395411
0.1917896373478611 2
	a 90 104 0.9936477087493498
	a 104 90 0.9936477087493498
2.768344467533243 2
	a 91 111 0.9157365642221378
	a 111 91 0.9157365642221378
0.572507812946912 2
	a 91 119 0.9812760003733393
	a 119 91 0.9812760003733393
0.3981115513613038 2
	a 92 109 0.986904170385881
	a 109 92 0.986904170385881
0.6915073676175353 2
	a 92 126 0.9774729968621538
	a 126 92 0.9774729968621538
1.669793565082048 2
	a 93 107 0.9473263990732125
	a 107 93 0.9473263990732125
0.6780787635912512 2
	a 93 126 0.9779006413097311
	a 126 93 0.9779006413097311
1.250070526955394 2
	a 94 126 0.9600200443887001
	a 126 94 0.9600200443887001
0.99986533083179 2
	a 94 137 0.9677576919995778
	a 137 94 0.9677576919995778
0.487629339878578 2
	a 95 119 0.9840070514701087
	a 119 95 0.9840070514701087
0.1356157527182506 2
	a 95 97 0.9954998486103701
	a 97 95 0.9954998486103701
0.4068472581547501 2
	a 96 117 0.986620689469499
	a 117 96 0.986620689469499
1.632650752044516 2
	a 96 150 0.948435435651652
	a 150 96 0.948435435651652
1.705283674146453 2
	a 96 141 0.9462692726380773
	a 141 96 0.9462692726380773
1.069165333071772 2
	a 96 111 0.9656016357178365
	a 111 96 0.9656016357178365
0.479922938566163 2
	a 97 119 0.9842557788628525
	a 119 97 0.9842557788628525
0.6308226318210105 2
	a 98 126 0.9794085977807605
	a 126 98 0.9794085977807605
2.095098294441181 2
	a 99 156 0.9348211855137938
	a 156 99 0.9348211855137938
1.331452545646097 2
	a 99 112 0.9575309786773523
	a 112 99 0.9575309786773523
0.7671585448709205 2
	a 100 123 0.975070966213913
	a 123 100 0.975070966213913
0.3897640175368631 2
	a 100 118 0.9871752090644744
	a 118 100 0.9871752090644744
0.4261984914158477 2
	a 101 122 0.9859933135416687
	a 122 101 0.9859933135416687
3.393052949032928 2
	a 101 124 0.898777879336631
	a 124 101 0.898777879336631
0.726203378641899 2
	a 102 126 0.9763698459609977
	a 126 102 0.9763698459609977
0.4151947874586657 2
	a 102 120 0.9863499594430311
	a 120 102 0.9863499594430311
1.428089202829759 2
	a 103 149 0.9545928356279318
	a 149 103 0.9545928356279318
6.058148275416244 2
	a 103 143 0.833863272945959
	a 143 103 0.833863272945959
0.5424630108730013 2
	a 104 126 0.9822409559256213
	a 126 104 0.9822409559256213
8.857090134010475 2
	a 105 211 0.7770326648334867
	a 211 105 0.7770326648334867
5.595553015821196 2
	a 105 206 0.8443199218970128
	a 206 105 0.8443199218970128
12.33669766284326 2
	a 105 163 0.7196777253453905
	a 163 105 0.7196777253453905
10.39355231235936 2
	a 105 216 0.7500609306912223
	a 216 105 0.7500609306912223
10.96304550917752 2
	a 105 202 0.7407450278734029
	a 202 105 0.7407450278734029
13.460495607515 2
	a 105 165 0.7038209117270768
	a 165 105 0.7038209117270768
1.545598435309036 2
	a 106 152 0.9510454916119191
	a 152 106 0.9510454916119191
0.8266086393752234 2
	a 106 126 0.9731918249221194
	a 126 106 0.9731918249221194
1.227679281255588 2
	a 107 109 0.9607072519649303
	a 109 107 0.9607072519649303
0.4889695489932395 2
	a 107 126 0.9839638086911537
	a 126 107 0.9839638086911537
0.3835792746957232 2
	a 108 119 0.9873761207069657
	a 119 108 0.9873761207069657
1.555485357104156 2
	a 108 153 0.9507482928019515
	a 153 108 0.9507482928019515
0.4068472581547501 2
	a 109 126 0.986620689469499
	a 126 109 0.986620689469499
0.3981115513613038 2
	a 110 126 0.986904170385881
	a 126 110 0.986904170385881
0.9583507903075323 2
	a 110 137 0.9690540681647766
	a 137 110 0.9690540681647766
1.604933260944054 2
	a 110 131 0.9492648353914381
	a 131 110 0.9492648353914381
1.392998929689093 2
	a 111 117 0.9556575329443662
	a 117 111 0.9556575329443662
1.402932530426299 2
	a 111 132 0.955355878172315
	a 132 111 0.955355878172315
0.7321141143751978 2
	a 111 138 0.9761821698555024
	a 138 111 0.9761821698555024
1.28340913278765 2
	a 112 151 0.9589987512963922
	a 151 112 0.9589987512963922
2.503074246341606 2
	a 113 152 0.9231541282221569
	a 152 113 0.9231541282221569
0.9589481822187813 2
	a 113 146 0.9690353879296758
	a 146 113 0.9690353879296758
2.590581228449648 2
	a 113 136 0.9206927188380369
	a 136 113 0.9206927188380369
0.8241254245324514 2
	a 114 130 0.9732701672041728
	a 130 114 0.9732701672041728
0.9260422855687234 2
	a 114 144 0.9700654526900963
	a 144 114 0.9700654526900963
1.356157527182502 2
	a 115 152 0.9567780459285045
	a 152 115 0.9567780459285045
2.552089680587133 2
	a 115 126 0.9217736460584542
	a 126 115 0.9217736460584542
1.84378686706108 2
	a 115 133 0.9421675903722668
	a 133 115 0.9421675903722668
0.8746873575346277 2
	a 115 137 0.9716775559298894
	a 137 115 0.9716775559298894
0.9260422855687234 2
	a 116 145 0.9700654526900963
	a 145 116 0.9700654526900963
0.487629339878578 2
	a 116 134 0.9840070514701087
	a 134 116 0.9840070514701087
0.3981115513613038 2
	a 117 132 0.986904170385881
	a 132 117 0.986904170385881
0.1356157527182506 2
	a 118 123 0.9954998486103701
	a 123 118 0.9954998486103701
1.381814599110866 2
	a 119 152 0.9559974079363562
	a 152 119 0.9559974079363562
1.279870325610445 2
	a 119 153 0.9591070512760091
	a 153 119 0.9591070512760091
0.1356157527182506 2
	a 120 126 0.9954998486103701
	a 126 120 0.9954998486103701
0.4068472581547501 2
	a 120 133 0.986620689469499
	a 133 120 0.986620689469499
0.1356157527182506 2
	a 121 126 0.9954998486103701
	a 126 121 0.9954998486103701
13.48347382531572 2
	a 121 159 0.7035089213340612
	a 159 121 0.7035089213340612
0.7241308354215087 2
	a 122 144 0.9764356703146633
	a 144 122 0.9764356703146633
0.6780787635912512 2
	a 123 145 0.9779006413097311
	a 145 123 0.9779006413097311
2.527911742550517 2
	a 123 134 0.9224540353968451
	a 134 123 0.9224540353968451
5.303537112451497 2
	a 124 210 0.8510887208892313
	a 210 124 0.8510887208892313
0.9397593081368385 2
	a 125 150 0.9696357892819247
	a 150 125 0.9696357892819247
0.5424630108730013 2
	a 125 132 0.9822409559256213
	a 132 125 0.9822409559256213
2.552089680587133 2
	a 126 152 0.9217736460584542
	a 152 126 0.9217736460584542
0.9493102690277512 2
	a 126 133 0.9693368529259123
	a 133 126 0.9693368529259123
0.4068472581547501 2
	a 126 137 0.986620689469499
	a 137 126 0.986620689469499
0.1356157527182506 2
	a 126 131 0.9954998486103701
	a 131 126 0.9954998486103701
2.392227806752325 2
	a 127 145 0.9262927192280066
	a 145 127 0.9262927192280066
0.4498654971040983 2
	a 127 135 0.9852271177182471
	a 135 127 0.9852271177182471
0.5227236001223743 2
	a 127 142 0.9828759838238488
	a 142 127 0.9828759838238488
0.5753689120435835 2
	a 128 145 0.9811842105722803
	a 145 128 0.9811842105722803
1.754926729054513 2
	a 128 142 0.9447947692786187
	a 142 128 0.9447947692786187
5.45649859007702 2
	a 129 213 0.8475267101355437
	a 213 129 0.8475267101355437
6.358689871024731 2
	a 129 174 0.8272405215255455
	a 174 129 0.8272405215255455
5.948523019515993 2
	a 129 200 0.8363122006387878
	a 200 129 0.8363122006387878
1.779636127143931 2
	a 129 158 0.9440626650378614
	a 158 129 0.9440626650378614
3.30072683402889 2
	a 129 169 0.9012399561865931
	a 169 129 0.9012399561865931
5.090413182416317 2
	a 129 196 0.85611268782357
	a 196 129 0.85611268782357
3.561354525678251 2
	a 130 149 0.8943285572232252
	a 149 130 0.8943285572232252
1.768027563368052 2
	a 130 140 0.9444064600374136
	a 140 130 0.9444064600374136
0.515017203330483 2
	a 130 144 0.9831241298242834
	a 144 130 0.9831241298242834
0.1917896373478611 2
	a 131 137 0.9936477087493498
	a 137 131 0.9936477087493498
2.195973933892282 2
	a 132 150 0.9319068051546859
	a 150 132 0.9319068051546859
0.8746873575346277 2
	a 132 152 0.9716775559298894
	a 152 132 0.9716775559298894
1.428089202829759 2
	a 132 138 0.9545928356279318
	a 138 132 0.9545928356279318
1.469582609899217 2
	a 132 148 0.9533370662617073
	a 148 132 0.9533370662617073
0.1356157527182506 2
	a 133 137 0.9954998486103701
	a 137 133 0.9954998486103701
0.4151947874586657 2
	a 134 145 0.9863499594430311
	a 145 134 0.9863499594430311
0.9493102690277512 2
	a 135 145 0.9693368529259123
	a 145 135 0.9693368529259123
0.2701555345749592 2
	a 135 142 0.9910754242055927
	a 142 135 0.9910754242055927
3.648982807036052 2
	a 136 152 0.8920316506374524
	a 152 136 0.8920316506374524
1.44523730846217 2
	a 136 157 0.9540734388425252
	a 157 136 0.9540734388425252
6.059714108458707 2
	a 136 166 0.8338284231553261
	a 166 136 0.8338284231553261
0.7109846647618342 2
	a 137 152 0.9768534069845307
	a 152 137 0.9768534069845307
0.6981164340668319 2
	a 138 152 0.9772626664842042
	a 152 138 0.9772626664842042
1.64751219978562 2
	a 138 148 0.9479913623542346
	a 148 138 0.9479913623542346
4.108853686295268 2
	a 139 142 0.8801950913765177
	a 142 139 0.8801950913765177
0.487629339878578 2
	a 139 149 0.9840070514701087
	a 149 139 0.9840070514701087
0.1917896373478611 2
	a 140 145 0.9936477087493498
	a 145 140 0.9936477087493498
0.4068472581547501 2
	a 141 150 0.986620689469499
	a 150 141 0.986620689469499
1.604933260944054 2
	a 141 152 0.9492648353914381
	a 152 141 0.9492648353914381
0.3403795954308141 2
	a 142 145 0.9887817766713458
	a 145 142 0.9887817766713458
0.3403795954308141 2
	a 142 149 0.9887817766713458
	a 149 142 0.9887817766713458
11.99346786730177 2
	a 143 166 0.7247623392448943
	a 166 143 0.7247623392448943
0.9397593081368385 2
	a 143 147 0.9696357892819247
	a 147 143 0.9696357892819247
5.688735345400547 2
	a 143 173 0.8421875831346577
	a 173 143 0.8421875831346577
0.7336719054035223 2
	a 143 154 0.9761327196025156
	a 154 143 0.9761327196025156
2.460325435208182 2
	a 143 161 0.9243618040220928
	a 161 143 0.9243618040220928
1.330050418899266 2
	a 144 149 0.9575737484377891
	a 149 144 0.9575737484377891
0.6780787635912512 2
	a 144 154 0.9779006413097311
	a 154 144 0.9779006413097311
0.2701555345749592 2
	a 145 149 0.9910754242055927
	a 149 145 0.9910754242055927
0.4217785570495555 2
	a 146 152 0.9861365385453571
	a 152 146 0.9861365385453571
0.4068472581547501 2
	a 147 149 0.986620689469499
	a 149 147 0.986620689469499
0.6027356872459425 2
	a 147 154 0.9803071135846667
	a 154 147 0.9803071135846667
0.2701555345749592 2
	a 148 152 0.9910754242055927
	a 152 148 0.9910754242055927
0.3981115513613038 2
	a 149 154 0.986904170385881
	a 154 149 0.986904170385881
0.1356157527182506 2
	a 150 152 0.9954998486103701
	a 152 150 0.9954998486103701
0.5575248444503217 2
	a 151 156 0.9817569700886031
	a 156 151 0.9817569700886031
5.682253147487918 2
	a 151 184 0.8423354902669409
	a 184 151 0.8423354902669409
8.57959761091298 2
	a 151 171 0.7822053293811277
	a 171 151 0.7822053293811277
0.6773268194476793 2
	a 152 157 0.9779245988827807
	a 157 152 0.9779245988827807
1.392998929689093 2
	a 153 166 0.9556575329443662
	a 166 153 0.9556575329443662
3.388674174047587 2
	a 154 161 0.8988943069029912
	a 161 154 0.8988943069029912
0.9493102690277512 2
	a 154 164 0.9693368529259123
	a 164 154 0.9693368529259123
4.448527446938434 2
	a 154 158 0.8716823538336747
	a 158 154 0.8716823538336747
1.385168937220699 2
	a 155 163 0.9558954480381517
	a 163 155 0.9558954480381517
1.219789830320679 2
	a 155 167 0.9609496308512027
	a 167 155 0.9609496308512027
1.088420984350353 2
	a 156 167 0.9650043216734201
	a 167 156 0.9650043216734201
3.062137488767611 2
	a 156 179 0.9076730883445245
	a 179 156 0.9076730883445245
2.717946227265123 2
	a 157 166 0.9171357395217774
	a 166 157 0.9171357395217774
0.7088461309161707 2
	a 157 159 0.9769213963076815
	a 159 157 0.9769213963076815
1.622482124687325 2
	a 157 176 0.948739536905677
	a 176 157 0.948739536905677
4.095611734749976 2
	a 158 164 0.8805308745673864
	a 164 158 0.8805308745673864
5.658593573542915 2
	a 158 174 0.8428758837939893
	a 174 158 0.8428758837939893
1.545598435309036 2
	a 158 169 0.9510454916119191
	a 169 158 0.9510454916119191
2.087886402409477 2
	a 158 185 0.935030294675057
	a 185 158 0.935030294675057
1.468948059271724 2
	a 159 176 0.9533562443553444
	a 176 159 0.9533562443553444
3.656829019148468 2
	a 159 213 0.8918266400283055
	a 213 159 0.8918266400283055
4.476208285621463 2
	a 159 190 0.8709970877010011
	a 190 159 0.8709970877010011
5.611670871182834 2
	a 160 213 0.8439501406886418
	a 213 160 0.8439501406886418
0.8266086393752234 2
	a 160 169 0.9731918249221194
	a 169 160 0.9731918249221194
4.500216098216819 2
	a 160 196 0.8704037740627485
	a 196 160 0.8704037740627485
3.884061847030821 2
	a 160 168 0.8859356485453429
	a 168 160 0.8859356485453429
3.364966008978386 2
	a 160 162 0.8995252755468117
	a 162 160 0.8995252755468117
6.101423791010076 2
	a 160 224 0.8329014540350981
	a 224 160 0.8329014540350981
12.36031307577865 2
	a 160 175 0.7193321454373955
	a 175 160 0.7193321454373955
4.914543686224204 2
	a 161 173 0.8603125512402364
	a 173 161 0.8603125512402364
2.597649950931209 2
	a 161 195 0.9204945148713676
	a 195 161 0.9204945148713676
2.010524034629345 2
	a 161 164 0.9372797553858452
	a 164 161 0.9372797553858452
1.633168994081954 2
	a 162 180 0.9484199427130345
	a 180 162 0.9484199427130345
0.5488408072586609 2
	a 162 168 0.9820359572016657
	a 168 162 0.9820359572016657
1.441427748955187 2
	a 162 177 0.9541887748069333
	a 177 162 0.9541887748069333
0.4498654971040983 2
	a 163 167 0.9852271177182471
	a 167 163 0.9852271177182471
3.634272154970918 2
	a 163 165 0.8924163086396932
	a 165 163 0.8924163086396932
2.340769394857855 2
	a 164 195 0.9277576536535154
	a 195 164 0.9277576536535154
0.9763801406626829 2
	a 164 174 0.9684906241748837
	a 174 164 0.9684906241748837
0.5753689120435835 2
	a 165 167 0.9811842105722803
	a 167 165 0.9811842105722803
9.759609008370452 2
	a 165 202 0.7608557305189789
	a 202 165 0.7608557305189789
2.163030286337194 2
	a 165 193 0.9328564199365151
	a 193 165 0.9328564199365151
0.8266086393752234 2
	a 166 176 0.9731918249221194
	a 176 166 0.9731918249221194
1.151286064329106 2
	a 166 173 0.9630595641730102
	a 173 166 0.9630595641730102
3.119162312519755 2
	a 167 193 0.9061261981781177
	a 193 167 0.9061261981781177
3.788187481472661 2
	a 167 205 0.8884103043525046
	a 205 167 0.8884103043525046
2.234721917581615 2
	a 167 199 0.9307925437642766
	a 199 167 0.9307925437642766
2.032393751869971 2
	a 167 179 0.9366426742844616
	a 179 167 0.9366426742844616
2.369655030326457 2
	a 168 169 0.9269347095064948
	a 169 168 0.9269347095064948
0.7912195278823925 2
	a 168 180 0.9743095321091263
	a 180 168 0.9743095321091263
2.112908977956649 2
	a 169 196 0.9343051944114906
	a 196 169 0.9343051944114906
0.6780787635912512 2
	a 169 180 0.9779006413097311
	a 180 169 0.9779006413097311
0.9569120473074697 2
	a 170 184 0.9690990602062898
	a 184 170 0.9690990602062898
0.5753689120435835 2
	a 170 171 0.9811842105722803
	a 171 170 0.9811842105722803
0.9302638502529895 2
	a 171 184 0.9699331771903307
	a 184 171 0.9699331771903307
1.604933260944054 2
	a 172 186 0.9492648353914381
	a 186 172 0.9492648353914381
0.5294379043957786 2
	a 172 178 0.9826598871066465
	a 178 172 0.9826598871066465
5.506377286396478 2
	a 172 243 0.8463730174057278
	a 243 172 0.8463730174057278
0.4068472581547501 2
	a 173 176 0.986620689469499
	a 176 173 0.986620689469499
4.947742417969109 2
	a 173 195 0.859515971764153
	a 195 173 0.859515971764153
1.610305792001114 2
	a 174 195 0.9491039515862004
	a 195 174 0.9491039515862004
3.316888434511829 2
	a 174 213 0.9008078770067831
	a 213 174 0.9008078770067831
3.119927528924991 2
	a 174 200 0.9061054804112786
	a 200 174 0.9061054804112786
5.577685581633741 2
	a 175 224 0.8447303071691457
	a 224 175 0.8447303071691457
4.490797552546863 2
	a 175 239 0.8706364247536322
	a 239 175 0.8706364247536322
11.42145799471411 2
	a 175 188 0.7334989465279682
	a 188 175 0.7334989465279682
3.603951429086528 2
	a 175 219 0.8932103340386661
	a 219 175 0.8932103340386661
1.847293601112768 2
	a 175 201 0.9420642315114247
	a 201 175 0.9420642315114247
5.160912922974297 2
	a 175 231 0.8544428914310472
	a 231 175 0.8544428914310472
3.023254192200745 2
	a 176 195 0.9087312374692991
	a 195 176 0.9087312374692991
2.178482869582822 2
	a 176 213 0.932410732885641
	a 213 176 0.932410732885641
1.511850541135075 2
	a 177 180 0.9520614230695246
	a 180 177 0.9520614230695246
0.1356157527182506 2
	a 177 181 0.9954998486103701
	a 181 177 0.9954998486103701
0.8136945163095008 2
	a 177 188 0.9735993908395411
	a 188 177 0.9735993908395411
3.498595067768239 2
	a 178 243 0.8959818699443687
	a 243 178 0.8959818699443687
10.2576694418135 2
	a 178 182 0.7523364885791783
	a 182 178 0.7523364885791783
9.273626902629639 2
	a 178 234 0.7694455434777523
	a 234 178 0.7694455434777523
1.754926729054513 2
	a 179 205 0.9447947692786187
	a 205 179 0.9447947692786187
1.027006667447879 2
	a 179 192 0.9669120859946405
	a 192 179 0.9669120859946405
1.92183740793733 2
	a 179 184 0.9398728045532638
	a 184 179 0.9398728045532638
0.4068472581547501 2
	a 180 185 0.986620689469499
	a 185 180 0.986620689469499
2.68422811431046 2
	a 180 214 0.9180744628579924
	a 214 180 0.9180744628579924
1.150737819566642 2
	a 180 181 0.9630764891476937
	a 181 180 0.9630764891476937
2.820674875156118 2
	a 181 214 0.9142887136530016
	a 214 181 0.9142887136530016
0.487629339878578 2
	a 181 187 0.9840070514701087
	a 187 181 0.9840070514701087
0.5753689120435835 2
	a 181 188 0.9811842105722803
	a 188 181 0.9811842105722803
2.158276447905609 2
	a 181 209 0.9329936236424718
	a 209 181 0.9329936236424718
2.032516646865084 2
	a 182 217 0.9366390968858282
	a 217 182 0.9366390968858282
1.355312686248317 2
	a 183 207 0.9568037736390943
	a 207 183 0.9568037736390943
2.483102688545475 2
	a 184 192 0.9237179065985165
	a 192 184 0.9237179065985165
2.706277563108164 2
	a 184 232 0.9174603602252291
	a 232 184 0.9174603602252291
1.675599139840163 2
	a 185 214 0.9471533001165979
	a 214 185 0.9471533001165979
2.790713662111656 2
	a 186 238 0.9151170468005791
	a 238 186 0.9151170468005791
3.937500502064382 2
	a 186 243 0.884563169312587
	a 243 186 0.884563169312587
1.555485357104156 2
	a 187 214 0.9507482928019515
	a 214 187 0.9507482928019515
1.954180946745591 2
	a 187 209 0.9389253568390946
	a 209 187 0.9389253568390946
1.334528378725622 2
	a 188 209 0.9574371690344996
	a 209 188 0.9574371690344996
1.441427748955187 2
	a 188 212 0.9541887748069333
	a 212 188 0.9541887748069333
1.487236494481392 2
	a 189 213 0.9528038360930793
	a 213 189 0.9528038360930793
2.305467796210252 2
	a 189 190 0.9287655411234643
	a 190 189 0.9287655411234643
1.126971100135943 2
	a 189 211 0.9638107913253693
	a 211 189 0.9638107913253693
1.35813735895381 2
	a 190 213 0.9567177603279193
	a 213 190 0.9567177603279193
0.6981164340668319 2
	a 191 207 0.9772626664842042
	a 207 191 0.9772626664842042
1.178382435282119 2
	a 191 204 0.9622238369911166
	a 204 191 0.9622238369911166
5.298354348517217 2
	a 191 247 0.8512100491792443
	a 247 191 0.8512100491792443
0.5753689120435835 2
	a 192 205 0.9811842105722803
	a 205 192 0.9811842105722803
3.92122283709974 2
	a 192 222 0.8849807151891951
	a 222 192 0.8849807151891951
10.463427619225 2
	a 193 202 0.7488987673922531
	a 202 193 0.7488987673922531
5.277301485639939 2
	a 193 205 0.8517033270624235
	a 205 193 0.8517033270624235
0.3002129760370238 2
	a 193 199 0.9900923780751469
	a 199 193 0.9900923780751469
2.931309039928191 2
	a 194 247 0.9112443221903954
	a 247 194 0.9112443221903954
1.027006667447879 2
	a 194 218 0.9669120859946405
	a 218 194 0.9669120859946405
0.9493102690277512 2
	a 195 213 0.9693368529259123
	a 213 195 0.9693368529259123
0.5424630108730013 2
	a 196 208 0.9822409559256213
	a 208 196 0.9822409559256213
2.427625710666457 2
	a 197 247 0.9252879140465886
	a 247 197 0.9252879140465886
3.38616584316741 2
	a 197 243 0.8989610164076816
	a 243 197 0.8989610164076816
4.412538271904028 2
	a 197 217 0.872575193910584
	a 217 197 0.872575193910584
4.152317355184421 2
	a 198 247 0.8790950409827269
	a 247 198 0.8790950409827269
0.2701555345749592 2
	a 198 205 0.9910754242055927
	a 205 198 0.9910754242055927
3.075020090211878 2
	a 198 245 0.9073231126581662
	a 245 198 0.9073231126581662
0.1917896373478611 2
	a 199 205 0.9936477087493498
	a 205 199 0.9936477087493498
0.6780787635912512 2
	a 200 213 0.9779006413097311
	a 213 200 0.9779006413097311
1.824403406976611 2
	a 201 239 0.9427393422329253
	a 239 201 0.9427393422329253
5.034709843763912 2
	a 201 231 0.8574375907280372
	a 231 201 0.8574375907280372
6.696444921916338 2
	a 202 206 0.8199543844250745
	a 206 202 0.8199543844250745
0.683690715218685 2
	a 202 216 0.9777218777334511
	a 216 202 0.9777218777334511
8.710794423780461 2
	a 202 205 0.7797477964118098
	a 205 202 0.7797477964118098
0.2701555345749592 2
	a 203 210 0.9910754242055927
	a 210 203 0.9910754242055927
0.7218667123477758 2
	a 204 220 0.9765075896752901
	a 220 204 0.9765075896752901
2.1739616031261 2
	a 204 247 0.9325410888065907
	a 247 204 0.9325410888065907
1.763004785337253 2
	a 205 216 0.9445552952885187
	a 216 205 0.9445552952885187
3.077787700329151 2
	a 205 245 0.9072479654864757
	a 245 205 0.9072479654864757
1.62663708847543 2
	a 205 237 0.9486152543510467
	a 237 205 0.9486152543510467
4.94968204419026 2
	a 206 211 0.859469486329313
	a 211 206 0.859469486329313
1.604933260944054 2
	a 206 239 0.9492648353914381
	a 239 206 0.9492648353914381
2.445793352925181 2
	a 206 216 0.9247731272796226
	a 216 206 0.9247731272796226
0.5463906058106239 2
	a 207 220 0.9821147026462536
	a 220 207 0.9821147026462536
0.4068472581547501 2
	a 208 213 0.986620689469499
	a 213 208 0.986620689469499
0.5424630108730013 2
	a 209 214 0.9822409559256213
	a 214 209 0.9822409559256213
0.5294379043957786 2
	a 209 221 0.9826598871066465
	a 221 209 0.9826598871066465
2.503074246341606 2
	a 209 212 0.9231541282221569
	a 212 209 0.9231541282221569
1.241928224970066 2
	a 210 214 0.960269820315649
	a 214 210 0.960269820315649
0.2701555345749592 2
	a 210 215 0.9910754242055927
	a 215 210 0.9910754242055927
1.381814599110866 2
	a 211 213 0.9559974079363562
	a 213 211 0.9559974079363562
1.41110167981014 2
	a 211 239 0.9551079543432294
	a 239 211 0.9551079543432294
0.5753689120435835 2
	a 212 221 0.9811842105722803
	a 221 212 0.9811842105722803
0.5753689120435835 2
	a 212 225 0.9811842105722803
	a 225 212 0.9811842105722803
1.491773279900752 2
	a 212 236 0.9526669052122294
	a 236 212 0.9526669052122294
0.4518359985116184 2
	a 213 224 0.9851633791903387
	a 224 213 0.9851633791903387
1.653786295325702 2
	a 213 239 0.9478040188301022
	a 239 213 0.9478040188301022
0.1356157527182506 2
	a 214 221 0.9954998486103701
	a 221 214 0.9954998486103701
0.1356157527182506 2
	a 215 221 0.9954998486103701
	a 221 215 0.9954998486103701
1.116507928925421 2
	a 216 239 0.9641344329707731
	a 239 216 0.9641344329707731
7.00551853397821 2
	a 216 247 0.8134292101058971
	a 247 216 0.8134292101058971
0.9157485029538716 2
	a 217 234 0.9703881468411965
	a 234 217 0.9703881468411965
1.564988034266576 2
	a 218 247 0.9504628288666854
	a 247 218 0.9504628288666854
0.4217785570495555 2
	a 219 225 0.9861365385453571
	a 225 219 0.9861365385453571
0.4217785570495555 2
	a 220 221 0.9861365385453571
	a 221 220 0.9861365385453571
0.9583507903075323 2
	a 220 236 0.9690540681647766
	a 236 220 0.9690540681647766
0.9569120473074697 2
	a 221 236 0.9690990602062898
	a 236 221 0.9690990602062898
4.120209041899249 2
	a 222 237 0.8799073835936329
	a 237 222 0.8799073835936329
2.699987130390406 2
	a 222 241 0.9176354640258406
	a 241 222 0.9176354640258406
0.8136945163095008 2
	a 222 232 0.9735993908395411
	a 232 222 0.9735993908395411
0.9094841310632604 2
	a 223 239 0.9705846336195323
	a 239 223 0.9705846336195323
3.597458264380029 2
	a 223 247 0.8933805828486738
	a 247 223 0.8933805828486738
0.6981164340668319 2
	a 224 239 0.9772626664842042
	a 239 224 0.9772626664842042
0.5753689120435835 2
	a 225 236 0.9811842105722803
	a 236 225 0.9811842105722803
0.487629339878578 2
	a 225 231 0.9840070514701087
	a 231 225 0.9840070514701087
0.6034558520981271 2
	a 226 239 0.9802840541181279
	a 239 226 0.9802840541181279
2.449486834388885 2
	a 227 239 0.9246685473774895
	a 239 227 0.9246685473774895
3.938497707296744 2
	a 227 231 0.8845376042687422
	a 231 227 0.8845376042687422
2.500368558377023 2
	a 227 235 0.923230463308707
	a 235 227 0.923230463308707
1.088420984350353 2
	a 227 247 0.9650043216734201
	a 247 227 0.9650043216734201
3.285007182681434 2
	a 228 247 0.901660666743393
	a 247 228 0.901660666743393
0.8272569866452942 2
	a 228 243 0.9731713725222706
	a 243 228 0.9731713725222706
0.4068472581547501 2
	a 229 239 0.986620689469499
	a 239 229 0.986620689469499
0.69040501949209 2
	a 230 247 0.9775080875824138
	a 247 230 0.9775080875824138
3.372931151585412 2
	a 231 239 0.8993131801444768
	a 239 231 0.8993131801444768
0.1356157527182506 2
	a 231 236 0.9954998486103701
	a 236 231 0.9954998486103701
5.224629913988475 2
	a 231 247 0.8529404823544416
	a 247 231 0.8529404823544416
1.213897940656483 2
	a 232 241 0.9611307240392923
	a 241 232 0.9611307240392923
0.5424630108730013 2
	a 232 246 0.9822409559256213
	a 246 232 0.9822409559256213
0.6780787635912512 2
	a 233 247 0.9779006413097311
	a 247 233 0.9779006413097311
0.3981115513613038 2
	a 234 243 0.986904170385881
	a 243 234 0.986904170385881
2.328550370332689 2
	a 235 239 0.928106247700934
	a 239 235 0.928106247700934
0.5753689120435835 2
	a 235 247 0.9811842105722803
	a 247 235 0.9811842105722803
0.5424630108730013 2
	a 236 247 0.9822409559256213
	a 247 236 0.9822409559256213
1.555485357104156 2
	a 237 245 0.9507482928019515
	a 245 237 0.9507482928019515
0.2701555345749592 2
	a 237 244 0.9910754242055927
	a 244 237 0.9910754242055927
0.9006357637435058 2
	a 237 241 0.9708623092235582
	a 241 237 0.9708623092235582
1.226919570849912 2
	a 238 247 0.9607305861620523
	a 247 238 0.9607305861620523
0.5424630108730013 2
	a 238 248 0.9822409559256213
	a 248 238 0.9822409559256213
2.239509420363549 2
	a 238 243 0.9306550710037038
	a 243 238 0.9306550710037038
0.487629339878578 2
	a 239 247 0.9840070514701087
	a 247 239 0.9840070514701087
0.4068472581547501 2
	a 240 247 0.986620689469499
	a 247 240 0.986620689469499
0.9771047220678813 2
	a 240 248 0.9684679940818138
	a 248 240 0.9684679940818138
1.255322192733106 2
	a 240 243 0.9598590144779089
	a 243 240 0.9598590144779089
0.2822352093936812 2
	a 241 247 0.9906801146382663
	a 247 241 0.9906801146382663
0.8136945163095008 2
	a 241 246 0.9735993908395411
	a 246 241 0.9735993908395411
0.2701555345749592 2
	a 242 247 0.9910754242055927
	a 247 242 0.9910754242055927
0.4518359985116184 2
	a 243 247 0.9851633791903387
