from,to,probability
0,9,0.973241378938998
1,4,0.9872954174986995
2,9,0.9738083407717619
3,9,0.9801847561502938
4,18,0.9385831064759711
4,1,0.9872954174986995
5,37,0.8456513965369052
5,21,0.9148743380689991
5,14,0.9414093153986384
6,9,0.9872954174986995
7,28,0.6875400563431989
7,171,0.3998912008469254
7,48,0.5633015274438835
8,20,0.9230839370295274
9,3,0.9801847561502938
9,2,0.9738083407717619
9,0,0.973241378938998
9,6,0.9872954174986995
9,37,0.869174554309495
9,16,0.9558012826194622
9,32,0.7905862096169738
10,29,0.9014761273265653
11,37,0.8910653879558487
12,27,0.8586562866757002
12,25,0.8951990748318558
12,19,0.9083775496138666
12,41,0.8755608154638259
13,41,0.7814223613263397
13,38,0.8913003794604645
13,127,0.4506737996693653
13,121,0.4380166270360167
14,37,0.8999383031649384
14,5,0.9414093153986384
14,21,0.8573095975760578
15,47,0.8270113178418905
16,9,0.9558012826194622
16,37,0.9100851990856139
17,20,0.973241378938998
17,33,0.9227155337830817
18,37,0.9137040921746717
18,32,0.9197180289558177
18,21,0.8556852781963363
18,4,0.9385831064759711
19,27,0.9703267583806774
19,12,0.9083775496138666
20,17,0.973241378938998
20,8,0.9230839370295274
20,33,0.8382447072817097
20,34,0.9444184714132219
20,53,0.7311565793196411
20,50,0.8575310822469285
20,80,0.4041204053381025
21,37,0.9380707758593515
21,18,0.8556852781963363
21,5,0.9148743380689991
21,14,0.8573095975760578
22,37,0.377645008637445
22,31,0.9644819118512427
23,37,0.9417246184471164
24,40,0.9276130660231213
25,27,0.9909996972207402
25,12,0.8951990748318558
26,37,0.9487936471897895
27,25,0.9909996972207402
27,19,0.9703267583806774
27,101,0.6975748494581653
27,12,0.8586562866757002
28,37,0.9606142271693334
28,7,0.6875400563431989
29,10,0.9014761273265653
29,37,0.9703267583806774
30,37,0.973241378938998
30,45,0.8096240788235312
31,39,0.9640719144033315
31,22,0.9644819118512427
32,9,0.7905862096169738
32,37,0.9801847561502938
32,18,0.9197180289558177
33,17,0.9227155337830817
33,20,0.8382447072817097
33,45,0.9384095649053928
33,53,0.8232083084827282
34,20,0.9444184714132219
34,36,0.9644819118512427
34,56,0.8821342934480713
34,60,0.7938684495977112
35,37,0.9872954174986995
35,115,0.4142126129452036
36,34,0.9644819118512427
36,56,0.8888249974318859
37,9,0.869174554309495
37,29,0.9703267583806774
37,11,0.8910653879558487
37,30,0.973241378938998
37,16,0.9100851990856139
37,45,0.9549459937243078
37,35,0.9872954174986995
37,32,0.9801847561502938
37,18,0.9137040921746717
37,5,0.8456513965369052
37,21,0.9380707758593515
37,14,0.8999383031649384
37,115,0.4048675025570075
37,109,0.3475241380986016
37,23,0.9417246184471164
37,28,0.9606142271693334
37,39,0.2884944337487709
37,26,0.9487936471897895
37,22,0.377645008637445
38,41,0.9872954174986995
38,13,0.8913003794604645
38,135,0.4999618084462836
38,124,0.4559316471659648
39,37,0.2884944337487709
39,31,0.9640719144033315
39,68,0.8283674985079974
40,61,0.8848870781193395
40,24,0.9276130660231213
41,12,0.8755608154638259
41,38,0.9872954174986995
41,151,0.5220490511033482
41,13,0.7814223613263397
42,54,0.8921526305274108
42,59,0.8968482011431358
43,94,0.4403594489713089
43,62,0.9049625988515854
43,147,0.525100042601892
44,66,0.869265289622679
44,55,0.9319688023041177
44,46,0.8560147310618537
45,37,0.9549459937243078
45,30,0.8096240788235312
45,33,0.9384095649053928
45,53,0.8436674842289936
45,60,0.9133010884855284
46,66,0.7506990797463344
46,85,0.8014474711947742
46,44,0.8560147310618537
47,78,0.8470188391543112
47,15,0.8270113178418905
48,7,0.5633015274438835
48,103,0.7877016287389974
48,101,0.7333879086371194
49,52,0.973241378938998
49,60,0.9527396919219954
50,20,0.8575310822469285
50,52,0.9909996972207402
51,61,0.9117908960763035
51,58,0.973241378938998
51,54,0.9409376685008637
52,50,0.9909996972207402
52,49,0.973241378938998
52,60,0.9623684211445606
53,20,0.7311565793196411
53,33,0.8232083084827282
53,45,0.8436674842289936
53,56,0.9433113231217994
53,60,0.9640719144033315
54,61,0.9635139401772062
54,51,0.9409376685008637
54,42,0.8921526305274108
54,59,0.9369812483497675
55,66,0.9259006636492924
55,44,0.9319688023041177
56,34,0.8821342934480713
56,36,0.8888249974318859
56,53,0.9433113231217994
56,60,0.973241378938998
57,61,0.9738083407717619
58,61,0.9801847561502938
58,51,0.973241378938998
59,61,0.9130416207900005
59,42,0.8968482011431358
59,54,0.9369812483497675
59,64,0.9703267583806774
60,45,0.9133010884855284
60,34,0.7938684495977112
60,53,0.9640719144033315
60,49,0.9527396919219954
60,56,0.973241378938998
60,52,0.9623684211445606
60,67,0.8432106896685363
60,89,0.6913914176549265
60,106,0.8117809874678887
61,58,0.9801847561502938
61,51,0.9117908960763035
61,40,0.8848870781193395
61,57,0.9738083407717619
61,54,0.9635139401772062
61,59,0.9130416207900005
61,64,0.9288856069087523
61,72,0.9199841521720585
61,74,0.6572104349502103
62,94,0.8587081844148019
62,43,0.9049625988515854
63,89,0.8736911464391124
64,61,0.9288856069087523
64,59,0.9703267583806774
64,72,0.8854786844658508
64,70,0.9528713406293264
65,165,0.1520020631967186
65,170,0.5480295583121162
66,135,0.6769454776796128
66,102,0.786155311765767
66,55,0.9259006636492924
66,85,0.7039051192934298
66,44,0.869265289622679
66,46,0.7506990797463344
67,60,0.8432106896685363
67,69,0.8445927200102071
67,106,0.8555526205876358
68,39,0.8283674985079974
68,76,0.8985296707828764
68,171,0.4886214348480862
68,173,0.5506600768779822
69,67,0.8445927200102071
69,73,0.9722730770907142
69,106,0.8151847151447701
70,64,0.9528713406293264
70,72,0.9872954174986995
71,106,0.7377507771104156
71,86,0.9491740977316223
71,153,0.6181132975580932
72,61,0.9199841521720585
72,64,0.8854786844658508
72,70,0.9872954174986995
72,87,0.9504840260532006
72,74,0.9606142271693334
73,82,0.9743504181289488
73,69,0.9722730770907142
74,61,0.6572104349502103
74,72,0.9606142271693334
74,87,0.9644819118512427
75,104,0.8963212486779951
75,83,0.9657519676476977
75,94,0.9479184133249302
76,115,0.6781224026471017
76,68,0.8985296707828764
76,84,0.9722730770907142
77,89,0.9703267583806774
77,96,0.9462130026561978
78,112,0.8702836765394163
78,47,0.8470188391543112
79,171,0.5963992071328917
80,20,0.4041204053381025
80,87,0.9821508484111854
81,115,0.8454856510719967
81,106,0.913556091857009
82,104,0.9352284274973984
82,73,0.9743504181289488
82,106,0.8663722147608482
83,104,0.9367756025737994
83,75,0.9657519676476977
84,100,0.9398663543806614
84,76,0.9722730770907142
84,90,0.9821508484111854
84,173,0.589014848722058
85,66,0.7039051192934298
85,98,0.9635139401772062
85,46,0.8014474711947742
86,106,0.7713411430469654
86,93,0.9680141029402175
86,91,0.9821508484111854
86,94,0.973241378938998
86,71,0.9491740977316223
87,72,0.9504840260532006
87,80,0.9821508484111854
87,74,0.9644819118512427
87,92,0.9821508484111854
87,104,0.7840458576953303
87,95,0.8968570558840833
88,129,0.7688934466332261
89,60,0.6913914176549265
89,77,0.9703267583806774
89,96,0.9801847561502938
89,63,0.8736911464391124
89,108,0.8286233322159883
90,100,0.9738083407717619
90,84,0.9821508484111854
91,104,0.9623684211445606
91,93,0.96455109796153
91,86,0.9821508484111854
92,87,0.9821508484111854
92,104,0.9652302536595252
92,95,0.7674751430627582
93,106,0.9463427450445413
93,91,0.96455109796153
93,86,0.9680141029402175
94,104,0.9662895600761255
94,75,0.9479184133249302
94,86,0.973241378938998
94,62,0.8587081844148019
94,43,0.4403594489713089
95,87,0.8968570558840833
95,92,0.7674751430627582
95,104,0.973241378938998
96,89,0.9801847561502938
96,77,0.9462130026561978
96,115,0.8891105905770373
97,105,0.9563580847229063
98,122,0.8117809874678887
98,85,0.9635139401772062
98,105,0.9623684211445606
99,137,0.6856477607229113
99,123,0.8322755961677185
100,115,0.8390766836438729
100,90,0.9738083407717619
100,84,0.9398663543806614
100,107,0.9653197742132931
100,173,0.5618096818294482
101,171,0.546424367388042
101,48,0.7333879086371194
101,27,0.6975748494581653
101,103,0.9872954174986995
102,135,0.770940564471541
102,66,0.786155311765767
103,171,0.6421293979645266
103,48,0.7877016287389974
103,101,0.9872954174986995
104,87,0.7840458576953303
104,92,0.9652302536595252
104,82,0.9352284274973984
104,106,0.9801847561502938
104,95,0.973241378938998
104,75,0.8963212486779951
104,83,0.9367756025737994
104,91,0.9623684211445606
104,94,0.9662895600761255
105,128,0.8287900069201922
105,122,0.808537855020701
105,110,0.7824103646150171
105,98,0.9623684211445606
105,97,0.9563580847229063
106,60,0.8117809874678887
106,67,0.8555526205876358
106,82,0.8663722147608482
106,69,0.8151847151447701
106,104,0.9801847561502938
106,81,0.913556091857009
106,93,0.9463427450445413
106,114,0.8878300544901431
106,119,0.8824745141758699
106,86,0.7713411430469654
106,71,0.7377507771104156
107,115,0.6776705481680378
107,100,0.9653197742132931
107,113,0.6406664522747449
107,173,0.5833168319043074
107,184,0.5970724020168783
108,89,0.8286233322159883
108,115,0.9396482109138352
109,37,0.3475241380986016
109,111,0.9821508484111854
110,135,0.819397994533326
110,128,0.8047511198227237
110,105,0.7824103646150171
111,115,0.9623684211445606
111,109,0.9821508484111854
112,135,0.831604624512164
112,78,0.8702836765394163
113,115,0.7274041979672297
113,107,0.6406664522747449
113,134,0.6956592042547504
113,174,0.6651100970674614
113,179,0.6326450324343564
114,115,0.8754609087140781
114,106,0.8878300544901431
114,119,0.9338241719892809
115,37,0.4048675025570075
115,35,0.4142126129452036
115,96,0.8891105905770373
115,111,0.9623684211445606
115,81,0.8454856510719967
115,108,0.9396482109138352
115,116,0.973241378938998
115,114,0.8754609087140781
115,100,0.8390766836438729
115,76,0.6781224026471017
115,107,0.6776705481680378
115,113,0.7274041979672297
115,134,0.7258384824268941
116,115,0.973241378938998
116,138,0.8080857583156116
116,140,0.8531009176165631
117,124,0.9501419324278259
117,133,0.7960511612474599
118,135,0.8968487814380327
118,131,0.8883852499253981
119,106,0.8824745141758699
119,114,0.9338241719892809
119,153,0.8110506699237728
120,146,0.7447284520534683
120,149,0.7677397970260604
120,148,0.8378357969149582
121,13,0.4380166270360167
121,129,0.9401309053801926
122,135,0.9151301083484215
122,128,0.890700797753449
122,98,0.8117809874678887
122,105,0.808537855020701
123,135,0.7353108520665996
123,148,0.8535219262431917
123,99,0.8322755961677185
124,38,0.4559316471659648
124,117,0.9501419324278259
124,127,0.9821508484111854
124,133,0.791470557318909
125,130,0.6315048052613278
125,144,0.7289947850082903
125,191,0.6828667294876593
126,191,0.6849001949698228
126,188,0.6312289639214282
127,13,0.4506737996693653
127,135,0.9526037180904261
127,124,0.9821508484111854
127,132,0.8464116002949704
128,135,0.9585771126384476
128,122,0.890700797753449
128,110,0.8047511198227237
128,105,0.8287900069201922
129,135,0.9640719144033315
129,121,0.9401309053801926
129,88,0.7688934466332261
130,207,0.640016379310135
130,144,0.9126600695033922
130,125,0.6315048052613278
131,135,0.9703267583806774
131,118,0.8883852499253981
132,135,0.9722730770907142
132,127,0.8464116002949704
132,133,0.8604167026150135
133,135,0.9775635533426917
133,117,0.7960511612474599
133,124,0.791470557318909
133,132,0.8604167026150135
134,115,0.7258384824268941
134,113,0.6956592042547504
134,138,0.9726999188860621
134,179,0.6632428077044979
135,38,0.4999618084462836
135,151,0.9100851990856139
135,127,0.9526037180904261
135,148,0.8968398854260691
135,133,0.9775635533426917
135,132,0.9722730770907142
135,129,0.9640719144033315
135,123,0.7353108520665996
135,102,0.770940564471541
135,128,0.9585771126384476
135,122,0.9151301083484215
135,131,0.9703267583806774
135,66,0.6769454776796128
135,112,0.831604624512164
135,110,0.819397994533326
135,118,0.8968487814380327
136,171,0.8271844087439152
136,167,0.7786709992974903
136,139,0.7731777452086849
136,176,0.7288352463088303
137,154,0.8977154683324304
137,99,0.6856477607229113
138,116,0.8080857583156116
138,134,0.9726999188860621
138,140,0.9821508484111854
138,178,0.7778069340064693
139,136,0.7731777452086849
139,156,0.894551206774407
139,143,0.8361028384842123
139,168,0.7917964696441884
140,116,0.8531009176165631
140,153,0.8894981001052298
140,138,0.9821508484111854
140,178,0.8025836831015808
141,148,0.9644819118512427
142,151,0.9487936471897895
143,156,0.9217706753656504
143,139,0.8361028384842123
144,195,0.717117753708941
144,204,0.7072239539041619
144,130,0.9126600695033922
144,125,0.7289947850082903
145,175,0.8353189639505656
146,167,0.7558753340240318
146,157,0.8472567404213924
146,152,0.973241378938998
146,149,0.8730929737215269
146,154,0.707568818415772
146,120,0.7447284520534683
147,43,0.525100042601892
147,158,0.9300086433468401
148,151,0.9836342095939262
148,135,0.8968398854260691
148,120,0.8378357969149582
148,141,0.9644819118512427
148,123,0.8535219262431917
149,157,0.9351832516981388
149,155,0.9355153839991557
149,146,0.8730929737215269
149,120,0.7677397970260604
150,153,0.9463836498442388
150,178,0.8487236080441856
150,186,0.5988137861764696
151,171,0.9052388287105422
151,41,0.5220490511033482
151,142,0.9487936471897895
151,135,0.9100851990856139
151,148,0.9836342095939262
152,167,0.9300086433468401
152,146,0.973241378938998
153,119,0.8110506699237728
153,71,0.6181132975580932
153,140,0.8894981001052298
153,150,0.9463836498442388
153,178,0.866985469808208
154,167,0.9437830818422798
154,146,0.707568818415772
154,137,0.8977154683324304
155,160,0.9276360025292943
155,162,0.7974613446478217
155,157,0.9801847561502938
155,149,0.9355153839991557
156,173,0.8018772519760234
156,172,0.7752439711247995
156,139,0.894551206774407
156,143,0.9217706753656504
156,203,0.7835362090820736
156,196,0.7594047361717652
157,160,0.9821508484111854
157,167,0.8348376131785726
157,155,0.9801847561502938
157,146,0.8472567404213924
157,149,0.9351832516981388
158,147,0.9300086433468401
158,166,0.8496896529340834
158,197,0.8028477793961054
158,163,0.9820803998915989
159,171,0.9464902956121946
159,162,0.9836342095939262
160,167,0.9909996972207402
160,162,0.9364430231446151
160,157,0.9821508484111854
160,155,0.9276360025292943
161,171,0.9722730770907142
162,171,0.9722730770907142
162,160,0.9364430231446151
162,159,0.9836342095939262
162,155,0.7974613446478217
163,158,0.9820803998915989
163,229,0.4164764521737416
163,227,0.4386445465263165
163,239,0.4226719925242206
164,171,0.9738083407717619
165,190,0.2898520337564247
165,242,0.3483184971282754
165,235,0.4185507982052631
165,65,0.1520020631967186
166,186,0.7771692208619091
166,158,0.8496896529340834
166,197,0.8339009784031988
167,171,0.979524388189434
167,160,0.9909996972207402
167,136,0.7786709992974903
167,157,0.8348376131785726
167,146,0.7558753340240318
167,152,0.9300086433468401
167,154,0.9437830818422798
167,189,0.8040917793282578
168,139,0.7917964696441884
168,196,0.7303435058904911
168,176,0.9338241719892809
169,196,0.8307162854767866
169,183,0.9098067083954385
169,199,0.568597289037555
170,224,0.367024336514336
170,213,0.703055210605405
170,65,0.5480295583121162
171,68,0.4886214348480862
171,7,0.3998912008469254
171,79,0.5963992071328917
171,161,0.9722730770907142
171,173,0.973241378938998
171,103,0.6421293979645266
171,164,0.9738083407717619
171,101,0.546424367388042
171,167,0.979524388189434
171,162,0.9722730770907142
171,136,0.8271844087439152
171,159,0.9464902956121946
171,151,0.9052388287105422
172,173,0.9909996972207402
172,156,0.7752439711247995
173,68,0.5506600768779822
173,100,0.5618096818294482
173,84,0.589014848722058
173,107,0.5833168319043074
173,171,0.973241378938998
173,184,0.9343564981269838
173,172,0.9909996972207402
173,193,0.7932737462552796
173,156,0.8018772519760234
173,203,0.6431852220420605
174,113,0.6651100970674614
174,184,0.9408757158569757
174,179,0.9143865913738085
175,209,0.748590580918793
175,145,0.8353189639505656
175,182,0.9558012826194622
176,136,0.7288352463088303
176,168,0.9338241719892809
176,196,0.7271074009008039
176,189,0.9303767962390415
177,201,0.8811579538805919
178,153,0.866985469808208
178,138,0.7778069340064693
178,140,0.8025836831015808
178,150,0.8487236080441856
178,181,0.9386737058518245
178,179,0.684112113846847
178,202,0.7380691762109118
178,211,0.779608186262442
179,113,0.6326450324343564
179,134,0.6632428077044979
179,178,0.684112113846847
179,174,0.9143865913738085
179,184,0.973241378938998
179,200,0.8697388870185024
179,180,0.973241378938998
180,184,0.9472667280019401
180,179,0.973241378938998
180,200,0.9087284754158318
180,222,0.6556001535243227
181,178,0.9386737058518245
181,211,0.8040498892119343
181,186,0.6342958418024442
182,175,0.9558012826194622
182,207,0.8096935718440472
182,187,0.9703267583806774
182,194,0.9463836498442388
183,196,0.939828923888838
183,169,0.9098067083954385
184,107,0.5970724020168783
184,173,0.9343564981269838
184,174,0.9408757158569757
184,179,0.973241378938998
184,180,0.9472667280019401
184,193,0.9558012826194622
184,222,0.6977337064256945
185,190,0.9719866270833376
186,150,0.5988137861764696
186,181,0.6342958418024442
186,166,0.7771692208619091
186,211,0.8156460209310258
186,197,0.9004691077758969
187,207,0.8879253736161481
187,182,0.9703267583806774
187,194,0.9623684211445606
188,224,0.7115732827537433
188,191,0.6539822161876382
188,126,0.6312289639214282
189,167,0.8040917793282578
189,176,0.9303767962390415
189,201,0.9463836498442388
189,199,0.9386737058518245
190,201,0.9487936471897895
190,185,0.9719866270833376
190,165,0.2898520337564247
191,217,0.7805159849133927
191,125,0.6828667294876593
191,188,0.6539822161876382
191,126,0.6849001949698228
192,201,0.9528713406293264
193,173,0.7932737462552796
193,184,0.9558012826194622
193,222,0.7282916431849644
193,203,0.5816048071256775
194,182,0.9463836498442388
194,187,0.9623684211445606
194,198,0.9821508484111854
195,212,0.8259208239266584
195,205,0.9337653050735132
195,204,0.7097906369789807
195,144,0.717117753708941
196,156,0.7594047361717652
196,203,0.9653197742132931
196,168,0.7303435058904911
196,176,0.7271074009008039
196,183,0.939828923888838
196,169,0.8307162854767866
197,166,0.8339009784031988
197,211,0.798174266112586
197,186,0.9004691077758969
197,158,0.8028477793961054
197,223,0.7436281851976911
198,207,0.9437528415494308
198,194,0.9821508484111854
199,189,0.9386737058518245
199,169,0.568597289037555
199,201,0.9872954174986995
200,179,0.8697388870185024
200,202,0.9909996972207402
200,180,0.9087284754158318
200,234,0.5926692367185106
201,189,0.9463836498442388
201,192,0.9528713406293264
201,199,0.9872954174986995
201,177,0.8811579538805919
201,210,0.8970846495606251
201,190,0.9487936471897895
202,178,0.7380691762109118
202,200,0.9909996972207402
202,226,0.7262702400940015
202,231,0.6516536563046438
203,173,0.6431852220420605
203,193,0.5816048071256775
203,156,0.7835362090820736
203,221,0.7735053986674354
203,196,0.9653197742132931
204,230,0.5387755897947943
204,238,0.5719182971529109
204,208,0.7326011946181467
204,205,0.7176215537759012
204,195,0.7097906369789807
204,220,0.5888004583481506
204,144,0.7072239539041619
205,208,0.9625520007466786
205,195,0.9337653050735132
205,204,0.7176215537759012
206,209,0.9545253329684085
206,229,0.7092409914523355
207,209,0.8881139160930295
207,182,0.8096935718440472
207,212,0.8926285625081974
207,187,0.8879253736161481
207,198,0.9437528415494308
207,130,0.640016379310135
208,216,0.834626571424534
208,214,0.8999321949284648
208,205,0.9625520007466786
208,204,0.7326011946181467
209,229,0.6510820491056789
209,206,0.9545253329684085
209,175,0.748590580918793
209,207,0.8881139160930295
209,216,0.8931058511044692
210,201,0.8970846495606251
210,242,0.4757876067557169
211,178,0.779608186262442
211,181,0.8040498892119343
211,186,0.8156460209310258
211,197,0.798174266112586
211,226,0.7843236381587207
211,223,0.8582531907618391
212,207,0.8926285625081974
212,216,0.9252426140965927
212,214,0.9738083407717619
212,195,0.8259208239266584
213,219,0.923024325154819
213,170,0.703055210605405
214,216,0.9821508484111854
214,212,0.9738083407717619
214,208,0.8999321949284648
215,220,0.9053338104244587
215,218,0.9623684211445606
215,225,0.6884811952917016
215,217,0.9872954174986995
215,224,0.735463882602991
216,209,0.8931058511044692
216,229,0.8707834149907014
216,230,0.8162403984819263
216,212,0.9252426140965927
216,214,0.9821508484111854
216,208,0.834626571424534
217,218,0.9747522414139314
217,215,0.9872954174986995
217,191,0.7805159849133927
218,220,0.973241378938998
218,215,0.9623684211445606
218,217,0.9747522414139314
219,225,0.4278609188030351
219,237,0.7257173320156983
219,213,0.923024325154819
220,238,0.502730834164273
220,240,0.5805098487371444
220,204,0.5888004583481506
220,218,0.973241378938998
220,215,0.9053338104244587
221,222,0.7959622431686978
221,203,0.7735053986674354
221,228,0.9300086433468401
222,184,0.6977337064256945
222,180,0.6556001535243227
222,193,0.7282916431849644
222,234,0.7965136044280219
222,221,0.7959622431686978
222,228,0.7602807967765252
223,211,0.8582531907618391
223,197,0.7436281851976911
223,226,0.903919435030894
223,232,0.9218530484106888
224,215,0.735463882602991
224,225,0.9821508484111854
224,188,0.7115732827537433
224,170,0.367024336514336
225,240,0.6020424770007021
225,241,0.5773509882820924
225,215,0.6884811952917016
225,224,0.9821508484111854
225,219,0.4278609188030351
226,202,0.7262702400940015
226,211,0.7843236381587207
226,223,0.903919435030894
226,232,0.9662895600761255
226,231,0.935165016612109
227,163,0.4386445465263165
227,229,0.973241378938998
227,230,0.9821508484111854
228,222,0.7602807967765252
228,234,0.8452658031014753
228,221,0.9300086433468401
229,163,0.4164764521737416
229,209,0.6510820491056789
229,206,0.7092409914523355
229,227,0.973241378938998
229,230,0.9909996972207402
229,216,0.8707834149907014
230,229,0.9909996972207402
230,227,0.9821508484111854
230,239,0.7330921448746532
230,238,0.6765675530081245
230,216,0.8162403984819263
230,204,0.5387755897947943
231,202,0.6516536563046438
231,226,0.935165016612109
231,232,0.9293844732693363
231,233,0.8684329576909711
231,236,0.8142987535669937
232,226,0.9662895600761255
232,223,0.9218530484106888
232,231,0.9293844732693363
232,236,0.8178391907964775
233,231,0.8684329576909711
233,234,0.9288856069087523
233,236,0.8373721253087295
234,200,0.5926692367185106
234,222,0.7965136044280219
234,233,0.9288856069087523
234,228,0.8452658031014753
234,249,0.3581400198715292
235,242,0.7165623869389239
235,237,0.9828715992216289
235,165,0.4185507982052631
236,232,0.8178391907964775
236,231,0.8142987535669937
236,233,0.8373721253087295
236,243,0.742928760178949
236,239,0.4799547566413141
237,242,0.753955605954686
237,235,0.9828715992216289
237,219,0.7257173320156983
238,239,0.9337653050735132
238,230,0.6765675530081245
238,246,0.6245034014343073
238,240,0.6261162245201417
238,204,0.5719182971529109
238,220,0.502730834164273
239,163,0.4226719925242206
239,236,0.4799547566413141
239,230,0.7330921448746532
239,246,0.6969460918417146
239,238,0.9337653050735132
240,246,0.6063088478296204
240,238,0.6261162245201417
240,249,0.4798413564892277
240,220,0.5805098487371444
240,241,0.5016408166559952
240,225,0.6020424770007021
241,240,0.5016408166559952
241,248,0.6780373816675169
241,225,0.5773509882820924
242,210,0.4757876067557169
242,245,0.8710761726686764
242,237,0.753955605954686
242,235,0.7165623869389239
242,165,0.3483184971282754
243,236,0.742928760178949
243,244,0.8981924156960898
243,246,0.8258984938409109
244,243,0.8981924156960898
244,246,0.9471987816790822
244,249,0.5679595221152455
245,247,0.819238582959721
245,242,0.8710761726686764
246,243,0.8258984938409109
246,244,0.9471987816790822
246,239,0.6969460918417146
246,238,0.6245034014343073
246,249,0.5983136310147945
246,240,0.6063088478296204
247,248,0.950447227647477
247,245,0.819238582959721
248,249,0.7483013574764857
248,247,0.950447227647477
248,241,0.6780373816675169
249,234,0.3581400198715292
249,244,0.5679595221152455
249,246,0.5983136310147945
249,240,0.4798413564892277
249,248,0.7483013574764857
