from,to,probability
0,3,0.9821508484111854
1,15,0.4565382248943203
1,49,0.3479295701100223
1,6,0.9437830818422798
1,9,0.8861644353325174
1,3,0.8852182045565662
2,31,0.5658804530861721
2,42,0.3307611780606015
3,1,0.8852182045565662
3,9,0.9414093153986384
3,0,0.9821508484111854
4,8,0.9743504181289488
5,34,0.5289746682937194
6,1,0.9437830818422798
6,11,0.8968398854260691
6,9,0.9218390051298286
7,19,0.7433709419053678
8,4,0.9743504181289488
8,12,0.8406492952803297
9,1,0.8861644353325174
9,6,0.9218390051298286
9,11,0.9218390051298286
9,3,0.9414093153986384
9,26,0.6181183347700957
10,25,0.6996296673214696
11,49,0.4047315030674359
11,6,0.8968398854260691
11,9,0.9218390051298286
11,36,0.4645709922650271
11,24,0.6548492506145429
12,14,0.9151474968755783
12,8,0.8406492952803297
12,18,0.8895895385572373
13,29,0.7778111235630547
14,20,0.7629316620821242
14,12,0.9151474968755783
14,18,0.9606142271693334
15,27,0.8209751297801179
15,1,0.4565382248943203
16,36,0.6304449716662799
16,26,0.7777638442744967
16,29,0.6144178696207678
16,19,0.8658919262997383
17,23,0.9076319992126715
17,28,0.7614561432327285
18,14,0.9606142271693334
18,12,0.8895895385572373
18,28,0.8360774186324064
19,26,0.8629076147538343
19,16,0.8658919262997383
19,7,0.7433709419053678
20,14,0.7629316620821242
20,23,0.9337653050735132
21,25,0.9027914194981744
21,27,0.8731465126511406
22,28,0.8582531907618391
22,30,0.8774647141990275
23,20,0.9337653050735132
23,17,0.9076319992126715
23,28,0.7974150215013491
23,31,0.8789228713511733
24,11,0.6548492506145429
24,26,0.9640719144033315
25,10,0.6996296673214696
25,27,0.9747522414139314
25,21,0.9027914194981744
25,37,0.6753743666919042
26,9,0.6181183347700957
26,36,0.7455418663072035
26,24,0.9640719144033315
26,19,0.8629076147538343
26,16,0.7777638442744967
27,25,0.9747522414139314
27,21,0.8731465126511406
27,37,0.7216613483058246
27,15,0.8209751297801179
28,23,0.7974150215013491
28,17,0.7614561432327285
28,18,0.8360774186324064
28,30,0.9680141029402175
28,22,0.8582531907618391
29,39,0.7408697411340576
29,16,0.6144178696207678
29,13,0.7778111235630547
30,28,0.9680141029402175
30,22,0.8774647141990275
30,33,0.8921277978201086
31,23,0.8789228713511733
31,2,0.5658804530861721
31,33,0.7491620083664633
31,38,0.7565262038412344
32,38,0.781515433223275
32,35,0.7966471016720644
33,31,0.7491620083664633
33,30,0.8921277978201086
33,38,0.836872501946672
34,44,0.7676875257494385
34,41,0.7613910155820991
34,5,0.5289746682937194
35,38,0.8745595107716905
35,32,0.7966471016720644
36,11,0.4645709922650271
36,39,0.9380707758593515
36,26,0.7455418663072035
36,16,0.6304449716662799
37,25,0.6753743666919042
37,42,0.9197180289558177
37,40,0.9872954174986995
37,27,0.7216613483058246
37,43,0.9355153839991557
38,31,0.7565262038412344
38,33,0.836872501946672
38,42,0.9640502867923578
38,35,0.8745595107716905
38,45,0.838931894027123
38,32,0.781515433223275
39,44,0.9183740444181987
39,41,0.9783511137385126
39,36,0.9380707758593515
39,29,0.7408697411340576
40,42,0.9722730770907142
40,37,0.9872954174986995
41,44,0.9255068633269684
41,34,0.7613910155820991
41,39,0.9783511137385126
42,2,0.3307611780606015
42,38,0.9640502867923578
42,40,0.9722730770907142
42,37,0.9197180289558177
42,45,0.9252426140965927
42,43,0.9528713406293264
43,42,0.9528713406293264
43,37,0.9355153839991557
43,45,0.929611589157715
43,46,0.8932752865895137
44,49,0.8910653879558487
44,34,0.7676875257494385
44,41,0.9255068633269684
44,39,0.9183740444181987
45,38,0.838931894027123
45,42,0.9252426140965927
45,43,0.929611589157715
45,46,0.9801847561502938
45,49,0.7758599286327653
46,45,0.9801847561502938
46,43,0.8932752865895137
46,47,0.9909996972207402
46,48,0.8732853485689233
46,49,0.8251401022639973
47,46,0.9909996972207402
47,48,0.9526896076267584
48,46,0.8732853485689233
48,47,0.9526896076267584
48,49,0.9872954174986995
49,45,0.7758599286327653
49,46,0.8251401022639973
49,48,0.9872954174986995
49,1,0.3479295701100223
49,44,0.8910653879558487
49,11,0.4047315030674359
