0.3981115513613038 2
	a 0 20 0.986904170385881
	a 20 0 0.986904170385881
0.7241308354215087 2
	a 1 45 0.9764356703146633
	a 45 1 0.9764356703146633
0.8249184195643712 2
	a 2 4 0.9732451478060973
	a 4 2 0.9732451478060973
0.7960384844779068 2
	a 2 49 0.9741571781134749
	a 49 2 0.9741571781134749
1.68410134343058 2
	a 2 61 0.9468999193736225
	a 61 2 0.9468999193736225
2.741943832514826 2
	a 2 71 0.9164689224769048
	a 71 2 0.9164689224769048
1.057281840000934 2
	a 3 56 0.9659706467906755
	a 56 3 0.9659706467906755
0.590484815621513 2
	a 4 39 0.980699552539416
	a 39 4 0.980699552539416
2.069519386912158 2
	a 4 75 0.9355633014775413
	a 75 4 0.9355633014775413
0.7960384844779068 2
	a 4 30 0.9741571781134749
	a 30 4 0.9741571781134749
0.7671585448709205 2
	a 4 49 0.975070966213913
	a 49 4 0.975070966213913
5.333048017909581 2
	a 5 136 0.850398670175884
	a 136 5 0.850398670175884
7.747013560651988 2
	a 5 161 0.7983121816846067
	a 161 5 0.7983121816846067
1.481830990714321 2
	a 5 43 0.9529670410209244
	a 43 5 0.9529670410209244
0.69040501949209 2
	a 6 48 0.9775080875824138
	a 48 6 0.9775080875824138
1.385168937220699 2
	a 7 67 0.9558954480381517
	a 67 7 0.9558954480381517
3.193126881861831 2
	a 7 15 0.9041285308228714
	a 15 7 0.9041285308228714
2.706277563108164 2
	a 8 66 0.9174603602252291
	a 66 8 0.9174603602252291
1.213897940656483 2
	a 8 31 0.9611307240392923
	a 31 8 0.9611307240392923
0.5424630108730013 2
	a 8 38 0.9822409559256213
	a 38 8 0.9822409559256213
3.372931151585412 2
	a 9 19 0.8993131801444768
	a 19 9 0.8993131801444768
0.1356157527182506 2
	a 9 14 0.9954998486103701
	a 14 9 0.9954998486103701
5.224629913988475 2
	a 9 48 0.8529404823544416
	a 48 9 0.8529404823544416
0.6780787635912512 2
	a 10 48 0.9779006413097311
	a 48 10 0.9779006413097311
0.4217785570495555 2
	a 11 36 0.9861365385453571
	a 36 11 0.9861365385453571
3.100692418912422 2
	a 12 50 0.9066265800263127
	a 50 12 0.9066265800263127
1.936327367967538 2
	a 12 39 0.9394480937639456
	a 39 12 0.9394480937639456
3.619173917605042 2
	a 12 76 0.8928114937979112
	a 76 12 0.8928114937979112
1.69290710932188 2
	a 12 75 0.9466376432947569
	a 75 12 0.9466376432947569
2.328550370332689 2
	a 13 19 0.928106247700934
	a 19 13 0.928106247700934
0.5753689120435835 2
	a 13 48 0.9811842105722803
	a 48 13 0.9811842105722803
0.5424630108730013 2
	a 14 48 0.9822409559256213
	a 48 14 0.9822409559256213
1.220770282487056 2
	a 15 67 0.9609195025649143
	a 67 15 0.9609195025649143
1.356157527182502 2
	a 15 65 0.9567780459285045
	a 65 15 0.9567780459285045
1.220541774464252 2
	a 16 67 0.9609265242053444
	a 67 16 0.9609265242053444
1.211806067670806 2
	a 17 67 0.9611950369839707
	a 67 17 0.9611950369839707
0.8455244466185425 2
	a 17 57 0.9725954806556316
	a 57 17 0.9725954806556316
4.602951282787096 2
	a 18 45 0.8678755418861902
	a 45 18 0.8678755418861902
1.356157527182502 2
	a 18 70 0.9567780459285045
	a 70 18 0.9567780459285045
1.116507928925421 2
	a 19 58 0.9641344329707731
	a 58 19 0.9641344329707731
0.487629339878578 2
	a 19 48 0.9840070514701087
	a 48 19 0.9840070514701087
0.4518359985116184 2
	a 20 48 0.9851633791903387
	a 48 20 0.9851633791903387
0.3002129760370238 2
	a 20 23 0.9900923780751469
	a 23 20 0.9900923780751469
1.255322192733106 2
	a 20 22 0.9598590144779089
	a 22 20 0.9598590144779089
1.373851540465907 2
	a 21 24 0.9562395478098931
	a 24 21 0.9562395478098931
1.392998929689093 2
	a 21 72 0.9556575329443662
	a 72 21 0.9556575329443662
3.407835133887094 2
	a 21 79 0.8983850856914888
	a 79 21 0.8983850856914888
5.44010867143333 2
	a 21 98 0.8479066466357292
	a 98 21 0.8479066466357292
0.4068472581547501 2
	a 22 48 0.986620689469499
	a 48 22 0.986620689469499
0.9771047220678813 2
	a 22 23 0.9684679940818138
	a 23 22 0.9684679940818138
0.4068472581547501 2
	a 23 48 0.986620689469499
	a 48 23 0.986620689469499
0.3002129760370238 2
	a 23 27 0.9900923780751469
	a 27 23 0.9900923780751469
2.810091277157183 2
	a 24 34 0.9145811278140548
	a 34 24 0.9145811278140548
4.073705125504084 2
	a 24 59 0.8810870233246628
	a 59 24 0.8810870233246628
1.371767953602719 2
	a 24 72 0.9563029265268455
	a 72 24 0.9563029265268455
5.737697681558361 2
	a 24 98 0.841072450543038
	a 98 24 0.841072450543038
0.649991823536707 2
	a 25 55 0.9787963307315013
	a 55 25 0.9787963307315013
0.2701555345749592 2
	a 26 41 0.9910754242055927
	a 41 26 0.9910754242055927
0.3403795954308141 2
	a 27 48 0.9887817766713458
	a 48 27 0.9887817766713458
1.940314217948049 2
	a 28 82 0.9393313083765565
	a 82 28 0.9393313083765565
1.573625501008753 2
	a 28 51 0.9502035130213888
	a 51 28 0.9502035130213888
0.9056588220468618 2
	a 28 36 0.9707046576993192
	a 36 28 0.9707046576993192
5.837711803858216 2
	a 28 112 0.8388058777974614
	a 112 28 0.8388058777974614
0.683690715218685 2
	a 29 58 0.9777218777334511
	a 58 29 0.9777218777334511
9.759609008370452 2
	a 29 122 0.7608557305189789
	a 122 29 0.7608557305189789
10.463427619225 2
	a 29 88 0.7488987673922531
	a 88 29 0.7488987673922531
8.710794423780461 2
	a 29 91 0.7797477964118098
	a 91 29 0.7797477964118098
1.363828107854099 2
	a 30 75 0.9565445221190134
	a 75 30 0.9565445221190134
1.756565993506545 2
	a 30 49 0.9447461628510447
	a 49 30 0.9447461628510447
1.027006667447879 2
	a 30 61 0.9669120859946405
	a 61 30 0.9669120859946405
0.2822352093936812 2
	a 31 48 0.9906801146382663
	a 48 31 0.9906801146382663
0.9006357637435058 2
	a 31 63 0.9708623092235582
	a 63 31 0.9708623092235582
0.8136945163095008 2
	a 31 38 0.9735993908395411
	a 38 31 0.9735993908395411
0.2701555345749592 2
	a 32 48 0.9910754242055927
	a 48 32 0.9910754242055927
0.9569120473074697 2
	a 33 66 0.9690990602062898
	a 66 33 0.9690990602062898
0.5753689120435835 2
	a 33 42 0.9811842105722803
	a 42 33 0.9811842105722803
1.68410134343058 2
	a 34 78 0.9468999193736225
	a 78 34 0.9468999193736225
2.542706702408589 2
	a 34 59 0.9220375614547456
	a 59 34 0.9220375614547456
0.6567061232895878 2
	a 35 47 0.9785820598853613
	a 47 35 0.9785820598853613
0.3981115513613038 2
	a 35 51 0.986904170385881
	a 51 35 0.986904170385881
0.3981115513613038 2
	a 36 51 0.986904170385881
	a 51 36 0.986904170385881
0.1917896373478611 2
	a 37 48 0.9936477087493498
	a 48 37 0.9936477087493498
3.077787700329151 2
	a 37 91 0.9072479654864757
	a 91 37 0.9072479654864757
3.075020090211878 2
	a 37 86 0.9073231126581662
	a 86 37 0.9073231126581662
1.555485357104156 2
	a 37 63 0.9507482928019515
	a 63 37 0.9507482928019515
0.1356157527182506 2
	a 38 48 0.9954998486103701
	a 48 38 0.9954998486103701
1.207341673940248 2
	a 39 75 0.9613323211614231
	a 75 39 0.9613323211614231
0.3835792746957232 2
	a 40 55 0.9873761207069657
	a 55 40 0.9873761207069657
3.35097460861937 2
	a 40 97 0.8998981106081816
	a 97 40 0.8998981106081816
3.193502682153665 2
	a 40 89 0.9041184061750454
	a 89 40 0.9041184061750454
0.8185134729050157 2
	a 41 67 0.9734472649499103
	a 67 41 0.9734472649499103
8.57959761091298 2
	a 42 160 0.7822053293811277
	a 160 42 0.7822053293811277
0.9302638502529895 2
	a 42 66 0.9699331771903307
	a 66 42 0.9699331771903307
5.672596356584108 2
	a 42 151 0.8425559520409991
	a 151 42 0.8425559520409991
4.729965466252912 2
	a 43 136 0.8647736657242788
	a 136 43 0.8647736657242788
3.414252783221953 2
	a 44 89 0.8982146757631133
	a 89 44 0.8982146757631133
3.07047314717264 2
	a 44 72 0.9074466030401331
	a 72 44 0.9074466030401331
1.405711039529566 2
	a 44 64 0.9552715386203148
	a 64 44 0.9552715386203148
1.783013673629581 2
	a 44 83 0.943962686808074
	a 83 44 0.943962686808074
5.506377286396478 2
	a 44 99 0.8463730174057278
	a 99 44 0.8463730174057278
2.823598000377558 2
	a 45 98 0.9142079869998718
	a 98 45 0.9142079869998718
4.466457951491954 2
	a 45 130 0.8712383224675704
	a 130 45 0.8712383224675704
6.682283115843506 2
	a 45 110 0.8202566025307245
	a 110 45 0.8202566025307245
4.33330588946861 2
	a 45 70 0.874548402072127
	a 70 45 0.874548402072127
3.22999882051541 2
	a 46 94 0.9031363506162799
	a 94 46 0.9031363506162799
1.027006667447879 2
	a 46 73 0.9669120859946405
	a 73 46 0.9669120859946405
0.572507812946912 2
	a 47 53 0.9812760003733393
	a 53 47 0.9812760003733393
1.660294933789586 2
	a 47 82 0.9476097546822377
	a 82 47 0.9476097546822377
7.00551853397821 2
	a 48 58 0.8134292101058971
	a 58 48 0.8134292101058971
4.152317355184421 2
	a 48 86 0.8790950409827269
	a 86 48 0.8790950409827269
0.2591518306177774 2
	a 48 54 0.9914357996108145
	a 54 48 0.9914357996108145
0.4007677214940443 2
	a 49 61 0.9868179579982728
	a 61 49 0.9868179579982728
4.000822222885161 2
	a 50 69 0.8829431776307142
	a 69 50 0.8829431776307142
5.169165882893317 2
	a 50 115 0.8542479315374009
	a 115 50 0.8542479315374009
1.057281840000934 2
	a 50 76 0.9659706467906755
	a 76 50 0.9659706467906755
1.481545971607358 2
	a 51 82 0.9529756480534641
	a 82 51 0.9529756480534641
0.6385290286129006 2
	a 52 70 0.9791623601810021
	a 70 52 0.9791623601810021
0.3981115513613038 2
	a 52 56 0.986904170385881
	a 56 52 0.986904170385881
1.385168937220699 2
	a 53 82 0.9558954480381517
	a 82 53 0.9558954480381517
0.2701555345749592 2
	a 54 63 0.9910754242055927
	a 63 54 0.9910754242055927
2.104789825580311 2
	a 55 97 0.9345403373812204
	a 97 55 0.9345403373812204
0.5753689120435835 2
	a 56 70 0.9811842105722803
	a 70 56 0.9811842105722803
0.3981115513613038 2
	a 57 67 0.986904170385881
	a 67 57 0.986904170385881
1.763004785337253 2
	a 58 91 0.9445552952885187
	a 91 58 0.9445552952885187
3.122047750123513 2
	a 59 89 0.9060480822380413
	a 89 59 0.9060480822380413
2.453202868752269 2
	a 59 78 0.9245633548803185
	a 78 59 0.9245633548803185
0.5753689120435835 2
	a 59 72 0.9811842105722803
	a 72 59 0.9811842105722803
0.3002129760370238 2
	a 60 67 0.9900923780751469
	a 67 60 0.9900923780751469
6.96168091369199 2
	a 61 108 0.8143465492984991
	a 108 61 0.8143465492984991
0.4518359985116184 2
	a 61 71 0.9851633791903387
	a 71 61 0.9851633791903387
9.542125660238368 2
	a 61 157 0.764665400282204
	a 157 61 0.764665400282204
7.736971896762489 2
	a 61 123 0.7985119519221734
	a 123 61 0.7985119519221734
1.465260119971778 2
	a 62 67 0.9534677214128324
	a 67 62 0.9534677214128324
1.847293601112768 2
	a 62 93 0.9420642315114247
	a 93 62 0.9420642315114247
12.53915601063646 2
	a 62 154 0.7167326062328124
	a 154 62 0.7167326062328124
1.62663708847543 2
	a 63 91 0.9486152543510467
	a 91 63 0.9486152543510467
2.983546559801504 2
	a 64 89 0.9098146541488349
	a 89 64 0.9098146541488349
0.4217785570495555 2
	a 64 72 0.9861365385453571
	a 72 64 0.9861365385453571
0.1356157527182506 2
	a 65 67 0.9954998486103701
	a 67 65 0.9954998486103701
1.92183740793733 2
	a 66 101 0.9398728045532638
	a 101 66 0.9398728045532638
2.483102688545475 2
	a 66 81 0.9237179065985165
	a 81 66 0.9237179065985165
5.682253147487918 2
	a 66 160 0.8423354902669409
	a 160 66 0.8423354902669409
1.604933260944054 2
	a 67 93 0.9492648353914381
	a 93 67 0.9492648353914381
5.565177410762203 2
	a 67 100 0.8450178900961389
	a 100 67 0.8450178900961389
1.579278417634558 2
	a 68 82 0.9500338807923745
	a 82 68 0.9500338807923745
1.648983906454645 2
	a 68 97 0.947947410385374
	a 97 68 0.947947410385374
2.604665358339847 2
	a 69 112 0.920297898164167
	a 112 69 0.920297898164167
2.765771239994866 2
	a 69 115 0.9158078893248713
	a 115 69 0.9158078893248713
4.916186675588913 2
	a 70 156 0.8602730874222531
	a 156 70 0.8602730874222531
7.895601859702232 2
	a 70 136 0.7953717230102619
	a 136 70 0.7953717230102619
1.088420984350353 2
	a 71 74 0.9650043216734201
	a 74 71 0.9650043216734201
2.116474731983919 2
	a 71 105 0.9342019649819329
	a 105 71 0.9342019649819329
7.423991583629963 2
	a 71 123 0.8048059443796405
	a 123 71 0.8048059443796405
1.088420984350353 2
	a 72 89 0.9650043216734201
	a 89 72 0.9650043216734201
1.362615323300689 2
	a 73 94 0.9565814362875824
	a 94 73 0.9565814362875824
1.897868593911931 2
	a 74 105 0.9405762483905471
	a 105 74 0.9405762483905471
12.44422523236257 2
	a 74 154 0.718108595430125
	a 154 74 0.718108595430125
1.944064083921212 2
	a 75 108 0.9392214932019196
	a 108 75 0.9392214932019196
3.579538568402 2
	a 76 115 0.8938508143694988
	a 115 76 0.8938508143694988
1.884715995065577 2
	a 76 102 0.9409627326519541
	a 102 76 0.9409627326519541
2.471011450223571 2
	a 76 116 0.9240595959075733
	a 116 76 0.9240595959075733
3.052367295971379 2
	a 76 108 0.9079387111527326
	a 108 76 0.9079387111527326
3.907278111162285 2
	a 77 82 0.8853387783041087
	a 82 77 0.8853387783041087
1.975247637909123 2
	a 77 112 0.9383093425240365
	a 112 77 0.9383093425240365
3.621229585705272 2
	a 77 142 0.8927576648159994
	a 142 77 0.8927576648159994
0.6385290286129006 2
	a 78 89 0.9791623601810021
	a 89 78 0.9791623601810021
1.211806067670806 2
	a 79 83 0.9611950369839707
	a 83 79 0.9611950369839707
1.088420984350353 2
	a 79 98 0.9650043216734201
	a 98 79 0.9650043216734201
2.059344055616256 2
	a 79 90 0.9358588684421247
	a 90 79 0.9358588684421247
2.820674875156118 2
	a 80 99 0.9142887136530016
	a 99 80 0.9142887136530016
3.166177875506246 2
	a 80 138 0.904855240920943
	a 138 80 0.904855240920943
0.5753689120435835 2
	a 81 91 0.9811842105722803
	a 91 81 0.9811842105722803
1.027006667447879 2
	a 81 101 0.9669120859946405
	a 101 81 0.9669120859946405
0.7283443128863859 2
	a 82 97 0.976301859045213
	a 97 82 0.976301859045213
0.572507812946912 2
	a 82 92 0.9812760003733393
	a 92 82 0.9812760003733393
4.25460225025042 2
	a 82 142 0.8765187882576032
	a 142 82 0.8765187882576032
0.4217785570495555 2
	a 83 90 0.9861365385453571
	a 90 83 0.9861365385453571
0.9569120473074697 2
	a 83 84 0.9690990602062898
	a 84 83 0.9690990602062898
0.9592106393850176 2
	a 84 99 0.9690271812215543
	a 99 84 0.9690271812215543
0.3981115513613038 2
	a 84 90 0.986904170385881
	a 90 84 0.986904170385881
0.9493102690277512 2
	a 84 96 0.9693368529259123
	a 96 84 0.9693368529259123
1.907785025694843 2
	a 85 93 0.9402850816914862
	a 93 85 0.9402850816914862
4.748935257606863 2
	a 85 127 0.8643126452790979
	a 127 85 0.8643126452790979
3.26042382587259 2
	a 85 145 0.9023194842932685
	a 145 85 0.9023194842932685
8.249158858100571 2
	a 85 154 0.7884910821991238
	a 154 85 0.7884910821991238
0.2701555345749592 2
	a 86 91 0.9910754242055927
	a 91 86 0.9910754242055927
0.4518359985116184 2
	a 87 89 0.9851633791903387
	a 89 87 0.9851633791903387
2.917905298789906 2
	a 87 142 0.9116119672558569
	a 142 87 0.9116119672558569
3.119162312519755 2
	a 88 133 0.9061261981781177
	a 133 88 0.9061261981781177
2.163030286337194 2
	a 88 122 0.9328564199365151
	a 122 88 0.9328564199365151
5.277301485639939 2
	a 88 91 0.8517033270624235
	a 91 88 0.8517033270624235
0.3002129760370238 2
	a 88 95 0.9900923780751469
	a 95 88 0.9900923780751469
1.984278394854708 2
	a 89 97 0.9380455376013218
	a 97 89 0.9380455376013218
3.4020680468796 2
	a 89 142 0.8985382832364988
	a 142 89 0.8985382832364988
1.796436410014297 2
	a 89 120 0.9435655849004017
	a 120 89 0.9435655849004017
3.368293915578014 2
	a 89 99 0.899436646525398
	a 99 89 0.899436646525398
0.4068472581547501 2
	a 90 98 0.986620689469499
	a 98 90 0.986620689469499
3.788187481472661 2
	a 91 133 0.8884103043525046
	a 133 91 0.8884103043525046
0.1917896373478611 2
	a 91 95 0.9936477087493498
	a 95 91 0.9936477087493498
1.754926729054513 2
	a 91 101 0.9447947692786187
	a 101 91 0.9447947692786187
0.1917896373478611 2
	a 92 97 0.9936477087493498
	a 97 92 0.9936477087493498
5.341692880230807 2
	a 92 142 0.8501967851396693
	a 142 92 0.8501967851396693
3.664091061885526 2
	a 93 100 0.8916369884869029
	a 100 93 0.8916369884869029
0.69040501949209 2
	a 93 106 0.9775080875824138
	a 106 93 0.9775080875824138
3.817138492775123 2
	a 93 127 0.887661369258522
	a 127 93 0.887661369258522
11.16962084382755 2
	a 93 154 0.7374522875659846
	a 154 93 0.7374522875659846
6.94797168450913 2
	a 94 118 0.8146339772181441
	a 118 94 0.8146339772181441
2.271121470404273 2
	a 94 134 0.9297484340507011
	a 134 94 0.9297484340507011
3.425065192118875 2
	a 94 109 0.8979277351992874
	a 109 94 0.8979277351992874
2.234721917581615 2
	a 95 133 0.9307925437642766
	a 133 95 0.9307925437642766
0.953531833712017 2
	a 96 99 0.9692047824526964
	a 99 96 0.9692047824526964
0.9397593081368385 2
	a 96 113 0.9696357892819247
	a 113 96 0.9696357892819247
9.883210046215533 2
	a 96 103 0.758715092864375
	a 103 96 0.758715092864375
2.441083548928503 2
	a 97 142 0.92490652143204
	a 142 97 0.92490652143204
1.856596163670476 2
	a 98 130 0.9417901611608843
	a 130 98 0.9417901611608843
6.895713053783646 2
	a 98 113 0.8157320449466237
	a 113 98 0.8157320449466237
2.801422550984003 2
	a 99 120 0.9148207897444118
	a 120 99 0.9148207897444118
2.832730496260832 2
	a 99 149 0.9139558802373853
	a 149 99 0.9139558802373853
2.121979266894151 2
	a 99 131 0.9340426555562416
	a 131 99 0.9340426555562416
5.88434035113013 2
	a 99 138 0.8377543113521846
	a 138 99 0.8377543113521846
7.135501662707788 2
	a 99 103 0.8107249101829105
	a 103 99 0.8107249101829105
0.4068472581547501 2
	a 100 106 0.986620689469499
	a 106 100 0.986620689469499
2.41666189130215 2
	a 100 127 0.9255988796696035
	a 127 100 0.9255988796696035
2.032393751869971 2
	a 101 133 0.9366426742844616
	a 133 101 0.9366426742844616
3.062137488767611 2
	a 101 153 0.9076730883445245
	a 153 101 0.9076730883445245
1.856596163670476 2
	a 102 115 0.9417901611608843
	a 115 102 0.9417901611608843
2.186738306749592 2
	a 102 142 0.9321728157196153
	a 142 102 0.9321728157196153
3.752723537207481 2
	a 102 149 0.8893296948570675
	a 149 102 0.8893296948570675
1.919992373703698 2
	a 102 116 0.9399269132397978
	a 116 102 0.9399269132397978
2.475863967197359 2
	a 102 124 0.9239224343355954
	a 124 102 0.9239224343355954
9.708160157386549 2
	a 103 113 0.7617519818508846
	a 113 103 0.7617519818508846
1.824403406976611 2
	a 103 138 0.9427393422329253
	a 138 103 0.9427393422329253
4.121849924699263 2
	a 103 121 0.8798658269672368
	a 121 103 0.8798658269672368
0.6780787635912512 2
	a 104 105 0.9779006413097311
	a 105 104 0.9779006413097311
0.3981115513613038 2
	a 104 111 0.986904170385881
	a 111 104 0.986904170385881
4.329319920990492 2
	a 104 170 0.8746479445055874
	a 170 104 0.8746479445055874
0.2712315054364995 2
	a 105 111 0.9910401999457994
	a 111 105 0.9910401999457994
6.912358436341259 2
	a 105 123 0.8153818738953389
	a 123 105 0.8153818738953389
5.581429164077025 2
	a 105 144 0.8446442828158616
	a 144 105 0.8446442828158616
1.220541774464252 2
	a 106 127 0.9609265242053444
	a 127 106 0.9609265242053444
3.308234250867867 2
	a 107 150 0.9010391880588817
	a 150 107 0.9010391880588817
5.846402861425346 2
	a 107 183 0.83860962923067
	a 183 107 0.83860962923067
6.750284208486055 2
	a 107 212 0.818808035223725
	a 212 107 0.818808035223725
0.6780787635912512 2
	a 107 117 0.9779006413097311
	a 117 107 0.9779006413097311
3.239634536731245 2
	a 107 119 0.9028774666115541
	a 119 107 0.9028774666115541
2.576699301646753 2
	a 108 116 0.9210822340862695
	a 116 108 0.9210822340862695
1.77060656361697 2
	a 108 140 0.9443300583142001
	a 140 108 0.9443300583142001
5.850992469180388 2
	a 108 157 0.8385060393873531
	a 157 108 0.8385060393873531
1.500957395660036 2
	a 109 134 0.9523898336922578
	a 134 109 0.9523898336922578
0.9708242887516226 2
	a 109 126 0.9686641806166716
	a 126 109 0.9686641806166716
2.530848130992572 2
	a 110 130 0.9223713442144343
	a 130 110 0.9223713442144343
3.661625323392755 2
	a 110 158 0.8917013720717077
	a 158 110 0.8917013720717077
3.091817552274588 2
	a 110 162 0.9068672349899247
	a 162 110 0.9068672349899247
2.765771239994866 2
	a 110 156 0.9158078893248713
	a 156 110 0.9158078893248713
4.631739460255269 2
	a 111 170 0.8671701878721803
	a 170 111 0.8671701878721803
3.951112128590009 2
	a 111 144 0.884214358916671
	a 144 111 0.884214358916671
2.742353062089703 2
	a 111 159 0.9164575605385539
	a 159 111 0.9164575605385539
0.3002129760370238 2
	a 112 115 0.9900923780751469
	a 115 112 0.9900923780751469
2.33892697800825 2
	a 112 142 0.9278101974076085
	a 142 112 0.9278101974076085
3.726197258714694 2
	a 113 130 0.8900188018530357
	a 130 113 0.8900188018530357
3.029928462703945 2
	a 113 162 0.9085494124011566
	a 162 113 0.9085494124011566
7.650816379876582 2
	a 113 121 0.8002314487672586
	a 121 113 0.8002314487672586
5.68211811940346 2
	a 114 135 0.8423385719411774
	a 135 114 0.8423385719411774
1.385168937220699 2
	a 114 125 0.9558954480381517
	a 125 114 0.9558954480381517
1.219789830320679 2
	a 114 133 0.9609496308512027
	a 133 114 0.9609496308512027
1.255322192733106 2
	a 115 142 0.9598590144779089
	a 142 115 0.9598590144779089
0.5488408072586609 2
	a 116 124 0.9820359572016657
	a 124 116 0.9820359572016657
2.901514589054324 2
	a 117 143 0.9120619872345728
	a 143 117 0.9120619872345728
1.250070526955394 2
	a 117 139 0.9600200443887001
	a 139 117 0.9600200443887001
0.487629339878578 2
	a 117 126 0.9840070514701087
	a 126 117 0.9840070514701087
2.034236290773753 2
	a 117 119 0.9365890421708762
	a 119 117 0.9365890421708762
8.794731596950227 2
	a 118 173 0.7781867521911203
	a 173 118 0.7781867521911203
9.429307213906714 2
	a 118 148 0.7666635142840357
	a 148 118 0.7666635142840357
1.385168937220699 2
	a 118 146 0.9558954480381517
	a 146 118 0.9558954480381517
1.084926021746002 2
	a 118 143 0.9651126791441141
	a 143 118 0.9651126791441141
1.627389032619001 2
	a 118 134 0.9485927660071689
	a 134 118 0.9485927660071689
5.928651283954915 2
	a 119 212 0.8367580363657087
	a 212 119 0.8367580363657087
1.756468616875567 2
	a 120 142 0.9447490500526149
	a 142 120 0.9447490500526149
0.5424630108730013 2
	a 120 131 0.9822409559256213
	a 131 120 0.9822409559256213
4.88593129841523 2
	a 121 167 0.8610005006573952
	a 167 121 0.8610005006573952
4.475319839702255 2
	a 121 162 0.8710190624083465
	a 162 121 0.8710190624083465
3.38616584316741 2
	a 121 175 0.8989610164076816
	a 175 121 0.8989610164076816
4.173913955860647 2
	a 121 180 0.878549622768362
	a 180 121 0.878549622768362
2.453202868752269 2
	a 121 165 0.9245633548803185
	a 165 121 0.9245633548803185
4.392354294633887 2
	a 121 186 0.8730768679771741
	a 186 121 0.8730768679771741
3.634272154970918 2
	a 122 125 0.8924163086396932
	a 125 122 0.8924163086396932
0.5753689120435835 2
	a 122 133 0.9811842105722803
	a 133 122 0.9811842105722803
8.3711397804379 2
	a 123 157 0.7861545681935967
	a 157 123 0.7861545681935967
2.242330946783579 2
	a 123 132 0.93057407164462
	a 132 123 0.93057407164462
3.062137488767611 2
	a 123 144 0.9076730883445245
	a 144 123 0.9076730883445245
5.574298365744923 2
	a 123 209 0.8448081610239953
	a 209 123 0.8448081610239953
1.220770282487056 2
	a 124 149 0.9609195025649143
	a 149 124 0.9609195025649143
0.2591518306177774 2
	a 124 129 0.9914357996108145
	a 129 124 0.9914357996108145
0.4498654971040983 2
	a 125 133 0.9852271177182471
	a 133 125 0.9852271177182471
0.7241308354215087 2
	a 126 143 0.9764356703146633
	a 143 126 0.9764356703146633
0.99986533083179 2
	a 126 134 0.9677576919995778
	a 134 126 0.9677576919995778
1.2777003560333 2
	a 126 139 0.9591734726358991
	a 139 126 0.9591734726358991
0.3981115513613038 2
	a 127 135 0.986904170385881
	a 135 127 0.986904170385881
9.893066431863666 2
	a 128 145 0.7585451489896844
	a 145 128 0.7585451489896844
6.893581590039225 2
	a 128 133 0.815776912894812
	a 133 128 0.815776912894812
12.95461184485754 2
	a 128 178 0.7108121196826092
	a 178 128 0.7108121196826092
11.28473496649807 2
	a 128 168 0.7356369879121887
	a 168 128 0.7356369879121887
2.051680644497453 2
	a 128 163 0.9360816030474183
	a 163 128 0.9360816030474183
4.685929575736217 2
	a 128 153 0.8658461147093885
	a 153 128 0.8658461147093885
2.634213757033034 2
	a 129 149 0.9194707711166392
	a 149 129 0.9194707711166392
0.4217785570495555 2
	a 129 137 0.9861365385453571
	a 137 129 0.9861365385453571
0.4518359985116184 2
	a 129 140 0.9851633791903387
	a 140 129 0.9851633791903387
1.539937485710144 2
	a 130 158 0.9512157467897526
	a 158 130 0.9512157467897526
2.27252501659598 2
	a 131 142 0.9297082244800632
	a 142 131 0.9297082244800632
2.142852660404808 2
	a 131 149 0.933439079399739
	a 149 131 0.933439079399739
0.4068472581547501 2
	a 131 141 0.986620689469499
	a 141 131 0.986620689469499
5.160912922974297 2
	a 132 209 0.8544428914310472
	a 209 132 0.8544428914310472
9.575016562306701 2
	a 133 135 0.7640856971623218
	a 135 133 0.7640856971623218
10.19886172296563 2
	a 133 145 0.7533277192617462
	a 145 133 0.7533277192617462
1.088420984350353 2
	a 133 153 0.9650043216734201
	a 153 133 0.9650043216734201
0.2756047834633315 2
	a 134 143 0.9908970571258108
	a 143 134 0.9908970571258108
0.3835792746957232 2
	a 135 145 0.9873761207069657
	a 145 135 0.9873761207069657
1.763004785337253 2
	a 136 156 0.9445552952885187
	a 156 136 0.9445552952885187
1.027006667447879 2
	a 136 152 0.9669120859946405
	a 152 136 0.9669120859946405
3.467940379051728 2
	a 136 161 0.8967919441455474
	a 161 136 0.8967919441455474
0.6981164340668319 2
	a 137 149 0.9772626664842042
	a 149 137 0.9772626664842042
3.01976160739259 2
	a 138 149 0.9088264171170091
	a 149 138 0.9088264171170091
1.79492653203141 2
	a 138 167 0.9436102358083185
	a 167 138 0.9436102358083185
0.1917896373478611 2
	a 139 143 0.9936477087493498
	a 143 139 0.9936477087493498
4.257084122497241 2
	a 140 149 0.8764564953091178
	a 149 140 0.8764564953091178
0.99986533083179 2
	a 140 157 0.9677576919995778
	a 157 140 0.9677576919995778
0.5424630108730013 2
	a 141 149 0.9822409559256213
	a 149 141 0.9822409559256213
0.5424630108730013 2
	a 142 149 0.9822409559256213
	a 149 142 0.9822409559256213
1.506073016235147 2
	a 143 150 0.9522355763484072
	a 150 143 0.9522355763484072
0.2701555345749592 2
	a 143 147 0.9910754242055927
	a 147 143 0.9910754242055927
3.359696948220123 2
	a 144 159 0.8996656417287209
	a 159 144 0.8996656417287209
3.519146532084569 2
	a 144 172 0.8954397076188307
	a 172 144 0.8954397076188307
4.802481758807511 2
	a 144 209 0.8630144526136762
	a 209 144 0.8630144526136762
1.208722079564016 2
	a 145 154 0.9612898680661656
	a 154 145 0.9612898680661656
2.18362772891422 2
	a 145 178 0.9322624454914153
	a 178 145 0.9322624454914153
1.356157527182502 2
	a 146 164 0.9567780459285045
	a 164 146 0.9567780459285045
0.4068472581547501 2
	a 146 150 0.986620689469499
	a 150 146 0.986620689469499
0.953531833712017 2
	a 146 147 0.9692047824526964
	a 147 146 0.9692047824526964
0.3981115513613038 2
	a 147 150 0.986904170385881
	a 150 147 0.986904170385881
1.469582609899217 2
	a 148 173 0.9533370662617073
	a 173 148 0.9533370662617073
1.73006200572298 2
	a 148 161 0.9455326939779243
	a 161 148 0.9455326939779243
4.541334491565813 2
	a 149 157 0.8693898039198049
	a 157 149 0.8693898039198049
0.4068472581547501 2
	a 149 155 0.986620689469499
	a 155 149 0.986620689469499
3.818470140015264 2
	a 150 206 0.8876269555732754
	a 206 150 0.8876269555732754
1.465260119971778 2
	a 150 164 0.9534677214128324
	a 164 150 0.9534677214128324
2.282589152015704 2
	a 150 171 0.9294200117271385
	a 171 150 0.9294200117271385
2.312028244412198 2
	a 150 182 0.9285780558511455
	a 182 150 0.9285780558511455
8.83752237663859 2
	a 151 160 0.7773942945229065
	a 160 151 0.7773942945229065
4.685929575736217 2
	a 151 218 0.8658461147093885
	a 218 151 0.8658461147093885
2.034236290773753 2
	a 152 156 0.9365890421708762
	a 156 152 0.9365890421708762
1.136700603685834 2
	a 152 173 0.9635100456234142
	a 173 152 0.9635100456234142
1.08956430651522 2
	a 152 161 0.9649688797076414
	a 161 152 0.9649688797076414
3.663635108163312 2
	a 153 163 0.8916488932240128
	a 163 153 0.8916488932240128
2.095098294441181 2
	a 153 177 0.9348211855137938
	a 177 153 0.9348211855137938
0.5575248444503217 2
	a 153 160 0.9817569700886031
	a 160 153 0.9817569700886031
1.469582609899217 2
	a 154 178 0.9533370662617073
	a 178 154 0.9533370662617073
4.94657604112628 2
	a 155 157 0.8595439282580053
	a 157 155 0.8595439282580053
2.46120671609512 2
	a 155 192 0.9243368726246833
	a 192 155 0.9243368726246833
0.5488408072586609 2
	a 156 162 0.9820359572016657
	a 162 156 0.9820359572016657
3.275197078169178 2
	a 156 173 0.901923441536914
	a 173 156 0.901923441536914
2.54793283626059 2
	a 157 194 0.921890545414634
	a 194 157 0.921890545414634
0.4068472581547501 2
	a 158 162 0.986620689469499
	a 162 158 0.986620689469499
4.600508024865599 2
	a 159 178 0.8679354677553255
	a 178 159 0.8679354677553255
4.72666027077134 2
	a 159 170 0.8648540511317198
	a 170 159 0.8648540511317198
0.7884591958105146 2
	a 159 172 0.9743968235948948
	a 172 159 0.9743968235948948
1.28340913278765 2
	a 160 184 0.9589987512963922
	a 184 160 0.9589987512963922
2.175060339351996 2
	a 160 188 0.9325094067293824
	a 188 160 0.9325094067293824
5.674153939668277 2
	a 160 218 0.8425203832639898
	a 218 160 0.8425203832639898
0.487629339878578 2
	a 161 173 0.9840070514701087
	a 173 161 0.9840070514701087
0.9569120473074697 2
	a 162 180 0.9690990602062898
	a 180 162 0.9690990602062898
3.797050097487501 2
	a 162 173 0.8881808833759338
	a 173 162 0.8881808833759338
10.23029027585187 2
	a 163 168 0.7527974933553281
	a 168 163 0.7527974933553281
0.7884591958105146 2
	a 163 177 0.9743968235948948
	a 177 163 0.9743968235948948
2.14587465855103 2
	a 164 173 0.9333517647225644
	a 173 164 0.9333517647225644
0.8760307355373775 2
	a 164 179 0.9716353150712305
	a 179 164 0.9716353150712305
1.084926021746002 2
	a 164 171 0.9651126791441141
	a 171 164 0.9651126791441141
1.497669554474284 2
	a 165 175 0.9524890036221754
	a 175 165 0.9524890036221754
1.638651373898715 2
	a 165 190 0.9482560787641147
	a 190 165 0.9482560787641147
10.51884048249666 2
	a 166 168 0.7479809841115875
	a 168 166 0.7479809841115875
1.807723071719 2
	a 166 169 0.9432319521227779
	a 169 166 0.9432319521227779
7.590911375891364 2
	a 166 200 0.8014328706187845
	a 200 166 0.8014328706187845
3.270206798193255 2
	a 166 211 0.9020571778152066
	a 211 166 0.9020571778152066
1.200526638806247 2
	a 166 185 0.9615419685147637
	a 185 166 0.9615419685147637
0.3835792746957232 2
	a 167 175 0.9873761207069657
	a 175 167 0.9873761207069657
0.5753689120435835 2
	a 168 178 0.9811842105722803
	a 178 168 0.9811842105722803
10.16664317667612 2
	a 168 169 0.753872427432473
	a 169 168 0.753872427432473
9.793162153802987 2
	a 168 200 0.7602728806260485
	a 200 168 0.7602728806260485
0.9493102690277512 2
	a 169 177 0.9693368529259123
	a 177 169 0.9693368529259123
0.8241254245324514 2
	a 169 185 0.9732701672041728
	a 185 169 0.9732701672041728
0.4217785570495555 2
	a 170 178 0.9861365385453571
	a 178 170 0.9861365385453571
0.487629339878578 2
	a 171 179 0.9840070514701087
	a 179 171 0.9840070514701087
2.699124514751566 2
	a 171 206 0.9176594819752828
	a 206 171 0.9176594819752828
0.4068472581547501 2
	a 172 178 0.986620689469499
	a 178 172 0.986620689469499
5.943284323124765 2
	a 172 209 0.8364296769858117
	a 209 172 0.8364296769858117
3.149129384164731 2
	a 172 176 0.9053156472504522
	a 176 172 0.9053156472504522
4.097873299206507 2
	a 172 207 0.8804735058855586
	a 207 172 0.8804735058855586
3.829907592875413 2
	a 173 180 0.8873315038926329
	a 180 173 0.8873315038926329
0.8266086393752234 2
	a 173 186 0.9731918249221194
	a 186 173 0.9731918249221194
1.768027563368052 2
	a 173 179 0.9444064600374136
	a 179 173 0.9444064600374136
1.064816194648925 2
	a 174 175 0.9657366530214315
	a 175 174 0.9657366530214315
2.50300615819269 2
	a 174 187 0.9231560490119362
	a 187 174 0.9231560490119362
2.269823247926651 2
	a 174 199 0.9297856295987349
	a 199 174 0.9297856295987349
3.651565893839651 2
	a 174 202 0.8919641463310449
	a 202 174 0.8919641463310449
2.672255078678625 2
	a 175 192 0.9184083041060768
	a 192 175 0.9184083041060768
1.058859358600752 2
	a 175 187 0.9659216442099845
	a 187 175 0.9659216442099845
1.815014601841224 2
	a 175 190 0.9430165485390745
	a 190 175 0.9430165485390745
5.994004415738286 2
	a 176 209 0.8352940151386815
	a 209 176 0.8352940151386815
7.261502719651873 2
	a 176 223 0.808125730970461
	a 223 176 0.808125730970461
4.916186675588913 2
	a 176 207 0.8602730874222531
	a 207 176 0.8602730874222531
2.556506482229538 2
	a 176 210 0.9216494716389685
	a 210 176 0.9216494716389685
2.876193586522771 2
	a 176 204 0.912758162839526
	a 204 176 0.912758162839526
0.3787603181002073 2
	a 177 185 0.9875327221522295
	a 185 177 0.9875327221522295
1.331452545646097 2
	a 177 184 0.9575309786773523
	a 184 177 0.9575309786773523
2.255077037411157 2
	a 178 207 0.9302083513075068
	a 207 178 0.9302083513075068
4.590705483191819 2
	a 178 219 0.8681759931891806
	a 219 178 0.8681759931891806
9.591444236375946 2
	a 178 200 0.7637966345614648
	a 200 178 0.7637966345614648
1.823289603840587 2
	a 179 190 0.9427722184180183
	a 190 179 0.9427722184180183
0.2591518306177774 2
	a 179 181 0.9914357996108145
	a 181 179 0.9914357996108145
2.118200225452055 2
	a 179 206 0.9341520203443309
	a 206 179 0.9341520203443309
0.3403795954308141 2
	a 180 186 0.9887817766713458
	a 186 180 0.9887817766713458
1.578980655167365 2
	a 181 186 0.950042814427622
	a 186 181 0.950042814427622
0.6780787635912512 2
	a 181 190 0.9779006413097311
	a 190 181 0.9779006413097311
2.032516646865084 2
	a 182 206 0.9366390968858282
	a 206 182 0.9366390968858282
0.9427373486970791 2
	a 182 183 0.9695425589084239
	a 183 182 0.9695425589084239
1.909465354596798 2
	a 183 206 0.9402357628707414
	a 206 183 0.9402357628707414
4.12219452432692 2
	a 183 212 0.8798571002926421
	a 212 183 0.8798571002926421
1.843510156679232 2
	a 184 185 0.9421757472716881
	a 185 184 0.9421757472716881
0.4068472581547501 2
	a 184 188 0.986620689469499
	a 188 184 0.986620689469499
2.183788600840618 2
	a 185 211 0.9322578095901206
	a 211 185 0.9322578095901206
3.730077451426218 2
	a 185 189 0.8899179250268286
	a 189 185 0.8899179250268286
0.4068472581547501 2
	a 186 190 0.986620689469499
	a 190 186 0.986620689469499
2.88852404199142 2
	a 187 192 0.9124190025155861
	a 192 187 0.9124190025155861
2.744018681203014 2
	a 187 195 0.916411319127773
	a 195 187 0.916411319127773
4.129641393252833 2
	a 187 231 0.8796685640275791
	a 231 187 0.8796685640275791
3.331367662815472 2
	a 187 202 0.9004211710931115
	a 202 187 0.9004211710931115
0.9734804588843621 2
	a 188 189 0.9685811978441778
	a 189 188 0.9685811978441778
2.332015407060942 2
	a 188 218 0.9280073655309269
	a 218 188 0.9280073655309269
3.643153684862739 2
	a 189 211 0.8921840269353614
	a 211 189 0.8921840269353614
1.515225646537176 2
	a 189 208 0.9519597175154471
	a 208 189 0.9519597175154471
1.084926021746002 2
	a 190 199 0.9651126791441141
	a 199 190 0.9651126791441141
1.708642085249394 2
	a 190 206 0.9461693667773177
	a 206 190 0.9461693667773177
1.248857222541599 2
	a 191 194 0.9600572555169801
	a 194 191 0.9600572555169801
1.783013673629581 2
	a 191 213 0.943962686808074
	a 213 191 0.943962686808074
3.795324441280463 2
	a 191 209 0.8882255437282218
	a 209 191 0.8882255437282218
2.391083679933991 2
	a 191 217 0.9263252359969363
	a 217 191 0.9263252359969363
0.7884591958105146 2
	a 192 197 0.9743968235948948
	a 197 192 0.9743968235948948
0.1917896373478611 2
	a 192 195 0.9936477087493498
	a 195 192 0.9936477087493498
0.9763801406626829 2
	a 193 199 0.9684906241748837
	a 199 193 0.9684906241748837
0.9569120473074697 2
	a 193 202 0.9690990602062898
	a 202 193 0.9690990602062898
3.530480736151649 2
	a 194 197 0.8951410208561075
	a 197 194 0.8951410208561075
1.544057975973908 2
	a 194 213 0.9510918151397368
	a 213 194 0.9510918151397368
0.4217785570495555 2
	a 195 197 0.9861365385453571
	a 197 195 0.9861365385453571
0.487629339878578 2
	a 196 201 0.9840070514701087
	a 201 196 0.9840070514701087
0.4068472581547501 2
	a 196 198 0.986620689469499
	a 198 196 0.986620689469499
3.203721980076599 2
	a 197 231 0.9038431795138762
	a 231 197 0.9038431795138762
2.556506482229538 2
	a 198 224 0.9216494716389685
	a 224 198 0.9216494716389685
0.5294379043957786 2
	a 198 201 0.9826598871066465
	a 201 198 0.9826598871066465
1.766150822171435 2
	a 198 203 0.9444620659100418
	a 203 198 0.9444620659100418
2.186272290338525 2
	a 199 202 0.9321862425698215
	a 202 199 0.9321862425698215
0.2701555345749592 2
	a 199 206 0.9910754242055927
	a 206 199 0.9910754242055927
3.572061642504762 2
	a 200 219 0.8940471828634293
	a 219 200 0.8940471828634293
4.236394759563022 2
	a 200 211 0.8769760965714046
	a 211 200 0.8769760965714046
1.088420984350353 2
	a 200 216 0.9650043216734201
	a 216 200 0.9650043216734201
3.634272154970918 2
	a 201 235 0.8924163086396932
	a 235 201 0.8924163086396932
2.150921517418988 2
	a 201 212 0.9332059849018299
	a 212 201 0.9332059849018299
3.065108206077205 2
	a 201 224 0.907592357572385
	a 224 201 0.907592357572385
1.747407382549822 2
	a 202 206 0.9450177962407605
	a 206 202 0.9450177962407605
2.637735182791266 2
	a 202 229 0.9193723069963453
	a 229 202 0.9193723069963453
2.562494288395106 2
	a 203 224 0.9214811882090893
	a 224 203 0.9214811882090893
4.204088334265754 2
	a 203 240 0.8777888882104756
	a 240 203 0.8777888882104756
6.885695059363525 2
	a 204 207 0.815942982168682
	a 207 204 0.815942982168682
0.487629339878578 2
	a 204 210 0.9840070514701087
	a 210 204 0.9840070514701087
4.223633999831525 2
	a 204 241 0.8772969331155145
	a 241 204 0.8772969331155145
8.638960915856069 2
	a 204 226 0.7810906937161889
	a 226 204 0.7810906937161889
5.502705724958935 2
	a 204 244 0.8464578097702311
	a 244 204 0.8464578097702311
2.998825857758833 2
	a 205 211 0.9093974213385241
	a 211 205 0.9093974213385241
2.03569844557326 2
	a 205 208 0.9365464868607635
	a 208 205 0.9365464868607635
1.334528378725622 2
	a 205 220 0.9574371690344996
	a 220 205 0.9574371690344996
2.436550565270745 2
	a 206 229 0.9250349471239631
	a 229 206 0.9250349471239631
1.165489355260694 2
	a 207 219 0.9626213070482963
	a 219 207 0.9626213070482963
5.831477366884758 2
	a 207 226 0.8389467246582207
	a 226 207 0.8389467246582207
1.555485357104156 2
	a 208 220 0.9507482928019515
	a 220 208 0.9507482928019515
0.7884591958105146 2
	a 208 218 0.9743968235948948
	a 218 208 0.9743968235948948
0.5488408072586609 2
	a 209 217 0.9820359572016657
	a 217 209 0.9820359572016657
5.965611508463508 2
	a 210 223 0.8359292809759143
	a 223 210 0.8359292809759143
3.694700120421774 2
	a 210 233 0.8908386273663105
	a 233 210 0.8908386273663105
3.755574451561123 2
	a 210 241 0.889255705514175
	a 241 210 0.889255705514175
0.487629339878578 2
	a 211 216 0.9840070514701087
	a 216 211 0.9840070514701087
3.001266697199406 2
	a 212 235 0.9093308085335183
	a 235 212 0.9093308085335183
3.644185060744261 2
	a 213 217 0.8921570619193075
	a 217 213 0.8921570619193075
2.14587465855103 2
	a 213 231 0.9333517647225644
	a 231 213 0.9333517647225644
0.8678838813832842 2
	a 214 222 0.9718915409211399
	a 222 214 0.9718915409211399
0.9493102690277512 2
	a 214 216 0.9693368529259123
	a 216 214 0.9693368529259123
0.5753689120435835 2
	a 215 220 0.9811842105722803
	a 220 215 0.9811842105722803
2.010524034629345 2
	a 215 218 0.9372797553858452
	a 218 215 0.9372797553858452
1.28340913278765 2
	a 216 222 0.9589987512963922
	a 222 216 0.9589987512963922
0.5294379043957786 2
	a 216 221 0.9826598871066465
	a 221 216 0.9826598871066465
2.349454702317066 2
	a 216 227 0.927510044896372
	a 227 216 0.927510044896372
2.31035673053417 2
	a 217 231 0.9286258167900767
	a 231 217 0.9286258167900767
0.6780787635912512 2
	a 217 223 0.9779006413097311
	a 223 217 0.9779006413097311
0.4217785570495555 2
	a 218 220 0.9861365385453571
	a 220 218 0.9861365385453571
0.2701555345749592 2
	a 219 222 0.9910754242055927
	a 222 219 0.9910754242055927
5.031169092760917 2
	a 219 226 0.8575219738541584
	a 226 219 0.8575219738541584
1.073984289667288 2
	a 220 227 0.9654520788045102
	a 227 220 0.9654520788045102
0.1356157527182506 2
	a 221 222 0.9954998486103701
	a 222 221 0.9954998486103701
1.796300025772315 2
	a 221 227 0.9435696179424742
	a 227 221 0.9435696179424742
1.220770282487056 2
	a 222 226 0.9609195025649143
	a 226 222 0.9609195025649143
2.453409804829343 2
	a 222 238 0.9245574977557116
	a 238 222 0.9245574977557116
1.106545252170832 2
	a 223 231 0.9644428034543762
	a 231 223 0.9644428034543762
2.269823247926651 2
	a 223 233 0.9297856295987349
	a 233 223 0.9297856295987349
0.4217785570495555 2
	a 224 228 0.9861365385453571
