0.8266086393752234 2
	a 0 82 0.9731918249221194
	a 82 0 0.9731918249221194
2.940476212759436 2
	a 0 221 0.9109930691223997
	a 221 0 0.9109930691223997
1.226919570849912 2
	a 1 100 0.9607305861620523
	a 100 1 0.9607305861620523
0.5424630108730013 2
	a 1 53 0.9822409559256213
	a 53 1 0.9822409559256213
2.239509420363549 2
	a 1 47 0.9306550710037038
	a 47 1 0.9306550710037038
1.360345102038611 2
	a 2 93 0.9566505442427642
	a 93 2 0.9566505442427642
0.6780787635912512 2
	a 2 70 0.9779006413097311
	a 70 2 0.9779006413097311
2.366721236665802 2
	a 3 240 0.9270182202292871
	a 240 3 0.9270182202292871
3.452349856503486 2
	a 4 303 0.8972045714610608
	a 303 4 0.8972045714610608
8.499580609978642 2
	a 4 138 0.7837147667637491
	a 138 4 0.7837147667637491
0.8678838813832842 2
	a 4 101 0.9718915409211399
	a 101 4 0.9718915409211399
8.529826634185909 2
	a 4 75 0.7831432602371635
	a 75 4 0.7831432602371635
0.3981115513613038 2
	a 5 47 0.986904170385881
	a 47 5 0.986904170385881
1.610305792001114 2
	a 6 175 0.9491039515862004
	a 175 6 0.9491039515862004
3.316888434511829 2
	a 6 253 0.9008078770067831
	a 253 6 0.9008078770067831
3.119927528924991 2
	a 6 190 0.9061054804112786
	a 190 6 0.9061054804112786
0.9493102690277512 2
	a 7 111 0.9693368529259123
	a 111 7 0.9693368529259123
1.342527456914504 2
	a 7 64 0.9571932956869043
	a 64 7 0.9571932956869043
0.754358709720538 2
	a 8 93 0.9754765278968778
	a 93 8 0.9754765278968778
0.1917896373478611 2
	a 9 34 0.9936477087493498
	a 34 9 0.9936477087493498
1.898123741389095 2
	a 10 208 0.9405687543263987
	a 208 10 0.9405687543263987
0.8266086393752234 2
	a 10 51 0.9731918249221194
	a 51 10 0.9731918249221194
0.937918387581039 2
	a 11 120 0.9696934302974852
	a 120 11 0.9696934302974852
0.4068472581547501 2
	a 12 60 0.986620689469499
	a 60 12 0.986620689469499
0.4068472581547501 2
	a 13 61 0.986620689469499
	a 61 13 0.986620689469499
1.936327367967538 2
	a 13 146 0.9394480937639456
	a 146 13 0.9394480937639456
1.963677720102243 2
	a 13 27 0.9386475531473715
	a 27 13 0.9386475531473715
0.4068472581547501 2
	a 14 62 0.986620689469499
	a 62 14 0.986620689469499
0.69040501949209 2
	a 15 100 0.9775080875824138
	a 100 15 0.9775080875824138
0.5753689120435835 2
	a 16 90 0.9811842105722803
	a 90 16 0.9811842105722803
1.213897940656483 2
	a 17 63 0.9611307240392923
	a 63 17 0.9611307240392923
0.5424630108730013 2
	a 17 83 0.9822409559256213
	a 83 17 0.9822409559256213
3.372931151585412 2
	a 18 148 0.8993131801444768
	a 148 18 0.8993131801444768
0.1356157527182506 2
	a 18 37 0.9954998486103701
	a 37 18 0.9954998486103701
5.224629913988475 2
	a 18 100 0.8529404823544416
	a 100 18 0.8529404823544416
0.6780787635912512 2
	a 19 100 0.9779006413097311
	a 100 19 0.9779006413097311
3.9466651117579 2
	a 20 196 0.8843282829846608
	a 196 20 0.8843282829846608
4.555805786347921 2
	a 20 422 0.8690336058528716
	a 422 20 0.8690336058528716
1.145918862971128 2
	a 21 146 0.9632252827475176
	a 146 21 0.9632252827475176
7.101252537232306 2
	a 21 260 0.8114351911869206
	a 260 21 0.8114351911869206
0.4068472581547501 2
	a 22 67 0.986620689469499
	a 67 22 0.986620689469499
5.565177410762203 2
	a 23 283 0.8450178900961389
	a 283 23 0.8450178900961389
7.649985801199058 2
	a 23 78 0.8002480736168405
	a 78 23 0.8002480736168405
3.664091061885526 2
	a 23 141 0.8916369884869029
	a 141 23 0.8916369884869029
0.4068472581547501 2
	a 23 68 0.986620689469499
	a 68 23 0.986620689469499
0.6027356872459425 2
	a 24 93 0.9803071135846667
	a 93 24 0.9803071135846667
1.816016748007512 2
	a 24 31 0.9429869517053826
	a 31 24 0.9429869517053826
0.2712315054364995 2
	a 24 38 0.9910401999457994
	a 38 24 0.9910401999457994
2.339833632602524 2
	a 24 44 0.9277843397836837
	a 44 24 0.9277843397836837
1.116507928925421 2
	a 25 148 0.9641344329707731
	a 148 25 0.9641344329707731
7.00551853397821 2
	a 25 100 0.8134292101058971
	a 100 25 0.8134292101058971
5.821280535971523 2
	a 26 381 0.8391772151544274
	a 381 26 0.8391772151544274
5.961215623290699 2
	a 26 179 0.8360277425057525
	a 179 26 0.8360277425057525
1.779636127143931 2
	a 26 159 0.9440626650378614
	a 159 26 0.9440626650378614
5.545176505717184 2
	a 26 529 0.8454782416134083
	a 529 26 0.8454782416134083
6.368166880645686 2
	a 26 312 0.8270338360530369
	a 312 26 0.8270338360530369
5.834988928857242 2
	a 27 305 0.8388673851168398
	a 305 27 0.8388673851168398
1.08956430651522 2
	a 27 146 0.9649688797076414
	a 146 27 0.9649688797076414
1.654092624187943 2
	a 27 182 0.9477948739037747
	a 182 27 0.9477948739037747
3.286013903619113 2
	a 28 164 0.9016337103011201
	a 164 28 0.9016337103011201
1.856596163670476 2
	a 28 129 0.9417901611608843
	a 129 28 0.9417901611608843
1.220541774464252 2
	a 28 160 0.9609265242053444
	a 160 28 0.9609265242053444
0.9779391025070049 2
	a 29 138 0.9684419361045216
	a 138 29 0.9684419361045216
0.2701555345749592 2
	a 30 60 0.9910754242055927
	a 60 30 0.9910754242055927
0.5294379043957786 2
	a 31 93 0.9826598871066465
	a 93 31 0.9826598871066465
0.1516230224745966 2
	a 31 46 0.9949713573345427
	a 46 31 0.9949713573345427
1.545598435309036 2
	a 32 58 0.9510454916119191
	a 58 32 0.9510454916119191
0.5294379043957786 2
	a 32 93 0.9826598871066465
	a 93 32 0.9826598871066465
2.328550370332689 2
	a 33 148 0.928106247700934
	a 148 33 0.928106247700934
0.5753689120435835 2
	a 33 100 0.9811842105722803
	a 100 33 0.9811842105722803
1.63627500166646 2
	a 34 200 0.9483270992762396
	a 200 34 0.9483270992762396
0.69040501949209 2
	a 35 57 0.9775080875824138
	a 57 35 0.9775080875824138
2.045235026673858 2
	a 35 240 0.9362690310043765
	a 240 35 0.9362690310043765
1.736938122192002 2
	a 36 211 0.945328505136072
	a 211 36 0.945328505136072
4.565132945082649 2
	a 36 256 0.8688042081798639
	a 256 36 0.8688042081798639
1.480139288171238 2
	a 36 140 0.9530181296014415
	a 140 36 0.9530181296014415
0.5424630108730013 2
	a 37 100 0.9822409559256213
	a 100 37 0.9822409559256213
0.487629339878578 2
	a 38 93 0.9840070514701087
	a 93 38 0.9840070514701087
0.6773268194476793 2
	a 38 44 0.9779245988827807
	a 44 38 0.9779245988827807
2.073285431844619 2
	a 39 206 0.9354539584735182
	a 206 39 0.9354539584735182
0.4151947874586657 2
	a 39 86 0.9863499594430311
	a 86 39 0.9863499594430311
6.150732675141859 2
	a 40 105 0.8318089174626211
	a 105 40 0.8318089174626211
0.3002129760370238 2
	a 40 71 0.9900923780751469
	a 71 40 0.9900923780751469
1.555485357104156 2
	a 41 76 0.9507482928019515
	a 76 41 0.9507482928019515
0.2701555345749592 2
	a 41 69 0.9910754242055927
	a 69 41 0.9910754242055927
0.9006357637435058 2
	a 41 63 0.9708623092235582
	a 63 41 0.9708623092235582
0.5753689120435835 2
	a 42 105 0.9811842105722803
	a 105 42 0.9811842105722803
1.073984289667288 2
	a 43 152 0.9654520788045102
	a 152 43 0.9654520788045102
9.922928658970218 2
	a 43 114 0.7580309454045611
	a 114 43 0.7580309454045611
0.4518359985116184 2
	a 44 93 0.9851633791903387
	a 93 44 0.9851633791903387
0.4217785570495555 2
	a 44 62 0.9861365385453571
	a 62 44 0.9861365385453571
9.2569263289812 2
	a 45 206 0.7697457035511326
	a 206 45 0.7697457035511326
1.088420984350353 2
	a 45 157 0.9650043216734201
	a 157 45 0.9650043216734201
2.034236290773753 2
	a 45 178 0.9365890421708762
	a 178 45 0.9365890421708762
4.207939735752976 2
	a 45 163 0.8776918995500236
	a 163 45 0.8776918995500236
0.4068472581547501 2
	a 46 93 0.986620689469499
	a 93 46 0.986620689469499
0.4518359985116184 2
	a 47 100 0.9851633791903387
	a 100 47 0.9851633791903387
0.3002129760370238 2
	a 47 53 0.9900923780751469
	a 53 47 0.9900923780751469
1.255322192733106 2
	a 47 52 0.9598590144779089
	a 52 47 0.9598590144779089
0.9094841310632604 2
	a 48 148 0.9705846336195323
	a 148 48 0.9705846336195323
3.597458264380029 2
	a 48 100 0.8933805828486738
	a 100 48 0.8933805828486738
1.648983906454645 2
	a 49 194 0.947947410385374
	a 194 49 0.947947410385374
0.3981115513613038 2
	a 49 77 0.986904170385881
	a 77 49 0.986904170385881
0.8136945163095008 2
	a 49 138 0.9735993908395411
	a 138 49 0.9735993908395411
0.8136945163095008 2
	a 50 138 0.9735993908395411
	a 138 50 0.9735993908395411
1.340396838508272 2
	a 51 184 0.9572582405959554
	a 184 51 0.9572582405959554
0.4068472581547501 2
	a 52 100 0.986620689469499
	a 100 52 0.986620689469499
0.9771047220678813 2
	a 52 53 0.9684679940818138
	a 53 52 0.9684679940818138
0.4068472581547501 2
	a 53 100 0.986620689469499
	a 100 53 0.986620689469499
0.3002129760370238 2
	a 53 56 0.9900923780751469
	a 56 53 0.9900923780751469
0.2701555345749592 2
	a 54 84 0.9910754242055927
	a 84 54 0.9910754242055927
0.6027356872459425 2
	a 55 119 0.9803071135846667
	a 119 55 0.9803071135846667
6.935560745611768 2
	a 55 489 0.814894411815635
	a 489 55 0.814894411815635
4.638061238294008 2
	a 55 264 0.8670154759142807
	a 264 55 0.8670154759142807
0.3403795954308141 2
	a 56 100 0.9887817766713458
	a 100 56 0.9887817766713458
2.045198491790077 2
	a 57 89 0.9362700936082269
	a 89 57 0.9362700936082269
3.27960455396832 2
	a 57 240 0.9018053610295507
	a 240 57 0.9018053610295507
3.449109530556964 2
	a 57 355 0.8972903855481797
	a 355 57 0.8972903855481797
0.2701555345749592 2
	a 58 93 0.9910754242055927
	a 93 58 0.9910754242055927
1.095073954139329 2
	a 59 174 0.9647981234242353
	a 174 59 0.9647981234242353
5.444344367279031 2
	a 59 211 0.8478084187226442
	a 211 59 0.8478084187226442
1.917722283536849 2
	a 59 64 0.9399934965286649
	a 64 59 0.9399934965286649
0.5575248444503217 2
	a 60 125 0.9817569700886031
	a 125 60 0.9817569700886031
5.934809278849093 2
	a 61 241 0.8366198144554097
	a 241 61 0.8366198144554097
0.7856075762549576 2
	a 61 146 0.9744870187853192
	a 146 61 0.9744870187853192
0.6773268194476793 2
	a 62 93 0.9779245988827807
	a 93 62 0.9779245988827807
0.4498654971040983 2
	a 62 112 0.9852271177182471
	a 112 62 0.9852271177182471
0.2822352093936812 2
	a 63 100 0.9906801146382663
	a 100 63 0.9906801146382663
0.8136945163095008 2
	a 63 83 0.9735993908395411
	a 83 63 0.9735993908395411
1.092903134703467 2
	a 64 177 0.964865394478567
	a 177 64 0.964865394478567
1.881248829170008 2
	a 64 111 0.9410646704958718
	a 111 64 0.9410646704958718
1.355312686248317 2
	a 65 200 0.9568037736390943
	a 200 65 0.9568037736390943
2.528327463599425 2
	a 65 248 0.9224423273567743
	a 248 65 0.9224423273567743
3.603951429086528 2
	a 65 118 0.8932103340386661
	a 118 65 0.8932103340386661
0.2701555345749592 2
	a 66 100 0.9910754242055927
	a 100 66 0.9910754242055927
0.9335495803535225 2
	a 67 104 0.9698302502247143
	a 104 67 0.9698302502247143
0.9660053321561077 2
	a 67 167 0.9688147696277243
	a 167 67 0.9688147696277243
3.024894071444189 2
	a 67 308 0.9086865552536266
	a 308 67 0.9086865552536266
0.1917896373478611 2
	a 67 72 0.9936477087493498
	a 72 67 0.9936477087493498
0.69040501949209 2
	a 68 141 0.9775080875824138
	a 141 68 0.9775080875824138
0.2591518306177774 2
	a 69 100 0.9914357996108145
	a 100 69 0.9914357996108145
0.1917896373478611 2
	a 70 93 0.9936477087493498
	a 93 70 0.9936477087493498
1.027006667447879 2
	a 70 80 0.9669120859946405
	a 80 70 0.9669120859946405
2.038610979204412 2
	a 71 267 0.9364617313345043
	a 267 71 0.9364617313345043
2.611587977450478 2
	a 72 308 0.9201039720993525
	a 308 72 0.9201039720993525
5.37273314713492 2
	a 73 544 0.8494728543195542
	a 544 73 0.8494728543195542
7.401271035759406 2
	a 73 508 0.8052679847550173
	a 508 73 0.8052679847550173
7.71094659642182 2
	a 73 192 0.799030325700181
	a 192 73 0.799030325700181
5.785175933849454 2
	a 73 243 0.8399945890185445
	a 243 73 0.8399945890185445
3.190611006225279 2
	a 73 139 0.9041963189825806
	a 139 73 0.9041963189825806
5.777840821344828 2
	a 73 186 0.840160889580436
	a 186 73 0.840160889580436
2.876844551176869 2
	a 73 202 0.912740250496559
	a 202 73 0.912740250496559
3.239374638182212 2
	a 74 350 0.9028844471566291
	a 350 74 0.9028844471566291
2.697419526385242 2
	a 74 295 0.9177069583106419
	a 295 74 0.9177069583106419
2.95939598450326 2
	a 74 229 0.9104750029104933
	a 229 74 0.9104750029104933
0.6034558520981271 2
	a 75 138 0.9802840541181279
	a 138 75 0.9802840541181279
0.1917896373478611 2
	a 76 100 0.9936477087493498
	a 100 76 0.9936477087493498
1.220541774464252 2
	a 77 194 0.9609265242053444
	a 194 77 0.9609265242053444
2.210738904586905 2
	a 78 283 0.9314818749036914
	a 283 78 0.9314818749036914
4.386145064108334 2
	a 78 258 0.8732313346307385
	a 258 78 0.8732313346307385
6.154604107075759 2
	a 79 441 0.8317232901371741
	a 441 79 0.8317232901371741
1.807098995148141 2
	a 79 255 0.9432503932181822
	a 255 79 0.9432503932181822
5.805085090317233 2
	a 80 93 0.8395436213328917
	a 93 80 0.8395436213328917
0.6623180749170225 2
	a 80 150 0.9784030414175598
	a 150 80 0.9784030414175598
0.754358709720538 2
	a 81 107 0.9754765278968778
	a 107 81 0.9754765278968778
1.356157527182502 2
	a 81 213 0.9567780459285045
	a 213 81 0.9567780459285045
5.23960168966494 2
	a 82 110 0.8525883817207995
	a 110 82 0.8525883817207995
2.487135620758759 2
	a 82 221 0.9236040002054369
	a 221 82 0.9236040002054369
2.392227806752325 2
	a 82 297 0.9262927192280066
	a 297 82 0.9262927192280066
0.1356157527182506 2
	a 83 100 0.9954998486103701
	a 100 83 0.9954998486103701
0.9493102690277512 2
	a 84 97 0.9693368529259123
	a 97 84 0.9693368529259123
0.572507812946912 2
	a 84 144 0.9812760003733393
	a 144 84 0.9812760003733393
1.151286064329106 2
	a 85 193 0.9630595641730102
	a 193 85 0.9630595641730102
0.8678838813832842 2
	a 86 170 0.9718915409211399
	a 170 86 0.9718915409211399
0.8546955794297674 2
	a 86 92 0.9723066199093672
	a 92 86 0.9723066199093672
0.8678838813832842 2
	a 86 120 0.9718915409211399
	a 120 86 0.9718915409211399
0.6034558520981271 2
	a 87 148 0.9802840541181279
	a 148 87 0.9802840541181279
2.662300697087576 2
	a 88 316 0.9186860626543647
	a 316 88 0.9186860626543647
3.694700120421774 2
	a 88 398 0.8908386273663105
	a 398 88 0.8908386273663105
2.701672463513635 2
	a 88 193 0.9175885430030779
	a 193 88 0.9175885430030779
3.237747981474657 2
	a 89 355 0.9029281398382418
	a 355 89 0.9029281398382418
3.30072683402889 2
	a 90 202 0.9012399561865931
	a 202 90 0.9012399561865931
2.174168561805797 2
	a 90 285 0.9325351209722503
	a 285 90 0.9325351209722503
2.164070097518535 2
	a 90 142 0.9328264150468168
	a 142 90 0.9328264150468168
0.2712315054364995 2
	a 91 118 0.9910401999457994
	a 118 91 0.9910401999457994
1.248857222541599 2
	a 91 179 0.9600572555169801
	a 179 91 0.9600572555169801
2.362313164157349 2
	a 92 244 0.9271437271549849
	a 244 92 0.9271437271549849
0.8266086393752234 2
	a 92 170 0.9731918249221194
	a 170 92 0.9731918249221194
0.4217785570495555 2
	a 92 133 0.9861365385453571
	a 133 92 0.9861365385453571
0.1917896373478611 2
	a 93 112 0.9936477087493498
	a 112 93 0.9936477087493498
1.207341673940248 2
	a 93 189 0.9613323211614231
	a 189 93 0.9613323211614231
2.281255583552399 2
	a 93 150 0.9294581908232713
	a 150 93 0.9294581908232713
0.9569120473074697 2
	a 94 183 0.9690990602062898
	a 183 94 0.9690990602062898
3.359696948220123 2
	a 94 152 0.8996656417287209
	a 152 94 0.8996656417287209
0.487629339878578 2
	a 95 96 0.9840070514701087
	a 96 95 0.9840070514701087
0.5294379043957786 2
	a 95 135 0.9826598871066465
	a 135 95 0.9826598871066465
0.8136945163095008 2
	a 95 173 0.9735993908395411
	a 173 95 0.9735993908395411
2.719898072465596 2
	a 95 105 0.9170814640936864
	a 105 95 0.9170814640936864
0.3981115513613038 2
	a 96 135 0.986904170385881
	a 135 96 0.986904170385881
2.171984370656717 2
	a 97 144 0.9325981081835356
	a 144 97 0.9325981081835356
1.795112732459891 2
	a 97 265 0.9436047291480976
	a 265 97 0.9436047291480976
6.625989505106872 2
	a 97 268 0.8214607540198409
	a 268 97 0.8214607540198409
0.754358709720538 2
	a 98 156 0.9754765278968778
	a 156 98 0.9754765278968778
0.1917896373478611 2
	a 98 115 0.9936477087493498
	a 115 98 0.9936477087493498
1.342527456914504 2
	a 98 180 0.9571932956869043
	a 180 98 0.9571932956869043
8.114955132079096 2
	a 99 162 0.7910837683862516
	a 162 99 0.7910837683862516
1.534943254795291 2
	a 99 136 0.9513660035110489
	a 136 99 0.9513660035110489
4.746551345138756 2
	a 99 153 0.864370549177395
	a 153 99 0.864370549177395
2.736967570687207 2
	a 99 176 0.9166071092908504
	a 176 99 0.9166071092908504
1.465260119971778 2
	a 99 172 0.9534677214128324
	a 172 99 0.9534677214128324
2.542706702408589 2
	a 99 315 0.9220375614547456
	a 315 99 0.9220375614547456
0.487629339878578 2
	a 100 148 0.9840070514701087
	a 148 100 0.9840070514701087
3.179448491701141 2
	a 101 361 0.9044972207481217
	a 361 101 0.9044972207481217
1.907785025694843 2
	a 101 229 0.9402850816914862
	a 229 101 0.9402850816914862
1.736200693454497 2
	a 102 260 0.9453503988767245
	a 260 102 0.9453503988767245
1.515971031398842 2
	a 103 189 0.951937259144688
	a 189 103 0.951937259144688
0.487629339878578 2
	a 103 150 0.9840070514701087
	a 150 103 0.9840070514701087
2.603710727412789 2
	a 103 219 0.9203246476401649
	a 219 103 0.9203246476401649
1.936327367967538 2
	a 103 171 0.9394480937639456
	a 171 103 0.9394480937639456
5.090413182416317 2
	a 104 483 0.85611268782357
	a 483 104 0.85611268782357
3.61389406635339 2
	a 104 127 0.8929497838853326
	a 127 104 0.8929497838853326
0.6780787635912512 2
	a 104 167 0.9779006413097311
	a 167 104 0.9779006413097311
0.7218667123477758 2
	a 105 173 0.9765075896752901
	a 173 105 0.9765075896752901
0.4068472581547501 2
	a 106 148 0.986620689469499
	a 148 106 0.986620689469499
1.940539584205918 2
	a 107 137 0.9393247077292799
	a 137 107 0.9393247077292799
1.116507928925421 2
	a 107 213 0.9641344329707731
	a 213 107 0.9641344329707731
0.6623180749170225 2
	a 108 170 0.9784030414175598
	a 170 108 0.9784030414175598
2.218806554620886 2
	a 108 147 0.9312498676502132
	a 147 108 0.9312498676502132
0.4068472581547501 2
	a 109 150 0.986620689469499
	a 150 109 0.986620689469499
2.190355843391775 2
	a 110 302 0.9320686015536311
	a 302 110 0.9320686015536311
4.999972899384852 2
	a 110 331 0.858266302568789
	a 331 110 0.858266302568789
0.6787135312039486 2
	a 111 177 0.9778804180143579
	a 177 111 0.9778804180143579
0.8136945163095008 2
	a 112 189 0.9735993908395411
	a 189 112 0.9735993908395411
1.487236494481392 2
	a 113 253 0.9528038360930793
	a 253 113 0.9528038360930793
2.305467796210252 2
	a 113 128 0.9287655411234643
	a 128 113 0.9287655411234643
1.126971100135943 2
	a 113 126 0.9638107913253693
	a 126 113 0.9638107913253693
4.685929575736217 2
	a 114 520 0.8658461147093885
	a 520 114 0.8658461147093885
6.952346061023561 2
	a 114 338 0.814542235430526
	a 338 114 0.814542235430526
5.433079860667797 2
	a 114 483 0.8480697095028984
	a 483 114 0.8480697095028984
0.4217785570495555 2
	a 114 127 0.9861365385453571
	a 127 114 0.9861365385453571
0.4068472581547501 2
	a 115 156 0.986620689469499
	a 156 115 0.986620689469499
4.267680047968097 2
	a 116 484 0.8761906622139397
	a 484 116 0.8761906622139397
2.461073550467002 2
	a 116 198 0.9243406397804836
	a 198 116 0.9243406397804836
4.178299963686134 2
	a 116 328 0.8784389508422286
	a 328 116 0.8784389508422286
4.000872057153762 2
	a 116 236 0.8829419053866161
	a 236 116 0.8829419053866161
1.246029457796946 2
	a 117 235 0.9601439926049706
	a 235 117 0.9601439926049706
3.363435386305856 2
	a 117 139 0.899566045789905
	a 139 117 0.899566045789905
4.297841230960467 2
	a 117 202 0.8754349984987243
	a 202 117 0.8754349984987243
2.360137792552722 2
	a 117 313 0.9272056780694282
	a 313 117 0.9272056780694282
2.995849896640134 2
	a 117 273 0.9094786527835116
	a 273 117 0.9094786527835116
3.328813778603958 2
	a 118 248 0.9004893521842878
	a 248 118 0.9004893521842878
0.6385290286129006 2
	a 118 179 0.9791623601810021
	a 179 118 0.9791623601810021
8.135382887705797 2
	a 119 545 0.7906876256518762
	a 545 119 0.7906876256518762
3.119904496849654 2
	a 119 378 0.9061061039752253
	a 378 119 0.9061061039752253
4.166832951112418 2
	a 119 279 0.8787283657327862
	a 279 119 0.8787283657327862
1.250315462566378 2
	a 119 197 0.9600125327639866
	a 197 119 0.9600125327639866
7.339556610237217 2
	a 119 489 0.8065265345562479
	a 489 119 0.8065265345562479
0.9569120473074697 2
	a 120 206 0.9690990602062898
	a 206 120 0.9690990602062898
1.048074475181108 2
	a 121 164 0.9662567587089411
	a 164 121 0.9662567587089411
2.416760809432184 2
	a 121 263 0.9255960730491697
	a 263 121 0.9255960730491697
0.4068472581547501 2
	a 121 160 0.986620689469499
	a 160 121 0.986620689469499
1.058859358600752 2
	a 122 219 0.9659216442099845
	a 219 122 0.9659216442099845
0.2701555345749592 2
	a 123 150 0.9910754242055927
	a 150 123 0.9910754242055927
1.088420984350353 2
	a 124 222 0.9650043216734201
	a 222 124 0.9650043216734201
0.1917896373478611 2
	a 125 143 0.9936477087493498
	a 143 125 0.9936477087493498
1.381814599110866 2
	a 126 253 0.9559974079363562
	a 253 126 0.9559974079363562
1.41110167981014 2
	a 126 148 0.9551079543432294
	a 148 126 0.9551079543432294
4.173913955860647 2
	a 127 483 0.878549622768362
	a 483 127 0.878549622768362
4.476208285621463 2
	a 128 505 0.8709970877010011
	a 505 128 0.8709970877010011
12.59385930968727 2
	a 128 224 0.7159436464923945
	a 224 128 0.7159436464923945
1.35813735895381 2
	a 128 253 0.9567177603279193
	a 253 128 0.9567177603279193
0.3947675833360288 2
	a 129 164 0.9870127286177495
	a 164 129 0.9870127286177495
2.784233548161095 2
	a 129 160 0.9152964192606614
	a 160 129 0.9152964192606614
4.709181466125921 2
	a 130 266 0.8652794464425582
	a 266 130 0.8652794464425582
1.064816194648925 2
	a 130 225 0.9657366530214315
	a 225 130 0.9657366530214315
3.367722855725418 2
	a 131 407 0.8994518536303675
	a 407 131 0.8994518536303675
12.39799280966329 2
	a 131 352 0.7187818783991038
	a 352 131 0.7187818783991038
14.51724903429704 2
	a 131 424 0.6899558156935992
	a 424 131 0.6899558156935992
10.05347901866764 2
	a 131 307 0.7557949543179234
	a 307 131 0.7557949543179234
0.4068472581547501 2
	a 132 169 0.986620689469499
	a 169 132 0.986620689469499
0.8493692481391316 2
	a 132 192 0.9724743604575555
	a 192 132 0.9724743604575555
1.927156565154648 2
	a 133 244 0.9397168486998188
	a 244 133 0.9397168486998188
0.8136945163095008 2
	a 133 206 0.9735993908395411
	a 206 133 0.9735993908395411
3.229458789547035 2
	a 134 240 0.9031508646184661
	a 240 134 0.9031508646184661
3.160211930600018 2
	a 134 293 0.9050162958844767
	a 293 134 0.9050162958844767
0.7712047583869216 2
	a 134 205 0.9749428342586945
	a 205 134 0.9749428342586945
0.4068472581547501 2
	a 135 173 0.986620689469499
	a 173 135 0.986620689469499
0.4217785570495555 2
	a 136 176 0.9861365385453571
	a 176 136 0.9861365385453571
1.843510156679232 2
	a 136 220 0.9421757472716881
	a 220 136 0.9421757472716881
6.063000620610081 2
	a 137 460 0.8337552890895403
	a 460 137 0.8337552890895403
1.356157527182502 2
	a 137 260 0.9567780459285045
	a 260 137 0.9567780459285045
10.08232886061857 2
	a 137 256 0.7553034508624088
	a 256 137 0.7553034508624088
2.851084659905319 2
	a 138 229 0.9134496690721318
	a 229 138 0.9134496690721318
0.3002129760370238 2
	a 138 166 0.9900923780751469
	a 166 138 0.9900923780751469
3.145037816220495 2
	a 139 235 0.905426220764374
	a 235 139 0.905426220764374
0.6780787635912512 2
	a 139 202 0.9779006413097311
	a 202 139 0.9779006413097311
0.7824456497750818 2
	a 140 211 0.9745870488658112
	a 211 140 0.9745870488658112
1.604933260944054 2
	a 141 283 0.9492648353914381
	a 283 141 0.9492648353914381
1.847293601112768 2
	a 141 155 0.9420642315114247
	a 155 141 0.9420642315114247
1.627389032619001 2
	a 142 285 0.9485927660071689
	a 285 142 0.9485927660071689
1.453744046139253 2
	a 142 228 0.9538159996063358
	a 228 142 0.9538159996063358
0.7824456497750818 2
	a 143 216 0.9745870488658112
	a 216 143 0.9745870488658112
1.637289402976268 2
	a 143 156 0.9482967813949525
	a 156 143 0.9482967813949525
1.332543176570506 2
	a 144 265 0.9574977133910906
	a 265 144 0.9574977133910906
2.443119864660818 2
	a 145 176 0.9248488424249272
	a 176 145 0.9248488424249272
0.9763801406626829 2
	a 145 172 0.9684906241748837
	a 172 145 0.9684906241748837
1.126737926931244 2
	a 145 245 0.9638180012646471
	a 245 145 0.9638180012646471
2.413093054276768 2
	a 145 300 0.9257001512525
	a 300 145 0.9257001512525
3.243369444286881 2
	a 145 315 0.9027771650930327
	a 315 145 0.9027771650930327
3.229514003240491 2
	a 146 182 0.9031493806579802
	a 182 146 0.9031493806579802
2.40050642517176 2
	a 146 342 0.9260575098237758
	a 342 146 0.9260575098237758
0.2701555345749592 2
	a 147 170 0.9910754242055927
	a 170 147 0.9910754242055927
1.653786295325702 2
	a 148 253 0.9478040188301022
	a 253 148 0.9478040188301022
0.6981164340668319 2
	a 148 210 0.9772626664842042
	a 210 148 0.9772626664842042
3.067759448837598 2
	a 149 364 0.907520322186202
	a 364 149 0.907520322186202
4.417596576741513 2
	a 149 404 0.8724495751653256
	a 404 149 0.8724495751653256
2.860525790118629 2
	a 149 381 0.913189522139265
	a 381 149 0.913189522139265
2.381102907517465 2
	a 149 272 0.9266090007365703
	a 272 149 0.9266090007365703
1.165489355260694 2
	a 150 189 0.9626213070482963
	a 189 150 0.9626213070482963
0.2701555345749592 2
	a 150 171 0.9910754242055927
	a 171 150 0.9910754242055927
2.820674875156118 2
	a 150 271 0.9142887136530016
	a 271 150 0.9142887136530016
3.588537744959305 2
	a 150 316 0.8936145963677842
	a 316 150 0.8936145963677842
5.29450156826984 2
	a 151 545 0.8513002697747631
	a 545 151 0.8513002697747631
2.167670266303321 2
	a 151 162 0.9327225443024769
	a 162 151 0.9327225443024769
2.585107487356334 2
	a 151 354 0.9208462643868032
	a 354 151 0.9208462643868032
4.436174117612828 2
	a 151 153 0.8719885808819141
	a 153 151 0.8719885808819141
2.289316054992536 2
	a 152 338 0.9292274771187397
	a 338 152 0.9292274771187397
2.921991532514533 2
	a 153 368 0.9114998530139127
	a 368 153 0.9114998530139127
2.312152689947419 2
	a 153 341 0.928574500224192
	a 341 153 0.928574500224192
2.967785871127275 2
	a 153 289 0.9102454778570223
	a 289 153 0.9102454778570223
2.637660630291472 2
	a 153 315 0.9193743913517806
	a 315 153 0.9193743913517806
4.993083447366813 2
	a 154 320 0.8584308909300981
	a 320 154 0.8584308909300981
2.059344055616256 2
	a 154 326 0.9358588684421247
	a 326 154 0.9358588684421247
2.504608277490052 2
	a 154 231 0.9231108549940581
	a 231 154 0.9231108549940581
4.040532897597789 2
	a 154 241 0.8819307229333233
	a 241 154 0.8819307229333233
4.370237300150281 2
	a 154 305 0.8736273629893463
	a 305 154 0.8736273629893463
1.465260119971778 2
	a 155 283 0.9534677214128324
	a 283 155 0.9534677214128324
0.6385290286129006 2
	a 156 216 0.9791623601810021
	a 216 156 0.9791623601810021
0.479922938566163 2
	a 157 201 0.9842557788628525
	a 201 157 0.9842557788628525
2.355074501576059 2
	a 157 254 0.9273499068541322
	a 254 157 0.9273499068541322
1.392998929689093 2
	a 157 178 0.9556575329443662
	a 178 157 0.9556575329443662
1.371767953602719 2
	a 158 230 0.9563029265268455
	a 230 158 0.9563029265268455
4.961293645759 2
	a 158 444 0.8591913262425817
	a 444 158 0.8591913262425817
3.731282049308687 2
	a 158 471 0.889886613330324
	a 471 158 0.889886613330324
3.603951429086528 2
	a 159 464 0.8932103340386661
	a 464 159 0.8932103340386661
1.969416047529112 2
	a 160 323 0.9384797783553104
	a 323 160 0.9384797783553104
5.106508118715744 2
	a 161 255 0.8557307853483489
	a 255 161 0.8557307853483489
4.337510099857054 2
	a 161 399 0.874443438096971
	a 399 161 0.874443438096971
5.78841476350217 2
	a 161 667 0.8399211846398607
	a 667 161 0.8399211846398607
6.484398025066096 2
	a 162 389 0.8245095276568313
	a 389 162 0.8245095276568313
2.472556149811231 2
	a 162 354 0.9240159285105161
	a 354 162 0.9240159285105161
1.385168937220699 2
	a 163 283 0.9558954480381517
	a 283 163 0.9558954480381517
3.193126881861831 2
	a 163 178 0.9041285308228714
	a 178 163 0.9041285308228714
1.090487985406985 2
	a 164 263 0.9649402484598857
	a 263 164 0.9649402484598857
0.5424630108730013 2
	a 165 217 0.9822409559256213
	a 217 165 0.9822409559256213
0.6773268194476793 2
	a 166 229 0.9779245988827807
	a 229 166 0.9779245988827807
3.74536283401032 2
	a 167 483 0.8895207910953015
	a 483 167 0.8895207910953015
4.964448190221405 2
	a 167 482 0.8591157951844532
	a 482 167 0.8591157951844532
4.881945551442842 2
	a 167 540 0.8610964371796226
	a 540 167 0.8610964371796226
4.130292226811703 2
	a 167 421 0.8796520909821075
	a 421 167 0.8796520909821075
5.231169251338248 2
	a 168 336 0.8527866494304904
	a 336 168 0.8527866494304904
0.99986533083179 2
	a 168 224 0.9677576919995778
	a 224 168 0.9677576919995778
1.250070526955394 2
	a 168 279 0.9600200443887001
	a 279 168 0.9600200443887001
0.2701555345749592 2
	a 169 192 0.9910754242055927
	a 192 169 0.9910754242055927
0.4217785570495555 2
	a 170 207 0.9861365385453571
	a 207 170 0.9861365385453571
0.5157162799331211 2
	a 171 219 0.9831016142972682
	a 219 171 0.9831016142972682
5.070333737768374 2
	a 171 424 0.8565897100306098
	a 424 171 0.8565897100306098
3.122047750123513 2
	a 172 176 0.9060480822380413
	a 176 172 0.9060480822380413
1.481545971607358 2
	a 172 300 0.9529756480534641
	a 300 172 0.9529756480534641
2.61951740790929 2
	a 172 315 0.9198819517721988
	a 315 172 0.9198819517721988
4.309936045017716 2
	a 173 191 0.8751323994112805
	a 191 173 0.8751323994112805
4.075814651140242 2
	a 173 410 0.8810334329034094
	a 410 173 0.8810334329034094
0.9763801406626829 2
	a 173 242 0.9684906241748837
	a 242 173 0.9684906241748837
3.82512655444436 2
	a 173 295 0.8874549800234364
	a 295 173 0.8874549800234364
1.025590215157039 2
	a 173 267 0.9669561786560346
	a 267 173 0.9669561786560346
1.970160709106761 2
	a 174 204 0.9384580109593919
	a 204 174 0.9384580109593919
0.1356157527182506 2
	a 174 177 0.9954998486103701
	a 177 174 0.9954998486103701
2.681821947297331 2
	a 174 390 0.9181415320359408
	a 390 174 0.9181415320359408
3.400128176550091 2
	a 174 329 0.8985898274087822
	a 329 174 0.8985898274087822
5.089000834762257 2
	a 174 211 0.8561462197301175
	a 211 174 0.8561462197301175
3.023254192200745 2
	a 175 420 0.9087312374692991
	a 420 175 0.9087312374692991
4.947742417969109 2
	a 175 385 0.859515971764153
	a 385 175 0.859515971764153
0.9493102690277512 2
	a 175 253 0.9693368529259123
	a 253 175 0.9693368529259123
0.487629339878578 2
	a 176 220 0.9840070514701087
	a 220 176 0.9840070514701087
1.220541774464252 2
	a 176 245 0.9609265242053444
	a 245 176 0.9609265242053444
1.852084566616921 2
	a 177 328 0.941923059758672
	a 328 177 0.941923059758672
1.578980655167365 2
	a 177 236 0.950042814427622
	a 236 177 0.950042814427622
1.536474894585965 2
	a 177 226 0.9513199171886015
	a 226 177 0.9513199171886015
0.9583507903075323 2
	a 177 204 0.9690540681647766
	a 204 177 0.9690540681647766
1.220770282487056 2
	a 178 283 0.9609195025649143
	a 283 178 0.9609195025649143
1.356157527182502 2
	a 178 270 0.9567780459285045
	a 270 178 0.9567780459285045
2.505637655299485 2
	a 179 381 0.9230818199286672
	a 381 179 0.9230818199286672
0.1917896373478611 2
	a 180 199 0.9936477087493498
	a 199 180 0.9936477087493498
2.860050126907021 2
	a 181 401 0.9132026249506882
	a 401 181 0.9132026249506882
3.299978126581284 2
	a 181 460 0.9012599841093224
	a 460 181 0.9012599841093224
3.975831168959448 2
	a 181 260 0.8835817196511218
	a 260 181 0.8835817196511218
2.642765189141687 2
	a 182 401 0.9192317008814925
	a 401 182 0.9192317008814925
5.019591060611501 2
	a 182 342 0.8577980404445412
	a 342 182 0.8577980404445412
8.106157656830813 2
	a 183 299 0.7912545386094205
	a 299 183 0.7912545386094205
4.460160453193478 2
	a 183 372 0.8713942133696415
	a 372 183 0.8713942133696415
1.925017800762202 2
	a 183 338 0.9397795498857318
	a 338 183 0.9397795498857318
3.534258837324526 2
	a 184 278 0.8950415078720144
	a 278 184 0.8950415078720144
0.6981164340668319 2
	a 184 250 0.9772626664842042
	a 250 184 0.9772626664842042
2.876844551176869 2
	a 184 335 0.912740250496559
	a 335 184 0.912740250496559
0.5294379043957786 2
	a 185 238 0.9826598871066465
	a 238 185 0.9826598871066465
6.34726110209328 2
	a 185 382 0.8274899469547006
	a 382 185 0.8274899469547006
0.1356157527182506 2
	a 186 202 0.9954998486103701
	a 202 186 0.9954998486103701
3.896333097182356 2
	a 187 266 0.8856200501301347
	a 266 187 0.8856200501301347
0.2701555345749592 2
	a 187 215 0.9910754242055927
	a 215 187 0.9910754242055927
4.758517220258847 2
	a 188 368 0.8640799975836795
	a 368 188 0.8640799975836795
3.532908836752516 2
	a 188 489 0.8950770632227549
	a 489 188 0.8950770632227549
1.815014601841224 2
	a 188 266 0.9430165485390745
	a 266 188 0.9430165485390745
4.775931358792842 2
	a 188 283 0.8636575668723308
	a 283 188 0.8636575668723308
3.817443456438786 2
	a 188 215 0.8876534878298786
	a 215 188 0.8876534878298786
0.3282999206120918 2
	a 189 219 0.9891755568692563
	a 219 189 0.9891755568692563
0.6780787635912512 2
	a 190 253 0.9779006413097311
	a 253 190 0.9779006413097311
3.331367662815472 2
	a 191 323 0.9004211710931115
	a 323 191 0.9004211710931115
4.24925255236559 2
	a 191 410 0.8766530963241083
	a 410 191 0.8766530963241083
0.7884591958105146 2
	a 191 261 0.9743968235948948
	a 261 191 0.9743968235948948
3.978450306950644 2
	a 192 309 0.8835147486011947
	a 309 192 0.8835147486011947
3.719670230754743 2
	a 192 508 0.8901885496902935
	a 508 192 0.8901885496902935
3.669799906447752 2
	a 193 398 0.8914879638678419
	a 398 193 0.8914879638678419
1.884683103725019 2
	a 193 345 0.9409636995767083
	a 345 193 0.9409636995767083
4.777378948460506 2
	a 193 234 0.8636224734366297
	a 234 193 0.8636224734366297
0.7671585448709205 2
	a 194 267 0.975070966213913
	a 267 194 0.975070966213913
1.211806067670806 2
	a 195 283 0.9611950369839707
	a 283 195 0.9611950369839707
0.7884591958105146 2
	a 195 269 0.9743968235948948
	a 269 195 0.9743968235948948
0.8455244466185425 2
	a 195 254 0.9725954806556316
	a 254 195 0.9725954806556316
0.5424630108730013 2
	a 196 232 0.9822409559256213
	a 232 196 0.9822409559256213
1.726106731610226 2
	a 196 335 0.9456501897302323
	a 335 196 0.9456501897302323
4.990187680363221 2
	a 196 422 0.8585000930994633
	a 422 196 0.8585000930994633
1.63307698331426 2
	a 197 224 0.9484226933523494
	a 224 197 0.9484226933523494
0.9056588220468618 2
	a 197 279 0.9707046576993192
	a 279 197 0.9707046576993192
4.95346658711139 2
	a 198 618 0.8593788025896876
	a 618 198 0.8593788025896876
5.993621658358339 2
	a 198 514 0.8353025709984248
	a 514 198 0.8353025709984248
2.800921581872936 2
	a 198 360 0.9148346441359174
	a 360 198 0.9148346441359174
3.390393817956253 2
	a 198 484 0.8988485791132206
	a 484 198 0.8988485791132206
11.29437377927359 2
	a 198 233 0.7354856191639332
	a 233 198 0.7354856191639332
7.837531578632912 2
	a 199 533 0.7965174272232027
	a 533 199 0.7965174272232027
0.4068472581547501 2
	a 199 238 0.986620689469499
	a 238 199 0.986620689469499
8.74428326022305 2
	a 199 696 0.7791239312083234
	a 696 199 0.7791239312083234
2.159957821048861 2
	a 200 249 0.9329450914392148
	a 249 200 0.9329450914392148
0.5294379043957786 2
	a 200 248 0.9826598871066465
	a 248 200 0.9826598871066465
3.27691220607328 2
	a 201 315 0.9018774874902067
	a 315 201 0.9018774874902067
0.754358709720538 2
	a 201 269 0.9754765278968778
	a 269 201 0.9754765278968778
4.920525421324577 2
	a 201 206 0.8601688936038805
	a 206 201 0.8601688936038805
2.606228054137895 2
	a 201 254 0.9202541139276287
	a 254 201 0.9202541139276287
0.8249184195643712 2
	a 202 273 0.9732451478060973
	a 273 202 0.9732451478060973
1.090487985406985 2
	a 202 285 0.9649402484598857
	a 285 202 0.9649402484598857
0.9493102690277512 2
	a 203 272 0.9693368529259123
	a 272 203 0.9693368529259123
3.27152497878915 2
	a 203 474 0.9020218471029555
	a 474 203 0.9020218471029555
4.174138589793449 2
	a 203 330 0.8785439538047752
	a 330 203 0.8785439538047752
0.2701555345749592 2
	a 204 226 0.9910754242055927
	a 226 204 0.9910754242055927
1.196210382682908 2
	a 205 306 0.9616747965143547
	a 306 205 0.9616747965143547
1.889172731026632 2
	a 206 315 0.9408317351490874
	a 315 206 0.9408317351490874
0.4068472581547501 2
	a 206 244 0.986620689469499
	a 244 206 0.986620689469499
0.4068472581547501 2
	a 207 244 0.986620689469499
	a 244 207 0.986620689469499
0.8136945163095008 2
	a 208 228 0.9735993908395411
	a 228 208 0.9735993908395411
0.8266086393752234 2
	a 208 281 0.9731918249221194
	a 281 208 0.9731918249221194
2.207581231921138 2
	a 208 365 0.9315727163664198
	a 365 208 0.9315727163664198
0.5424630108730013 2
	a 209 257 0.9822409559256213
	a 257 209 0.9822409559256213
4.521177302927361 2
	a 209 364 0.8698865282611787
	a 364 209 0.8698865282611787
0.4518359985116184 2
	a 210 253 0.9851633791903387
	a 253 210 0.9851633791903387
1.47969360508203 2
	a 211 329 0.9530315899693738
	a 329 211 0.9530315899693738
4.38965106131443 2
	a 212 223 0.8731441082905497
	a 223 212 0.8731441082905497
0.6780787635912512 2
	a 212 251 0.9779006413097311
	a 251 212 0.9779006413097311
3.2658349215292 2
	a 212 488 0.902174377853401
	a 488 212 0.902174377853401
1.428089202829759 2
	a 212 309 0.9545928356279318
	a 309 212 0.9545928356279318
4.427462030562981 2
	a 212 544 0.8722046967630639
	a 544 212 0.8722046967630639
4.944304124667291 2
	a 212 508 0.8595983893001551
	a 508 212 0.8595983893001551
0.5424630108730013 2
	a 213 260 0.9822409559256213
	a 260 213 0.9822409559256213
2.391087133615162 2
	a 214 265 0.9263251378375184
	a 265 214 0.9263251378375184
3.644003100568314 2
	a 214 317 0.8921618190793603
	a 317 214 0.8921618190793603
2.552563955997539 2
	a 214 404 0.9217603104780079
	a 404 214 0.9217603104780079
3.69959219651063 2
	a 214 528 0.8907111806631698
	a 528 214 0.8907111806631698
0.8185134729050157 2
	a 215 283 0.9734472649499103
	a 283 215 0.9734472649499103
7.293115045444626 2
	a 216 563 0.807477043361853
	a 563 216 0.807477043361853
2.321226816810722 2
	a 216 370 0.9283153160020858
	a 370 216 0.9283153160020858
3.798923873219659 2
	a 216 533 0.8881323954765814
	a 533 216 0.8881323954765814
0.4068472581547501 2
	a 217 253 0.986620689469499
	a 253 217 0.986620689469499
3.883702944461775 2
	a 218 312 0.8859448828755332
	a 312 218 0.8859448828755332
2.647948278553775 2
	a 218 427 0.9190868648801951
	a 427 218 0.9190868648801951
2.60922277543572 2
	a 219 424 0.9201702193729024
	a 424 219 0.9201702193729024
0.5753689120435835 2
	a 220 245 0.9811842105722803
	a 245 220 0.9811842105722803
0.6981164340668319 2
	a 220 280 0.9772626664842042
	a 280 220 0.9772626664842042
0.9493102690277512 2
	a 221 297 0.9693368529259123
	a 297 221 0.9693368529259123
1.763004785337253 2
	a 221 292 0.9445552952885187
	a 292 221 0.9445552952885187
2.762626722057115 2
	a 221 310 0.9158950661532981
	a 310 221 0.9158950661532981
0.4217785570495555 2
	a 222 259 0.9861365385453571
	a 259 222 0.9861365385453571
3.093960810068971 2
	a 222 347 0.906809104384808
	a 347 222 0.906809104384808
6.083330041254481 2
	a 223 344 0.8333032586983179
	a 344 223 0.8333032586983179
3.136683343390041 2
	a 223 488 0.9056520918160624
	a 488 223 0.9056520918160624
4.699843304433126 2
	a 224 636 0.8655069198102435
	a 636 224 0.8655069198102435
5.888554823110531 2
	a 224 621 0.8376594276102076
	a 621 224 0.8376594276102076
9.675281230189182 2
	a 224 505 0.7623263527345367
	a 505 224 0.7623263527345367
1.356157527182502 2
	a 224 279 0.9567780459285045
	a 279 224 0.9567780459285045
4.13725734337871 2
	a 225 489 0.8794758438334322
	a 489 225 0.8794758438334322
0.4068472581547501 2
	a 225 264 0.986620689469499
	a 264 225 0.986620689469499
2.124012364012603 2
	a 225 266 0.9339838294848157
	a 266 225 0.9339838294848157
3.491854024588923 2
	a 226 521 0.8961598653294269
	a 521 226 0.8961598653294269
2.103725490550353 2
	a 226 328 0.9345711715753383
	a 328 226 0.9345711715753383
3.335328126491031 2
	a 226 390 0.9003154614821588
	a 390 226 0.9003154614821588
3.227557510940227 2
	a 227 321 0.9032019679980707
	a 321 227 0.9032019679980707
0.3981115513613038 2
	a 227 262 0.986904170385881
	a 262 227 0.986904170385881
2.61015848344475 2
	a 227 392 0.920144009747768
	a 392 227 0.920144009747768
0.6981164340668319 2
	a 228 285 0.9772626664842042
	a 285 228 0.9772626664842042
2.462725332253011 2
	a 229 350 0.9242939144772075
	a 350 229 0.9242939144772075
1.804331113799363 2
