3.69959219651063 2
	a 0 34 0.8907111806631698
	a 34 0 0.8907111806631698
1.726106731610226 2
	a 0 27 0.9456501897302323
	a 27 0 0.9456501897302323
11.95517225255825 2
	a 0 144 0.7253368998346826
	a 144 0 0.7253368998346826
12.38247612085136 2
	a 0 135 0.7190083135180083
	a 135 0 0.7190083135180083
0.1917896373478611 2
	a 1 8 0.9936477087493498
	a 8 1 0.9936477087493498
0.2701555345749592 2
	a 2 10 0.9910754242055927
	a 10 2 0.9910754242055927
0.6548107801322224 2
	a 2 3 0.978642535521513
	a 3 2 0.978642535521513
0.6981164340668319 2
	a 2 9 0.9772626664842042
	a 9 2 0.9772626664842042
0.6773268194476793 2
	a 2 16 0.9779245988827807
	a 16 2 0.9779245988827807
2.010524034629345 2
	a 3 9 0.9372797553858452
	a 9 3 0.9372797553858452
0.5488408072586609 2
	a 3 16 0.9820359572016657
	a 16 3 0.9820359572016657
2.849053479489506 2
	a 4 47 0.9135056589209453
	a 47 4 0.9135056589209453
1.469582609899217 2
	a 5 16 0.9533370662617073
	a 16 5 0.9533370662617073
0.8678838813832842 2
	a 5 21 0.9718915409211399
	a 21 5 0.9718915409211399
15.03490681646923 2
	a 6 210 0.683512168257168
	a 210 6 0.683512168257168
5.284797818151391 2
	a 6 43 0.8515276053027026
	a 43 6 0.8515276053027026
0.4068472581547501 2
	a 7 16 0.986620689469499
	a 16 7 0.986620689469499
0.1917896373478611 2
	a 8 11 0.9936477087493498
	a 11 8 0.9936477087493498
0.3981115513613038 2
	a 9 16 0.986904170385881
	a 16 9 0.986904170385881
0.3002129760370238 2
	a 10 16 0.9900923780751469
	a 16 10 0.9900923780751469
0.9507581163653473 2
	a 11 26 0.9692915532379855
	a 26 11 0.9692915532379855
2.514720976910826 2
	a 12 46 0.9228256982684526
	a 46 12 0.9228256982684526
1.334528378725622 2
	a 12 29 0.9574371690344996
	a 29 12 0.9574371690344996
0.9056588220468618 2
	a 12 22 0.9707046576993192
	a 22 12 0.9707046576993192
0.1917896373478611 2
	a 13 16 0.9936477087493498
	a 16 13 0.9936477087493498
0.4518359985116184 2
	a 14 20 0.9851633791903387
	a 20 14 0.9851633791903387
1.200526638806247 2
	a 15 28 0.9615419685147637
	a 28 15 0.9615419685147637
2.103169588018385 2
	a 16 46 0.9345872771547474
	a 46 16 0.9345872771547474
0.6780787635912512 2
	a 16 24 0.9779006413097311
	a 24 16 0.9779006413097311
3.524708568073951 2
	a 16 40 0.8952931048084869
	a 40 16 0.8952931048084869
1.555825766205055 2
	a 17 36 0.9507380636632827
	a 36 17 0.9507380636632827
14.60700982816108 2
	a 18 46 0.6888225043187225
	a 46 18 0.6888225043187225
0.5424630108730013 2
	a 18 23 0.9822409559256213
	a 23 18 0.9822409559256213
0.1356157527182506 2
	a 19 20 0.9954998486103701
	a 20 19 0.9954998486103701
5.402181899893534 2
	a 20 93 0.8487874247290826
	a 93 20 0.8487874247290826
1.73006200572298 2
	a 21 46 0.9455326939779243
	a 46 21 0.9455326939779243
1.581436050698731 2
	a 22 46 0.9499691515824692
	a 46 22 0.9499691515824692
2.309342523606942 2
	a 22 29 0.9286547987880289
	a 29 22 0.9286547987880289
0.5488408072586609 2
	a 23 30 0.9820359572016657
	a 30 23 0.9820359572016657
1.413255877275242 2
	a 24 46 0.9550425995428069
	a 46 24 0.9550425995428069
0.4068472581547501 2
	a 25 28 0.986620689469499
	a 28 25 0.986620689469499
1.206514340999738 2
	a 25 41 0.9613577668915408
	a 41 25 0.9613577668915408
1.353727654535798 2
	a 26 46 0.9568520460873359
	a 46 26 0.9568520460873359
1.255322192733106 2
	a 26 40 0.9598590144779089
	a 40 26 0.9598590144779089
2.337789541567052 2
	a 26 29 0.9278426390981682
	a 29 26 0.9278426390981682
0.1917896373478611 2
	a 27 34 0.9936477087493498
	a 34 27 0.9936477087493498
10.39835349877074 2
	a 27 153 0.7499809042231418
	a 153 27 0.7499809042231418
11.78118565903846 2
	a 27 142 0.7279658235829825
	a 142 27 0.7279658235829825
2.646678114975391 2
	a 28 41 0.9191223536408548
	a 41 28 0.9191223536408548
0.8577887261203904 2
	a 28 42 0.972209235706611
	a 42 28 0.972209235706611
4.696914650609499 2
	a 28 59 0.8655782896598205
	a 59 28 0.8655782896598205
2.305467796210252 2
	a 28 56 0.9287655411234643
	a 56 28 0.9287655411234643
13.59063618613348 2
	a 28 96 0.7020602026690512
	a 96 28 0.7020602026690512
0.9589481822187813 2
	a 29 46 0.9690353879296758
	a 46 29 0.9690353879296758
18.64619230477803 2
	a 30 46 0.6442472168743855
	a 46 30 0.6442472168743855
2.824475764295976 2
	a 30 65 0.9141837492539987
	a 65 30 0.9141837492539987
0.9006357637435058 2
	a 31 46 0.9708623092235582
	a 46 31 0.9708623092235582
1.127108817932829 2
	a 32 48 0.9638065330115606
	a 48 32 0.9638065330115606
0.7884591958105146 2
	a 33 46 0.9743968235948948
	a 46 33 0.9743968235948948
9.749905918248666 2
	a 34 168 0.7610245255516741
	a 168 34 0.7610245255516741
0.6027356872459425 2
	a 35 46 0.9803071135846667
	a 46 35 0.9803071135846667
0.4518359985116184 2
	a 36 46 0.9851633791903387
	a 46 36 0.9851633791903387
0.4068472581547501 2
	a 37 46 0.986620689469499
	a 46 37 0.986620689469499
3.167778588920307 2
	a 37 53 0.9048120394117656
	a 53 37 0.9048120394117656
2.101603782099075 2
	a 38 63 0.9346326448113396
	a 63 38 0.9346326448113396
1.056839081691459 2
	a 38 51 0.9659844011520589
	a 51 38 0.9659844011520589
2.332015407060942 2
	a 38 39 0.9280073655309269
	a 39 38 0.9280073655309269
4.301256003970237 2
	a 39 63 0.8753495398731672
	a 63 39 0.8753495398731672
3.320037708041977 2
	a 39 78 0.9007237355973872
	a 78 39 0.9007237355973872
0.3002129760370238 2
	a 40 46 0.9900923780751469
	a 46 40 0.9900923780751469
0.953531833712017 2
	a 41 53 0.9692047824526964
	a 53 41 0.9692047824526964
2.918190024062736 2
	a 41 59 0.9116041542413641
	a 59 41 0.9116041542413641
0.5424630108730013 2
	a 42 45 0.9822409559256213
	a 45 42 0.9822409559256213
1.881164616308095 2
	a 42 61 0.9410671467240357
	a 61 42 0.9410671467240357
3.462562681034489 2
	a 42 68 0.8969342247988557
	a 68 42 0.8969342247988557
1.20149535568949 2
	a 43 54 0.9615121625774095
	a 54 43 0.9615121625774095
0.1917896373478611 2
	a 44 46 0.9936477087493498
	a 46 44 0.9936477087493498
13.22063818715793 2
	a 44 138 0.7071063064726018
	a 138 44 0.7071063064726018
1.767823741932766 2
	a 45 61 0.944412498715943
	a 61 45 0.944412498715943
0.6915073676175353 2
	a 46 53 0.9774729968621538
	a 53 46 0.9774729968621538
13.56293129373645 2
	a 46 138 0.7024337512785037
	a 138 46 0.7024337512785037
15.85381731353137 2
	a 46 122 0.6737620690493008
	a 122 46 0.6737620690493008
2.490485135468322 2
	a 47 74 0.9235094195771556
	a 74 47 0.9235094195771556
1.834428561908478 2
	a 48 69 0.9424435390596697
	a 69 48 0.9424435390596697
3.579538568402 2
	a 49 97 0.8938508143694988
	a 97 49 0.8938508143694988
4.651207653062036 2
	a 49 93 0.8666939543185597
	a 93 49 0.8666939543185597
1.711770758746703 2
	a 50 60 0.9460763152637054
	a 60 50 0.9460763152637054
1.633029911086493 2
	a 50 66 0.9484241005715679
	a 66 50 0.9484241005715679
1.154824871506312 2
	a 51 63 0.9629503318246462
	a 63 51 0.9629503318246462
12.30245934142274 2
	a 52 110 0.7201797244856545
	a 110 52 0.7201797244856545
1.497924950580329 2
	a 52 70 0.9524812994257927
	a 70 52 0.9524812994257927
9.662497158109788 2
	a 52 173 0.762550021300946
	a 173 52 0.762550021300946
2.549952570706873 2
	a 53 59 0.9218337421144969
	a 59 53 0.9218337421144969
1.360345102038611 2
	a 53 68 0.9566505442427642
	a 68 53 0.9566505442427642
12.73435638416519 2
	a 54 212 0.7139304594015176
	a 212 54 0.7139304594015176
4.808920347214592 2
	a 54 126 0.8628586660078492
	a 126 54 0.8628586660078492
0.4068472581547501 2
	a 55 58 0.986620689469499
	a 58 55 0.986620689469499
0.726203378641899 2
	a 55 68 0.9763698459609977
	a 68 55 0.9763698459609977
0.1356157527182506 2
	a 56 58 0.9954998486103701
	a 58 56 0.9954998486103701
1.385168937220699 2
	a 57 69 0.9558954480381517
	a 69 57 0.9558954480381517
0.4068472581547501 2
	a 57 64 0.986620689469499
	a 64 57 0.986620689469499
0.9131757184269528 2
	a 57 60 0.9704688342504318
	a 60 57 0.9704688342504318
0.5753689120435835 2
	a 58 68 0.9811842105722803
	a 68 58 0.9811842105722803
0.8753836449732832 2
	a 59 61 0.9716556615608998
	a 61 59 0.9716556615608998
0.5488408072586609 2
	a 59 68 0.9820359572016657
	a 68 59 0.9820359572016657
0.5575248444503217 2
	a 60 69 0.9817569700886031
	a 69 60 0.9817569700886031
0.9763801406626829 2
	a 60 66 0.9684906241748837
	a 66 60 0.9684906241748837
0.4068472581547501 2
	a 61 68 0.986620689469499
	a 68 61 0.986620689469499
0.3981115513613038 2
	a 62 69 0.986904170385881
	a 69 62 0.986904170385881
5.852468167473065 2
	a 63 153 0.8384727388398063
	a 153 63 0.8384727388398063
3.609013626096117 2
	a 63 94 0.8930776558828835
	a 94 63 0.8930776558828835
5.266675584567204 2
	a 63 78 0.8519525596467149
	a 78 63 0.8519525596467149
0.3002129760370238 2
	a 64 69 0.9900923780751469
	a 69 64 0.9900923780751469
1.604933260944054 2
	a 65 73 0.9492648353914381
	a 73 65 0.9492648353914381
10.74250876785247 2
	a 65 187 0.7443107174240431
	a 187 65 0.7443107174240431
8.94956370854297 2
	a 65 192 0.7753300384389912
	a 192 65 0.7753300384389912
1.364607188709789 2
	a 66 69 0.9565208103950003
	a 69 66 0.9565208103950003
0.4518359985116184 2
	a 66 72 0.9851633791903387
	a 72 66 0.9851633791903387
5.67723228163923 2
	a 67 156 0.8424500974849114
	a 156 67 0.8424500974849114
6.901299351431191 2
	a 67 152 0.8156144819607141
	a 152 67 0.8156144819607141
2.55807635662143 2
	a 68 76 0.9216053448342681
	a 76 68 0.9216053448342681
5.535737468506992 2
	a 68 106 0.8456957088274633
	a 106 68 0.8456957088274633
3.127870426028047 2
	a 68 118 0.9058904937339444
	a 118 68 0.9058904937339444
1.106545252170832 2
	a 69 72 0.9644428034543762
	a 72 69 0.9644428034543762
1.250982524810324 2
	a 69 85 0.9599920760860292
	a 85 69 0.9599920760860292
6.296265225805553 2
	a 69 89 0.8286052174751051
	a 89 69 0.8286052174751051
2.284891952702111 2
	a 70 110 0.929354092207401
	a 110 70 0.929354092207401
2.025425177101269 2
	a 71 106 0.9368455732195562
	a 106 71 0.9368455732195562
1.824403406976611 2
	a 72 85 0.9427393422329253
	a 85 72 0.9427393422329253
0.7241308354215087 2
	a 72 82 0.9764356703146633
	a 82 72 0.9764356703146633
5.826412086877054 2
	a 73 138 0.8390612013235508
	a 138 73 0.8390612013235508
0.4217785570495555 2
	a 73 77 0.9861365385453571
	a 77 73 0.9861365385453571
2.084040832399623 2
	a 74 115 0.9351418382697081
	a 115 74 0.9351418382697081
7.752675382712222 2
	a 75 187 0.7981996035664458
	a 187 75 0.7981996035664458
2.533511339582877 2
	a 76 79 0.9222963600051035
	a 79 76 0.9222963600051035
2.340115184466742 2
	a 76 118 0.9277763102938179
	a 118 76 0.9277763102938179
0.9302638502529895 2
	a 77 92 0.9699331771903307
	a 92 77 0.9699331771903307
0.2701555345749592 2
	a 77 83 0.9910754242055927
	a 83 77 0.9910754242055927
7.939558283908358 2
	a 77 192 0.7945074243610291
	a 192 77 0.7945074243610291
0.5575248444503217 2
	a 78 88 0.9817569700886031
	a 88 78 0.9817569700886031
0.4217785570495555 2
	a 79 87 0.9861365385453571
	a 87 79 0.9861365385453571
3.065108206077205 2
	a 79 118 0.907592357572385
	a 118 79 0.907592357572385
3.942043200330558 2
	a 80 147 0.8844467233166131
	a 147 80 0.8844467233166131
6.894745919084187 2
	a 81 141 0.815752402630664
	a 141 81 0.815752402630664
4.741330509342159 2
	a 81 158 0.8644973925041451
	a 158 81 0.8644973925041451
5.721833454777456 2
	a 81 156 0.8414333647438297
	a 156 81 0.8414333647438297
0.1917896373478611 2
	a 82 85 0.9936477087493498
	a 85 82 0.9936477087493498
0.3981115513613038 2
	a 83 92 0.986904170385881
	a 92 83 0.986904170385881
4.562238177115101 2
	a 84 118 0.8688753885552079
	a 118 84 0.8688753885552079
0.7824456497750818 2
	a 84 101 0.9745870488658112
	a 101 84 0.9745870488658112
7.21625263417794 2
	a 84 185 0.8090566487790466
	a 185 84 0.8090566487790466
0.7617588454580648 2
	a 85 102 0.9752420130266003
	a 102 85 0.9752420130266003
0.6027356872459425 2
	a 85 89 0.9803071135846667
	a 89 85 0.9803071135846667
0.6693430567978045 2
	a 86 103 0.9781790423614531
	a 103 86 0.9781790423614531
0.3897640175368631 2
	a 87 99 0.9871752090644744
	a 99 87 0.9871752090644744
3.127870426028047 2
	a 88 137 0.9058904937339444
	a 137 88 0.9058904937339444
0.5753689120435835 2
	a 88 103 0.9811842105722803
	a 103 88 0.9811842105722803
0.5424630108730013 2
	a 89 102 0.9822409559256213
	a 102 89 0.9822409559256213
1.641845906926071 2
	a 90 117 0.9481606243389975
	a 117 90 0.9481606243389975
0.5227236001223743 2
	a 90 100 0.9828759838238488
	a 100 90 0.9828759838238488
0.8023026348627905 2
	a 90 110 0.9739592066624652
	a 110 90 0.9739592066624652
5.66086877190312 2
	a 91 155 0.8428238803614556
	a 155 91 0.8428238803614556
2.753874714250191 2
	a 91 139 0.9161377980838592
	a 139 91 0.9161377980838592
2.631797667467332 2
	a 92 138 0.9195383418219365
	a 138 92 0.9195383418219365
0.5294379043957786 2
	a 92 104 0.9826598871066465
	a 104 92 0.9826598871066465
8.648881963095102 2
	a 92 192 0.7809048409147241
	a 192 92 0.7809048409147241
9.065390632130301 2
	a 93 187 0.773212183694021
	a 187 93 0.773212183694021
0.1917896373478611 2
	a 93 97 0.9936477087493498
	a 97 93 0.9936477087493498
3.902159959093124 2
	a 94 153 0.8854702822357705
	a 153 94 0.8854702822357705
0.4518359985116184 2
	a 95 106 0.9851633791903387
	a 106 95 0.9851633791903387
0.8293136085763161 2
	a 95 113 0.9731065013280988
	a 113 95 0.9731065013280988
0.2701555345749592 2
	a 96 102 0.9910754242055927
	a 102 96 0.9910754242055927
6.644481617095021 2
	a 97 187 0.8210646989822633
	a 187 97 0.8210646989822633
2.517661225881308 2
	a 98 138 0.9227428255359984
	a 138 98 0.9227428255359984
1.356157527182502 2
	a 98 118 0.9567780459285045
	a 118 98 0.9567780459285045
1.004467080717226 2
	a 99 117 0.9676142137486992
	a 117 99 0.9676142137486992
2.151609803528235 2
	a 99 118 0.9331861073804242
	a 118 99 0.9331861073804242
0.979672656071377 2
	a 100 117 0.9683878012868997
	a 117 100 0.9683878012868997
3.894368024925469 2
	a 101 118 0.8856705715234827
	a 118 101 0.8856705715234827
0.487629339878578 2
	a 101 109 0.9840070514701087
	a 109 101 0.9840070514701087
0.2701555345749592 2
	a 101 107 0.9910754242055927
	a 107 101 0.9910754242055927
0.4068472581547501 2
	a 101 110 0.986620689469499
	a 110 101 0.986620689469499
0.2701555345749592 2
	a 102 108 0.9910754242055927
	a 108 102 0.9910754242055927
3.649316525759815 2
	a 102 117 0.8920229288476651
	a 117 102 0.8920229288476651
1.632881814163999 2
	a 102 112 0.9484285279420417
	a 112 102 0.9484285279420417
2.816826972555314 2
	a 103 146 0.9143950034600961
	a 146 103 0.9143950034600961
3.187916696422351 2
	a 103 137 0.9042689275103505
	a 137 103 0.9042689275103505
3.680638697129103 2
	a 103 114 0.8912051823075086
	a 114 103 0.8912051823075086
5.83641039441041 2
	a 104 138 0.8388352740840189
	a 138 104 0.8388352740840189
6.678694691382908 2
	a 104 123 0.8203332261373725
	a 123 104 0.8203332261373725
8.085371839452737 2
	a 104 192 0.7916584159521537
	a 192 104 0.7916584159521537
7.735753447991144 2
	a 104 202 0.7985362010084391
	a 202 104 0.7985362010084391
1.897775697121318 2
	a 105 132 0.9405789769402959
	a 132 105 0.9405789769402959
0.3002129760370238 2
	a 106 113 0.9900923780751469
	a 113 106 0.9900923780751469
2.819843867028712 2
	a 106 120 0.9143116661079942
	a 120 106 0.9143116661079942
0.5753689120435835 2
	a 107 117 0.9811842105722803
	a 117 107 0.9811842105722803
0.5413870400114591 2
	a 107 109 0.9822755489807651
	a 109 107 0.9822755489807651
0.5308290191434861 2
	a 108 117 0.9826151268297626
	a 117 108 0.9826151268297626
3.969737804012488 2
	a 108 112 0.8837375715313791
	a 112 108 0.8837375715313791
0.8272569866452942 2
	a 109 118 0.9731713725222706
	a 118 109 0.9731713725222706
0.5143760708184569 2
	a 110 117 0.9831447800380628
	a 117 110 0.9831447800380628
1.629075776146061 2
	a 111 132 0.9485423247803125
	a 132 111 0.9485423247803125
11.14175592936283 2
	a 111 179 0.7378938033778585
	a 179 111 0.7378938033778585
0.4068472581547501 2
	a 112 117 0.986620689469499
	a 117 112 0.986620689469499
1.763004785337253 2
	a 113 138 0.9445552952885187
	a 138 113 0.9445552952885187
2.987780420314016 2
	a 114 153 0.9096989972666629
	a 153 114 0.9096989972666629
3.258333259318663 2
	a 114 146 0.9023755599113619
	a 146 114 0.9023755599113619
2.765972430484548 2
	a 115 153 0.915802312256082
	a 153 115 0.915802312256082
0.4261984914158477 2
	a 116 119 0.9859933135416687
	a 119 116 0.9859933135416687
0.3002129760370238 2
	a 117 118 0.9900923780751469
	a 118 117 0.9900923780751469
1.784624015762082 2
	a 118 130 0.9439150272450716
	a 130 118 0.9439150272450716
1.875380545687836 2
	a 118 148 0.9412372570879349
	a 148 118 0.9412372570879349
0.7884591958105146 2
	a 119 132 0.9743968235948948
	a 132 119 0.9743968235948948
0.9337457621014058 2
	a 120 138 0.9698241054569177
	a 138 120 0.9698241054569177
0.7241308354215087 2
	a 121 132 0.9764356703146633
	a 132 121 0.9764356703146633
0.2701555345749592 2
	a 122 125 0.9910754242055927
	a 125 122 0.9910754242055927
4.7740946287638 2
	a 123 138 0.8637020989836148
	a 138 123 0.8637020989836148
5.443430814363468 2
	a 123 162 0.8478296021273752
	a 162 123 0.8478296021273752
6.117040387947037 2
	a 123 193 0.8325550485337307
	a 193 123 0.8325550485337307
6.867686765614243 2
	a 123 207 0.8163225162171782
	a 207 123 0.8163225162171782
4.999349455687507 2
	a 124 179 0.858281193469462
	a 179 124 0.858281193469462
0.2591518306177774 2
	a 124 126 0.9914357996108145
	a 126 124 0.9914357996108145
0.5753689120435835 2
	a 125 138 0.9811842105722803
	a 138 125 0.9811842105722803
4.236326861276161 2
	a 126 179 0.876977802977343
	a 179 126 0.876977802977343
0.7671585448709205 2
	a 127 142 0.975070966213913
	a 142 127 0.975070966213913
3.42137733418838 2
	a 127 151 0.8980255806237299
	a 151 127 0.8980255806237299
1.633020205519121 2
	a 128 153 0.9484243907190164
	a 153 128 0.9484243907190164
1.775246850978804 2
	a 128 149 0.9441926249626991
	a 149 128 0.9441926249626991
0.9493102690277512 2
	a 129 145 0.9693368529259123
	a 145 129 0.9693368529259123
8.468742713421257 2
	a 129 163 0.7842986445187775
	a 163 129 0.7842986445187775
0.1917896373478611 2
	a 129 132 0.9936477087493498
	a 132 129 0.9936477087493498
1.995071677409972 2
	a 130 138 0.9377304543570391
	a 138 130 0.9377304543570391
1.027006667447879 2
	a 130 148 0.9669120859946405
	a 148 130 0.9669120859946405
3.858694721581767 2
	a 131 154 0.8865888726043425
	a 154 131 0.8865888726043425
1.671496971264591 2
	a 131 157 0.9472756033872035
	a 157 131 0.9472756033872035
2.685054913829007 2
	a 131 140 0.9180514192421061
	a 140 131 0.9180514192421061
3.501763544488972 2
	a 131 136 0.8958982348220942
	a 136 131 0.8958982348220942
0.8266086393752234 2
	a 132 145 0.9731918249221194
	a 145 132 0.9731918249221194
4.744613581373939 2
	a 133 154 0.8644176231544152
	a 154 133 0.8644176231544152
1.027006667447879 2
	a 133 136 0.9669120859946405
	a 136 133 0.9669120859946405
4.780216210828377 2
	a 133 191 0.8635537004504019
	a 191 133 0.8635537004504019
1.082484264638834 2
	a 133 145 0.9651883981195207
	a 145 133 0.9651883981195207
4.421034314018743 2
	a 134 164 0.8723642260267341
	a 164 134 0.8723642260267341
3.964566137967303 2
	a 134 166 0.8838698985130302
	a 166 134 0.8838698985130302
2.653997161533844 2
	a 134 165 0.9189178984574791
	a 165 134 0.9189178984574791
0.9260422855687234 2
	a 135 147 0.9700654526900963
	a 147 135 0.9700654526900963
4.713604492531377 2
	a 136 191 0.8651717529452456
	a 191 136 0.8651717529452456
1.330335433485705 2
	a 137 153 0.9575650541742107
	a 153 137 0.9575650541742107
1.736200693454497 2
	a 137 146 0.9453503988767245
	a 146 137 0.9453503988767245
0.4068472581547501 2
	a 138 143 0.986620689469499
	a 143 138 0.986620689469499
4.806416473572153 2
	a 138 162 0.862919241213447
	a 162 138 0.862919241213447
4.611929117945444 2
	a 139 153 0.8676554260332998
	a 153 139 0.8676554260332998
2.375760709183763 2
	a 139 165 0.9267609631215958
	a 165 139 0.9267609631215958
1.221882173440967 2
	a 140 157 0.9608853376828252
	a 157 140 0.9608853376828252
6.693922654257307 2
	a 141 218 0.8200081896550675
	a 218 141 0.8200081896550675
1.370876854135283 2
	a 141 158 0.9563300347516961
	a 158 141 0.9563300347516961
0.2701555345749592 2
	a 142 144 0.9910754242055927
	a 144 142 0.9910754242055927
3.507938984089476 2
	a 142 151 0.8957352786594546
	a 151 142 0.8957352786594546
3.196306343458535 2
	a 143 167 0.9040428791578058
	a 167 143 0.9040428791578058
2.3831614416306 2
	a 143 169 0.9265504588082816
	a 169 143 0.9265504588082816
0.7283443128863859 2
	a 144 153 0.976301859045213
	a 153 144 0.976301859045213
2.501242687793268 2
	a 144 150 0.9232058001474852
	a 150 144 0.9232058001474852
3.27062794387227 2
	a 145 184 0.9020458896641289
	a 184 145 0.9020458896641289
0.6345790254324017 2
	a 146 153 0.9792885563192237
	a 153 146 0.9792885563192237
0.5488408072586609 2
	a 147 153 0.9820359572016657
	a 153 147 0.9820359572016657
3.141371227360553 2
	a 148 185 0.9055253349618864
	a 185 148 0.9055253349618864
0.4518359985116184 2
	a 149 153 0.9851633791903387
	a 153 149 0.9851633791903387
0.4217785570495555 2
	a 150 153 0.9861365385453571
	a 153 150 0.9861365385453571
2.255077037411157 2
	a 150 151 0.9302083513075068
	a 151 150 0.9302083513075068
0.3403795954308141 2
	a 151 153 0.9887817766713458
	a 153 151 0.9887817766713458
5.104153038156664 2
	a 152 210 0.8557866413768717
	a 210 152 0.8557866413768717
6.370126804024493 2
	a 152 156 0.826991108093819
	a 156 152 0.826991108093819
1.413255877275242 2
	a 153 168 0.9550425995428069
	a 168 153 0.9550425995428069
1.633168994081954 2
	a 153 165 0.9484199427130345
	a 165 153 0.9484199427130345
2.845914354538187 2
	a 154 187 0.9135922043719575
	a 187 154 0.9135922043719575
3.752499893269673 2
	a 154 184 0.8893354996487451
	a 184 154 0.8893354996487451
1.618531669454317 2
	a 155 171 0.9488577341662152
	a 171 155 0.9488577341662152
3.717000883291363 2
	a 156 199 0.8902579924566963
	a 199 156 0.8902579924566963
3.311996028424642 2
	a 157 192 0.9009386259880117
	a 192 157 0.9009386259880117
3.818662465755245 2
	a 157 190 0.8876219855623997
	a 190 157 0.8876219855623997
3.659070055900562 2
	a 157 198 0.8917681045410368
	a 198 157 0.8917681045410368
4.128305917127941 2
	a 157 191 0.8797023680858826
	a 191 157 0.8797023680858826
4.987728311290299 2
	a 158 205 0.8585588768544705
	a 205 158 0.8585588768544705
5.196118451422672 2
	a 158 215 0.8536119769520809
	a 215 158 0.8536119769520809
2.699124514751566 2
	a 159 188 0.9176594819752828
	a 188 159 0.9176594819752828
0.5424630108730013 2
	a 160 165 0.9822409559256213
	a 165 160 0.9822409559256213
0.7884591958105146 2
	a 161 168 0.9743968235948948
	a 168 161 0.9743968235948948
0.4151947874586657 2
	a 162 167 0.9863499594430311
	a 167 162 0.9863499594430311
6.159211950629017 2
	a 162 207 0.8316214038522489
	a 207 162 0.8316214038522489
2.782004337102639 2
	a 163 191 0.9153581427383932
	a 191 163 0.9153581427383932
1.417846655846283 2
	a 163 177 0.9549033541977192
	a 177 163 0.9549033541977192
4.198182277275925 2
	a 164 184 0.8779376670120159
	a 184 164 0.8779376670120159
2.486272693203688 2
	a 164 174 0.9236283702106962
	a 174 164 0.9236283702106962
0.4068472581547501 2
	a 164 170 0.986620689469499
	a 170 164 0.986620689469499
2.03569844557326 2
	a 164 166 0.9365464868607635
	a 166 164 0.9365464868607635
5.188805765243023 2
	a 164 171 0.853784409207886
	a 171 164 0.853784409207886
0.247517838888265 2
	a 165 168 0.9918171047969631
	a 168 165 0.9918171047969631
1.00519166664295 2
	a 166 174 0.9675916258490693
	a 174 166 0.9675916258490693
0.99986533083179 2
	a 166 172 0.9677576919995778
	a 172 166 0.9677576919995778
0.2701555345749592 2
	a 167 169 0.9910754242055927
	a 169 167 0.9910754242055927
3.769154136056462 2
	a 167 209 0.8889034670032346
	a 209 167 0.8889034670032346
1.493347064546847 2
	a 168 187 0.9526194143552711
	a 187 168 0.9526194143552711
1.756468616875567 2
	a 169 185 0.9447490500526149
	a 185 169 0.9447490500526149
3.298787271095089 2
	a 169 209 0.9012918415507905
	a 209 169 0.9012918415507905
1.088420984350353 2
	a 170 184 0.9650043216734201
	a 184 170 0.9650043216734201
0.8678838813832842 2
	a 171 184 0.9718915409211399
	a 184 171 0.9718915409211399
1.126737926931244 2
	a 172 180 0.9638180012646471
	a 180 172 0.9638180012646471
3.394828742383747 2
	a 172 182 0.8987306723239108
	a 182 172 0.8987306723239108
0.3002129760370238 2
	a 172 174 0.9900923780751469
	a 174 172 0.9900923780751469
1.088420984350353 2
	a 173 189 0.9650043216734201
	a 189 173 0.9650043216734201
0.2701555345749592 2
	a 174 180 0.9910754242055927
	a 180 174 0.9910754242055927
2.707770724189268 2
	a 174 184 0.9174188065892863
	a 184 174 0.9174188065892863
0.8249184195643712 2
	a 175 187 0.9732451478060973
	a 187 175 0.9732451478060973
0.247517838888265 2
	a 175 182 0.9918171047969631
	a 182 175 0.9918171047969631
0.8266086393752234 2
	a 176 185 0.9731918249221194
	a 185 176 0.9731918249221194
2.460325435208182 2
	a 176 209 0.9243618040220928
	a 209 176 0.9243618040220928
7.692069055423392 2
	a 176 214 0.7994068930882348
	a 214 176 0.7994068930882348
0.9308612421642376 2
	a 177 191 0.969914461944419
	a 191 177 0.969914461944419
10.34806380083057 2
	a 178 243 0.7508204083279977
	a 243 178 0.7508204083279977
5.828292860382054 2
	a 178 230 0.8390186908337585
	a 230 178 0.8390186908337585
8.239573482452144 2
	a 178 212 0.7886754941410462
	a 212 178 0.7886754941410462
2.070387775261539 2
	a 179 204 0.9355380863343382
	a 204 179 0.9355380863343382
0.1356157527182506 2
	a 180 184 0.9954998486103701
	a 184 180 0.9954998486103701
0.9849989873620122 2
	a 180 182 0.9682215115723076
	a 182 180 0.9682215115723076
0.4217785570495555 2
	a 181 187 0.9861365385453571
	a 187 181 0.9861365385453571
0.4217785570495555 2
	a 182 187 0.9861365385453571
	a 187 182 0.9861365385453571
0.3981115513613038 2
	a 183 187 0.986904170385881
	a 187 183 0.986904170385881
0.3103221494482235 2
	a 184 187 0.989762194094717
	a 187 184 0.989762194094717
2.140995922531718 2
	a 185 209 0.933492734904104
	a 209 185 0.933492734904104
0.2712315054364995 2
	a 186 189 0.9910401999457994
	a 189 186 0.9910401999457994
13.13888034557277 2
	a 186 234 0.7082382260868708
	a 234 186 0.7082382260868708
12.36098824332409 2
	a 186 233 0.7193222732631582
	a 233 186 0.7193222732631582
12.91738248184662 2
	a 186 245 0.7113359962621103
	a 245 186 0.7113359962621103
0.4068472581547501 2
	a 187 192 0.986620689469499
	a 192 187 0.986620689469499
4.343445987791957 2
	a 188 220 0.8742952904593966
	a 220 188 0.8742952904593966
0.6780787635912512 2
	a 188 197 0.9779006413097311
	a 197 188 0.9779006413097311
2.443261655450811 2
	a 189 194 0.9248448264670417
	a 194 189 0.9248448264670417
3.293852218374197 2
	a 189 221 0.9014238896980526
	a 221 189 0.9014238896980526
0.1356157527182506 2
	a 190 192 0.9954998486103701
	a 192 190 0.9954998486103701
0.5294379043957786 2
	a 191 198 0.9826598871066465
	a 198 191 0.9826598871066465
1.018458359022064 2
	a 192 202 0.9671782490634919
	a 202 192 0.9671782490634919
3.473803703517877 2
	a 192 196 0.8966368731276397
	a 196 192 0.8966368731276397
6.619838055933022 2
	a 192 198 0.8215926110210303
	a 198 192 0.8215926110210303
0.9141633717897993 2
	a 193 202 0.9704378579284878
	a 202 193 0.9704378579284878
1.342527456914504 2
	a 193 207 0.9571932956869043
	a 207 193 0.9571932956869043
3.781457472895092 2
	a 194 214 0.8885846104309545
	a 214 194 0.8885846104309545
2.724609219058225 2
	a 194 221 0.9169504892015994
	a 221 194 0.9169504892015994
1.491773279900752 2
	a 195 206 0.9526669052122294
	a 206 195 0.9526669052122294
0.5753689120435835 2
	a 195 201 0.9811842105722803
	a 201 195 0.9811842105722803
5.599009106430293 2
	a 195 212 0.8442405976458508
	a 212 195 0.8442405976458508
0.1917896373478611 2
	a 195 199 0.9936477087493498
	a 199 195 0.9936477087493498
4.608807690849853 2
	a 195 210 0.8677319413014954
	a 210 195 0.8677319413014954
0.6780787635912512 2
	a 196 202 0.9779006413097311
	a 202 196 0.9779006413097311
4.755805533557469 2
	a 196 228 0.8641458215924822
	a 228 196 0.8641458215924822
8.12946131175333 2
	a 196 198 0.7908024035628387
	a 198 196 0.7908024035628387
3.166491138853976 2
	a 197 218 0.9048467859220236
	a 218 197 0.9048467859220236
0.4518359985116184 2
	a 197 200 0.9851633791903387
	a 200 197 0.9851633791903387
0.8266086393752234 2
	a 197 203 0.9731918249221194
	a 203 197 0.9731918249221194
3.852339441931584 2
	a 198 226 0.8867526993337177
	a 226 198 0.8867526993337177
0.3835792746957232 2
	a 199 201 0.9873761207069657
	a 201 199 0.9873761207069657
1.783013673629581 2
	a 200 218 0.943962686808074
	a 218 200 0.943962686808074
0.5753689120435835 2
	a 200 203 0.9811842105722803
	a 203 200 0.9811842105722803
0.4068472581547501 2
	a 201 206 0.986620689469499
	a 206 201 0.986620689469499
0.4068472581547501 2
	a 202 207 0.986620689469499
	a 207 202 0.986620689469499
0.8126185454479601 2
	a 202 211 0.97363336400097
	a 211 202 0.97363336400097
5.398766376476601 2
	a 202 228 0.8488668532128473
	a 228 202 0.8488668532128473
0.2701555345749592 2
	a 203 208 0.9910754242055927
	a 208 203 0.9910754242055927
2.990698911997238 2
	a 204 225 0.9096192914798604
	a 225 204 0.9096192914798604
2.868845472987987 2
	a 205 224 0.9129604119633292
	a 224 205 0.9129604119633292
1.027952275406858 2
	a 205 216 0.9668826525367566
	a 216 205 0.9668826525367566
5.141778448891295 2
	a 205 215 0.8548953184894903
	a 215 205 0.8548953184894903
10.31550559584734 2
	a 206 244 0.7513654170821364
	a 244 206 0.7513654170821364
8.157727680489769 2
	a 206 243 0.7902549243685721
	a 243 206 0.7902549243685721
7.945018996848364 2
	a 206 215 0.7944002291740753
	a 215 206 0.7944002291740753
5.694501984876053 2
	a 207 209 0.8420560569234234
	a 209 207 0.8420560569234234
2.093433633679189 2
	a 207 222 0.9348694435092513
	a 222 207 0.9348694435092513
0.4068472581547501 2
	a 207 211 0.986620689469499
	a 211 207 0.986620689469499
0.8683645126519677 2
	a 208 218 0.9718764207747155
	a 218 208 0.9718764207747155
0.9493102690277512 2
	a 209 213 0.9693368529259123
	a 213 209 0.9693368529259123
4.555765861070322 2
	a 209 223 0.869034588105456
	a 223 209 0.869034588105456
3.734457162160254 2
	a 209 231 0.889804093131221
	a 231 209 0.889804093131221
0.2701555345749592 2
	a 210 212 0.9910754242055927
	a 212 210 0.9910754242055927
1.435634045095961 2
	a 211 222 0.9543642377079159
	a 222 211 0.9543642377079159
6.33306296908082 2
	a 211 228 0.8278000767621614
	a 228 211 0.8278000767621614
7.611409145410664 2
	a 212 243 0.801021238500351
	a 243 212 0.801021238500351
3.271409407044684 2
	a 213 231 0.9020249446059672
	a 231 213 0.9020249446059672
6.82859708899489 2
	a 213 214 0.8171479209012221
	a 214 213 0.8171479209012221
3.056622240212915 2
	a 214 231 0.9078230104655129
	a 231 214 0.9078230104655129
1.572591308840098 2
	a 214 221 0.9502345538879484
	a 221 214 0.9502345538879484
9.27684210349771 2
	a 215 235 0.7693877948973972
	a 235 215 0.7693877948973972
8.381387024246948 2
	a 215 244 0.7859591485764554
	a 244 215 0.7859591485764554
4.667306969750276 2
	a 215 219 0.8663005973090734
	a 219 215 0.8663005973090734
4.977193991535377 2
	a 215 216 0.8588107768879506
	a 216 215 0.8588107768879506
0.572507812946912 2
	a 216 219 0.9812760003733393
	a 219 216 0.9812760003733393
0.6981164340668319 2
	a 217 220 0.9772626664842042
	a 220 217 0.9772626664842042
5.153398603293508 2
	a 217 234 0.8546204957261678
	a 234 217 0.8546204957261678
1.77982890493642 2
	a 218 220 0.9440569580465148
	a 220 218 0.9440569580465148
1.703770921109608 2
	a 218 224 0.9463142812540988
	a 224 218 0.9463142812540988
2.711563110221431 2
	a 219 229 0.917313285712267
	a 229 219 0.917313285712267
1.581537861964821 2
	a 219 227 0.9499660974642323
	a 227 219 0.9499660974642323
6.436794138341683 2
	a 220 234 0.8255410245528394
	a 234 220 0.8255410245528394
1.695752562881215 2
	a 220 229 0.9465529255522346
	a 229 220 0.9465529255522346
3.381424901793908 2
	a 221 231 0.8990871330562931
	a 231 221 0.8990871330562931
4.443211802169113 2
	a 221 236 0.8718140925988456
	a 236 221 0.8718140925988456
0.1356157527182506 2
	a 222 223 0.9954998486103701
	a 223 222 0.9954998486103701
7.846782227480476 2
	a 222 237 0.7963346183592552
	a 237 222 0.7963346183592552
4.797496528258114 2
	a 223 238 0.8631351200470008
	a 238 223 0.8631351200470008
6.423630902699792 2
	a 223 239 0.8258268281523219
	a 239 223 0.8258268281523219
1.165489355260694 2
	a 224 229 0.9626213070482963
	a 229 224 0.9626213070482963
0.3981115513613038 2
	a 224 227 0.986904170385881
	a 227 224 0.986904170385881
0.7623395882754054 2
	a 225 230 0.9752236138237385
	a 230 225 0.9752236138237385
3.423052912018465 2
	a 226 228 0.897981121584349
	a 228 226 0.897981121584349
1.088420984350353 2
	a 226 232 0.9650043216734201
	a 232 226 0.9650043216734201
0.2701555345749592 2
	a 227 229 0.9910754242055927
	a 229 227 0.9910754242055927
3.412666042750948 2
	a 228 237 0.8982568022140109
	a 237 228 0.8982568022140109
4.111011667439872 2
	a 228 232 0.8801403983882625
	a 232 228 0.8801403983882625
2.075429932783403 2
	a 229 234 0.9353917074953507
	a 234 229 0.9353917074953507
3.045695421346476 2
	a 229 235 0.9081201992409631
	a 235 229 0.9081201992409631
4.349242467253591 2
	a 230 242 0.8741506787382429
	a 242 230 0.8741506787382429
3.644003100568314 2
	a 231 238 0.8921618190793603
	a 238 231 0.8921618190793603
2.292841933467983 2
	a 231 236 0.9291265953809196
	a 236 231 0.9291265953809196
2.521562118077222 2
	a 232 237 0.9226329015507376
	a 237 232 0.9226329015507376
0.4068472581547501 2
	a 233 234 0.986620689469499
	a 234 233 0.986620689469499
0.2701555345749592 2
	a 233 235 0.9910754242055927
	a 235 233 0.9910754242055927
0.1356157527182506 2
	a 234 235 0.9954998486103701
	a 235 234 0.9954998486103701
4.657258136307985 2
	a 235 245 0.8665460724373266
	a 245 235 0.8665460724373266
5.860844695945439 2
	a 235 244 0.8382837765040623
	a 244 235 0.8382837765040623
1.515225646537176 2
	a 236 238 0.9519597175154471
	a 238 236 0.9519597175154471
1.220541774464252 2
	a 236 240 0.9609265242053444
	a 240 236 0.9609265242053444
1.106545252170832 2
	a 237 241 0.9644428034543762
	a 241 237 0.9644428034543762
15.40246878132238 2
	a 237 242 0.6790700099357646
	a 242 237 0.6790700099357646
0.5143760708184569 2
	a 238 240 0.9831447800380628
	a 240 238 0.9831447800380628
1.005484153657362 2
	a 238 239 0.9675825083060545
	a 239 238 0.9675825083060545
1.098491529874655 2
	a 239 240 0.9646922366346682
	a 240 239 0.9646922366346682
2.11597334246402 2
	a 239 241 0.9342164788454855
	a 241 239 0.9342164788454855
3.081419417858545 2
	a 239 246 0.9071493767834968
	a 246 239 0.9071493767834968
3.016343249606422 2
	a 240 246 0.9089195953982387
	a 246 240 0.9089195953982387
2.662300697087576 2
	a 241 246 0.9186860626543647
	a 246 241 0.9186860626543647
8.485576900229802 2
	a 242 249 0.7839797610576227
	a 249 242 0.7839797610576227
7.704602939041643 2
	a 242 248 0.7991568155073973
	a 248 242 0.7991568155073973
11.01449605535834 2
	a 242 243 0.7399206782446138
	a 243 242 0.7399206782446138
7.505486592845303 2
	a 243 248 0.8031544239148102
	a 248 243 0.8031544239148102
7.023288944135646 2
	a 243 244 0.8130581122600709
	a 244 243 0.8130581122600709
1.027952275406858 2
	a 244 245 0.9668826525367566
	a 245 244 0.9668826525367566
7.061977541686863 2
	a 244 248 0.8122517007171537
	a 248 244 0.8122517007171537
11.01095154779899 2
	a 245 246 0.739977378320657
	a 246 245 0.739977378320657
5.415708215069655 2
	a 245 248 0.8484730459208574
	a 248 245 0.8484730459208574
4.457326802725157 2
	a 246 247 0.8714643800894746
	a 247 246 0.8714643800894746
1.610564433844173 2
	a 247 249 0.9490962078480449
	a 249 247 0.9490962078480449
2.869251027375966 2
	a 247 248 0.9129492469204554
	a 248 247 0.9129492469204554
0.8136945163095008 2
	a 248 249 0.9735993908395411
	a 249 248 0.9735993908395411
