0.1917896373478611 2
	a 0 9 0.9936477087493498
	a 9 0 0.9936477087493498
10.05347901866764 2
	a 1 28 0.7557949543179234
	a 28 1 0.7557949543179234
1.70508543103913 2
	a 1 40 0.946275170664206
	a 40 1 0.946275170664206
2.05089244122213 2
	a 1 58 0.9361045183793331
	a 58 1 0.9361045183793331
3.423664905225757 2
	a 1 9 0.8979648844660486
	a 9 1 0.8979648844660486
5.00236351579167 2
	a 2 110 0.8582092086318378
	a 110 2 0.8582092086318378
7.491584477377353 2
	a 2 235 0.8034355200094268
	a 235 2 0.8034355200094268
7.44434191170291 2
	a 2 166 0.8043926980352012
	a 166 2 0.8043926980352012
2.5686516911005 2
	a 3 56 0.9213082084211554
	a 56 3 0.9213082084211554
3.352142427509702 2
	a 3 34 0.8998669779155906
	a 34 3 0.8998669779155906
0.6623180749170225 2
	a 3 19 0.9784030414175598
	a 19 3 0.9784030414175598
0.2712315054364995 2
	a 3 15 0.9910401999457994
	a 15 3 0.9910401999457994
3.548973390602811 2
	a 4 90 0.8946541739302918
	a 90 4 0.8946541739302918
3.630359387355593 2
	a 4 77 0.8925186842464561
	a 77 4 0.8925186842464561
0.3403795954308141 2
	a 5 23 0.9887817766713458
	a 23 5 0.9887817766713458
2.045198491790077 2
	a 5 43 0.9362700936082269
	a 43 5 0.9362700936082269
4.886763377907084 2
	a 6 30 0.8609804758052662
	a 30 6 0.8609804758052662
0.9056588220468618 2
	a 6 39 0.9707046576993192
	a 39 6 0.9707046576993192
5.106508118715744 2
	a 7 37 0.8557307853483489
	a 37 7 0.8557307853483489
1.951083460350882 2
	a 7 59 0.9390160038861124
	a 59 7 0.9390160038861124
7.401572816973405 2
	a 8 116 0.805261843207262
	a 116 8 0.805261843207262
6.088447687024834 2
	a 8 187 0.8331895628937744
	a 187 8 0.8331895628937744
11.81909053315472 2
	a 8 273 0.7273904831063742
	a 273 8 0.7273904831063742
1.885661603024556 2
	a 9 58 0.9409349350035119
	a 58 9 0.9409349350035119
0.5413870400114591 2
	a 10 21 0.9822755489807651
	a 21 10 0.9822755489807651
2.455712655241525 2
	a 10 72 0.9244923232648297
	a 72 10 0.9244923232648297
0.1917896373478611 2
	a 11 18 0.9936477087493498
	a 18 11 0.9936477087493498
0.6981164340668319 2
	a 12 35 0.9772626664842042
	a 35 12 0.9772626664842042
1.392998929689093 2
	a 12 19 0.9556575329443662
	a 19 12 0.9556575329443662
1.533956076087579 2
	a 13 55 0.9513957097490873
	a 55 13 0.9513957097490873
0.6623180749170225 2
	a 13 17 0.9784030414175598
	a 17 13 0.9784030414175598
3.539074620511426 2
	a 13 51 0.8949146992790775
	a 51 13 0.8949146992790775
0.7241308354215087 2
	a 14 39 0.9764356703146633
	a 39 14 0.9764356703146633
0.3981115513613038 2
	a 15 19 0.986904170385881
	a 19 15 0.986904170385881
5.332599957024176 2
	a 15 115 0.8504091369947693
	a 115 15 0.8504091369947693
3.233828631974798 2
	a 15 86 0.9030334346741085
	a 86 15 0.9030334346741085
4.18856859409938 2
	a 15 67 0.8781799695171146
	a 67 15 0.8781799695171146
1.392998929689093 2
	a 16 53 0.9556575329443662
	a 53 16 0.9556575329443662
10.14516269020737 2
	a 16 123 0.7542362414164951
	a 123 16 0.7542362414164951
1.456176147404825 2
	a 17 55 0.9537424238068248
	a 55 17 0.9537424238068248
0.6027356872459425 2
	a 18 38 0.9803071135846667
	a 38 18 0.9803071135846667
1.972151023975755 2
	a 19 56 0.938399836852394
	a 56 19 0.938399836852394
0.5308290191434861 2
	a 19 35 0.9826151268297626
	a 35 19 0.9826151268297626
4.577262454169968 2
	a 19 67 0.8685061011262113
	a 67 19 0.8685061011262113
2.150208232805992 2
	a 20 70 0.9332265853358443
	a 70 20 0.9332265853358443
4.792798445982997 2
	a 21 31 0.8632488737716137
	a 31 21 0.8632488737716137
4.94452516930317 2
	a 21 100 0.8595930901861981
	a 100 21 0.8595930901861981
2.210738904586905 2
	a 21 72 0.9314818749036914
	a 72 21 0.9314818749036914
5.761003795646526 2
	a 21 104 0.8405429237936148
	a 104 21 0.8405429237936148
4.887591999197241 2
	a 22 144 0.8609605352822038
	a 144 22 0.8609605352822038
3.937893353776857 2
	a 22 101 0.8845530976911682
	a 101 22 0.8845530976911682
5.912508751046806 2
	a 22 109 0.8371206399543322
	a 109 22 0.8371206399543322
3.706611776363926 2
	a 22 71 0.8905283815501222
	a 71 22 0.8905283815501222
1.056839081691459 2
	a 23 44 0.9659844011520589
	a 44 23 0.9659844011520589
1.10463182239258 2
	a 23 43 0.9645020524792858
	a 43 23 0.9645020524792858
3.588537744959305 2
	a 24 103 0.8936145963677842
	a 103 24 0.8936145963677842
0.487629339878578 2
	a 25 37 0.9840070514701087
	a 37 25 0.9840070514701087
3.093340218822957 2
	a 26 48 0.9068259355442466
	a 48 26 0.9068259355442466
0.8546955794297674 2
	a 26 42 0.9723066199093672
	a 42 26 0.9723066199093672
1.907063667424035 2
	a 27 67 0.9403062557529643
	a 67 27 0.9403062557529643
6.625989505106872 2
	a 27 48 0.8214607540198409
	a 48 27 0.8214607540198409
1.498151076286413 2
	a 28 59 0.9524744783003191
	a 59 28 0.9524744783003191
12.12062194293704 2
	a 28 50 0.7228650955161016
	a 50 28 0.7228650955161016
12.39799280966329 2
	a 28 40 0.7187818783991038
	a 40 28 0.7187818783991038
14.51724903429704 2
	a 28 58 0.6899558156935992
	a 58 28 0.6899558156935992
0.8678838813832842 2
	a 29 46 0.9718915409211399
	a 46 29 0.9718915409211399
7.236824137981996 2
	a 30 130 0.8086330886193465
	a 130 30 0.8086330886193465
0.3002129760370238 2
	a 30 39 0.9900923780751469
	a 39 30 0.9900923780751469
3.118687187250631 2
	a 31 100 0.9061390624364682
	a 100 31 0.9061390624364682
2.916610982045961 2
	a 32 94 0.911647485872328
	a 94 32 0.911647485872328
5.810053554239069 2
	a 32 197 0.8394311726083353
	a 197 32 0.8394311726083353
0.8188558710369543 2
	a 33 52 0.9734364579093151
	a 52 33 0.9734364579093151
5.804515725661544 2
	a 34 114 0.8395565098533024
	a 114 34 0.8395565098533024
3.30072683402889 2
	a 34 47 0.9012399561865931
	a 47 34 0.9012399561865931
1.057281840000934 2
	a 34 56 0.9659706467906755
	a 56 34 0.9659706467906755
4.297993663066522 2
	a 34 65 0.8754311832949424
	a 65 34 0.8754311832949424
4.362286718154571 2
	a 34 85 0.8738254524812861
	a 85 34 0.8738254524812861
3.920906626369651 2
	a 34 78 0.8849888309436058
	a 78 34 0.8849888309436058
1.025590215157039 2
	a 35 56 0.9669561786560346
	a 56 35 0.9669561786560346
1.654092624187943 2
	a 35 54 0.9477948739037747
	a 54 35 0.9477948739037747
1.165489355260694 2
	a 36 61 0.9626213070482963
	a 61 36 0.9626213070482963
1.807098995148141 2
	a 37 76 0.9432503932181822
	a 76 37 0.9432503932181822
6.753272555843501 2
	a 37 68 0.8187445276067229
	a 68 37 0.8187445276067229
0.6981164340668319 2
	a 38 51 0.9772626664842042
	a 51 38 0.9772626664842042
1.200526638806247 2
	a 38 39 0.9615419685147637
	a 39 38 0.9615419685147637
5.392010763644916 2
	a 39 198 0.8490240092257044
	a 198 39 0.8490240092257044
0.8297017860658475 2
	a 40 58 0.973094258200252
	a 58 40 0.973094258200252
2.820674875156118 2
	a 41 103 0.9142887136530016
	a 103 41 0.9142887136530016
5.948274779401166 2
	a 42 227 0.8363177664301297
	a 227 42 0.8363177664301297
3.849845825360576 2
	a 42 48 0.886816998874179
	a 48 42 0.886816998874179
1.503778442904405 2
	a 42 62 0.9523047608194137
	a 62 42 0.9523047608194137
6.154604107075759 2
	a 42 76 0.8317232901371741
	a 76 42 0.8317232901371741
0.4217785570495555 2
	a 43 44 0.9861365385453571
	a 44 43 0.9861365385453571
0.9493102690277512 2
	a 43 66 0.9693368529259123
	a 66 43 0.9693368529259123
0.9056588220468618 2
	a 44 66 0.9707046576993192
	a 66 44 0.9707046576993192
1.583572297158699 2
	a 45 79 0.9499050731450112
	a 79 45 0.9499050731450112
1.127108817932829 2
	a 45 56 0.9638065330115606
	a 56 45 0.9638065330115606
1.768027563368052 2
	a 45 54 0.9444064600374136
	a 54 45 0.9444064600374136
3.461914998281608 2
	a 46 130 0.8969513643323144
	a 130 46 0.8969513643323144
2.69429133206359 2
	a 47 109 0.9177940786303092
	a 109 47 0.9177940786303092
3.614319868173251 2
	a 47 114 0.8929386294614464
	a 114 47 0.8929386294614464
0.726203378641899 2
	a 47 65 0.9763698459609977
	a 65 47 0.9763698459609977
8.827544126675063 2
	a 48 67 0.7775788832191184
	a 67 48 0.7775788832191184
3.396951721102573 2
	a 48 129 0.8986742432018068
	a 129 48 0.8986742432018068
2.574014543713339 2
	a 48 62 0.9211576077559758
	a 62 48 0.9211576077559758
2.862230543417649 2
	a 49 72 0.9131425657275529
	a 72 49 0.9131425657275529
1.694756523944324 2
	a 49 80 0.9465825788101658
	a 80 49 0.9465825788101658
17.88698435094387 2
	a 49 268 0.651736046483407
	a 268 49 0.651736046483407
4.264702775897122 2
	a 50 173 0.876265337754806
	a 173 50 0.876265337754806
5.395456090883774 2
	a 50 159 0.8489438516366276
	a 159 50 0.8489438516366276
12.126647924937 2
	a 50 59 0.7227755814273816
	a 59 50 0.7227755814273816
2.14587465855103 2
	a 50 87 0.9333517647225644
	a 87 50 0.9333517647225644
4.710192223892508 2
	a 51 198 0.8652548333359994
	a 198 51 0.8652548333359994
1.943012329512581 2
	a 51 55 0.9392522911577592
	a 55 51 0.9392522911577592
0.4068472581547501 2
	a 52 60 0.986620689469499
	a 60 52 0.986620689469499
6.814524084116939 2
	a 53 217 0.8174456088073564
	a 217 53 0.8174456088073564
6.696444921916338 2
	a 53 270 0.8199543844250745
	a 270 53 0.8199543844250745
0.1917896373478611 2
	a 54 56 0.9936477087493498
	a 56 54 0.9936477087493498
6.350289858424513 2
	a 55 244 0.8274238278135337
	a 244 55 0.8274238278135337
6.436977983576596 2
	a 55 229 0.8255370346328816
	a 229 55 0.8255370346328816
4.585401713841909 2
	a 55 198 0.8683061975768287
	a 198 55 0.8683061975768287
2.593248460307285 2
	a 56 114 0.9206179198203142
	a 114 56 0.9206179198203142
4.079985748682397 2
	a 56 79 0.8809274924593254
	a 79 56 0.8809274924593254
12.73131553090882 2
	a 57 102 0.7139738325400211
	a 102 57 0.7139738325400211
1.328070587127958 2
	a 57 66 0.9576341470266612
	a 66 57 0.9576341470266612
2.573508439285773 2
	a 57 113 0.9211718179777022
	a 113 57 0.9211718179777022
2.60922277543572 2
	a 58 118 0.9201702193729024
	a 118 58 0.9201702193729024
5.070333737768374 2
	a 58 106 0.8565897100306098
	a 106 58 0.8565897100306098
0.4068472581547501 2
	a 59 68 0.986620689469499
	a 68 59 0.986620689469499
1.972151023975755 2
	a 60 103 0.938399836852394
	a 103 60 0.938399836852394
6.243740602863213 2
	a 61 105 0.8297578921002992
	a 105 61 0.8297578921002992
4.023306939482265 2
	a 61 181 0.8823695830537126
	a 181 61 0.8823695830537126
4.359827254150623 2
	a 61 110 0.8738867515228508
	a 110 61 0.8738867515228508
5.201984949297434 2
	a 62 227 0.8534737063985551
	a 227 62 0.8534737063985551
6.84390388078582 2
	a 62 129 0.8168244514924441
	a 129 62 0.8168244514924441
3.984841325872194 2
	a 63 182 0.8833513800723779
	a 182 63 0.8833513800723779
0.2701555345749592 2
	a 63 64 0.9910754242055927
	a 64 63 0.9910754242055927
0.572507812946912 2
	a 64 75 0.9812760003733393
	a 75 64 0.9812760003733393
1.184441823962497 2
	a 65 85 0.962037155107214
	a 85 65 0.962037155107214
4.433579548675496 2
	a 66 213 0.8720529297814754
	a 213 66 0.8720529297814754
7.358047827161402 2
	a 66 269 0.8061488974601536
	a 269 66 0.8061488974601536
2.85765632805054 2
	a 66 94 0.9132685718107389
	a 94 66 0.9132685718107389
3.907621508330268 2
	a 66 73 0.8853299567887396
	a 73 66 0.8853299567887396
6.517185303137776 2
	a 66 154 0.8238009833722082
	a 154 66 0.8238009833722082
0.9337457621014058 2
	a 67 84 0.9698241054569177
	a 84 67 0.9698241054569177
8.541249368216363 2
	a 67 129 0.7829277243042869
	a 129 67 0.7829277243042869
3.803542141103777 2
	a 68 190 0.8880129139123332
	a 190 68 0.8880129139123332
4.332527405322231 2
	a 69 138 0.8745678412427633
	a 138 69 0.8745678412427633
1.555485357104156 2
	a 69 102 0.9507482928019515
	a 102 69 0.9507482928019515
8.218255671599305 2
	a 70 342 0.789086047780902
	a 342 70 0.789086047780902
9.669368532547994 2
	a 70 263 0.7624297768775228
	a 263 70 0.7624297768775228
5.195527718244882 2
	a 71 101 0.8536259032480933
	a 101 71 0.8536259032480933
3.948391726316256 2
	a 71 201 0.8842840464101209
	a 201 71 0.8842840464101209
9.68498028348206 2
	a 71 183 0.7621567864098522
	a 183 71 0.7621567864098522
5.392801403483267 2
	a 71 171 0.8490056128914555
	a 171 71 0.8490056128914555
1.607067595221909 2
	a 72 104 0.9492009145166291
	a 104 72 0.9492009145166291
0.6623180749170225 2
	a 72 80 0.9784030414175598
	a 80 72 0.9784030414175598
2.137197216805477 2
	a 73 94 0.933602529561728
	a 94 73 0.933602529561728
3.031671174852152 2
	a 73 154 0.908501949556737
	a 154 73 0.908501949556737
3.450666494329196 2
	a 73 180 0.8972491499058065
	a 180 73 0.8972491499058065
8.030976162134344 2
	a 74 111 0.7927179998224703
	a 111 74 0.7927179998224703
3.312357851252894 2
	a 74 174 0.9009289548548127
	a 174 74 0.9009289548548127
3.700570939918522 2
	a 74 196 0.8906856877620483
	a 196 74 0.8906856877620483
8.818988743627481 2
	a 75 342 0.7777372479553153
	a 342 75 0.7777372479553153
8.454210292098873 2
	a 75 352 0.7845742144994268
	a 352 75 0.7845742144994268
3.226691125183462 2
	a 76 146 0.9032252572334579
	a 146 76 0.9032252572334579
3.609460168085094 2
	a 76 139 0.8930659543451733
	a 139 76 0.8930659543451733
3.476438102801781 2
	a 76 190 0.896567219251387
	a 190 76 0.896567219251387
0.6693430567978045 2
	a 77 90 0.9781790423614531
	a 90 77 0.9781790423614531
0.7912195278823925 2
	a 77 95 0.9743095321091263
	a 95 77 0.9743095321091263
0.4217785570495555 2
	a 78 85 0.9861365385453571
	a 85 78 0.9861365385453571
5.054391251657102 2
	a 79 256 0.8569689066060913
	a 256 79 0.8569689066060913
6.167554444067982 2
	a 79 228 0.8314370185057294
	a 228 79 0.8314370185057294
3.785895172924991 2
	a 79 114 0.8884696659722719
	a 114 79 0.8884696659722719
0.7960384844779068 2
	a 80 104 0.9741571781134749
	a 104 80 0.9741571781134749
0.754358709720538 2
	a 80 83 0.9754765278968778
	a 83 80 0.9754765278968778
2.631797667467332 2
	a 81 175 0.9195383418219365
	a 175 81 0.9195383418219365
1.754926729054513 2
	a 81 120 0.9447947692786187
	a 120 81 0.9447947692786187
0.6818217493252244 2
	a 81 93 0.9777814045015603
	a 93 81 0.9777814045015603
2.736686751148054 2
	a 81 103 0.9166149087916212
	a 103 81 0.9166149087916212
5.10458339214529 2
	a 82 91 0.8557764339099521
	a 91 82 0.8557764339099521
2.239509420363549 2
	a 82 98 0.9306550710037038
	a 98 82 0.9306550710037038
2.739326028078531 2
	a 82 152 0.9165416110990628
	a 152 82 0.9165416110990628
2.334951470025192 2
	a 82 147 0.9279235966245962
	a 147 82 0.9279235966245962
2.018621700949928 2
	a 82 145 0.9370437560565134
	a 145 82 0.9370437560565134
1.356792294795199 2
	a 83 104 0.956758716476848
	a 104 83 0.956758716476848
2.255077037411157 2
	a 83 156 0.9302083513075068
	a 156 83 0.9302083513075068
0.1917896373478611 2
	a 84 86 0.9936477087493498
	a 86 84 0.9936477087493498
4.988153213525669 2
	a 84 129 0.8585487201671054
	a 129 84 0.8585487201671054
2.075429932783403 2
	a 85 151 0.9353917074953507
	a 151 85 0.9353917074953507
6.505301276644975 2
	a 86 115 0.8240576223199052
	a 115 86 0.8240576223199052
1.758148945777523 2
	a 86 141 0.9446992311975411
	a 141 86 0.9446992311975411
6.215086906495961 2
	a 86 129 0.8303884129680125
	a 129 86 0.8303884129680125
1.058859358600752 2
	a 87 118 0.9659216442099845
	a 118 87 0.9659216442099845
1.515971031398842 2
	a 88 127 0.951937259144688
	a 127 88 0.951937259144688
0.487629339878578 2
	a 88 103 0.9840070514701087
	a 103 88 0.9840070514701087
2.603710727412789 2
	a 88 118 0.9203246476401649
	a 118 88 0.9203246476401649
1.936327367967538 2
	a 88 106 0.9394480937639456
	a 106 88 0.9394480937639456
1.370440316068332 2
	a 89 128 0.9563433153070282
	a 128 89 0.9563433153070282
6.898289445689587 2
	a 89 173 0.8156778196379419
	a 173 89 0.8156778196379419
0.2701555345749592 2
	a 90 95 0.9910754242055927
	a 95 90 0.9910754242055927
0.2701555345749592 2
	a 90 99 0.9910754242055927
	a 99 90 0.9910754242055927
3.216184674465722 2
	a 91 214 0.9035077872543833
	a 214 91 0.9035077872543833
0.572507812946912 2
	a 91 98 0.9812760003733393
	a 98 91 0.9812760003733393
0.4068472581547501 2
	a 92 103 0.986620689469499
	a 103 92 0.986620689469499
1.055291850609746 2
	a 93 120 0.9660324693343728
	a 120 93 0.9660324693343728
4.532272759982306 2
	a 94 180 0.8696130254223144
	a 180 94 0.8696130254223144
2.671037574697023 2
	a 94 197 0.9184422664027782
	a 197 94 0.9184422664027782
0.1356157527182506 2
	a 95 99 0.9954998486103701
	a 99 95 0.9954998486103701
6.062734470174844 2
	a 96 171 0.8337612110831084
	a 171 96 0.8337612110831084
2.604547133047154 2
	a 96 194 0.9203012108333569
	a 194 96 0.9203012108333569
1.758148945777523 2
	a 96 151 0.9446992311975411
	a 151 96 0.9446992311975411
0.2701555345749592 2
	a 97 103 0.9910754242055927
	a 103 97 0.9910754242055927
1.134632192225375 2
	a 98 133 0.9635739653297484
	a 133 98 0.9635739653297484
0.5575248444503217 2
	a 98 108 0.9817569700886031
	a 108 98 0.9817569700886031
0.5488408072586609 2
	a 99 112 0.9820359572016657
	a 112 99 0.9820359572016657
2.876470314986717 2
	a 100 208 0.9127505481142744
	a 208 100 0.9127505481142744
4.78658050440559 2
	a 101 283 0.8633994823369773
	a 283 101 0.8633994823369773
3.289650625369782 2
	a 101 144 0.9015363467677293
	a 144 101 0.9015363467677293
2.904319181587363 2
	a 101 201 0.9119849500385588
	a 201 101 0.9119849500385588
1.392998929689093 2
	a 102 138 0.9556575329443662
	a 138 102 0.9556575329443662
1.545598435309036 2
	a 102 157 0.9510454916119191
	a 157 102 0.9510454916119191
4.560059306624054 2
	a 102 119 0.8689289745602788
	a 119 102 0.8689289745602788
12.61028579485842 2
	a 102 113 0.7157072962556759
	a 113 102 0.7157072962556759
2.281255583552399 2
	a 103 175 0.9294581908232713
	a 175 103 0.9294581908232713
0.6623180749170225 2
	a 103 120 0.9784030414175598
	a 120 103 0.9784030414175598
1.165489355260694 2
	a 103 127 0.9626213070482963
	a 127 103 0.9626213070482963
0.2701555345749592 2
	a 103 106 0.9910754242055927
	a 106 103 0.9910754242055927
11.06818721788241 2
	a 104 208 0.7390634386909116
	a 208 104 0.7390634386909116
2.301626222344578 2
	a 104 122 0.9288753641524587
	a 122 104 0.9288753641524587
1.494593721394759 2
	a 104 156 0.9525817985122674
	a 156 104 0.9525817985122674
4.918268463283113 2
	a 105 253 0.8602230900864648
	a 253 105 0.8602230900864648
2.033355190707818 2
	a 105 181 0.936614688166348
	a 181 105 0.936614688166348
0.5157162799331211 2
	a 106 118 0.9831016142972682
	a 118 106 0.9831016142972682
2.179577564459288 2
	a 107 193 0.9323791768495415
	a 193 107 0.9323791768495415
2.743615590501208 2
	a 107 175 0.9164225093801863
	a 175 107 0.9164225093801863
0.8177615287614444 2
	a 108 133 0.9734709992713461
	a 133 108 0.9734709992713461
3.860682771667689 2
	a 108 145 0.8865376387968368
	a 145 108 0.8865376387968368
1.207341673940248 2
	a 109 148 0.9613323211614231
	a 148 109 0.9613323211614231
4.873297723657156 2
	a 110 181 0.8613046771881627
	a 181 110 0.8613046771881627
4.626537990388162 2
	a 110 286 0.8672975315946099
	a 286 110 0.8672975315946099
7.392313764469693 2
	a 110 235 0.8054503304039479
	a 235 110 0.8054503304039479
3.976478670891326 2
	a 111 270 0.8835651620148606
	a 270 111 0.8835651620148606
9.222094516862587 2
	a 111 196 0.7703728134929204
	a 196 111 0.7703728134929204
10.33738095470328 2
	a 111 208 0.7509991036747913
	a 208 111 0.7509991036747913
3.538646752811601 2
	a 112 251 0.8949259641893402
	a 251 112 0.8949259641893402
9.838233221962801 2
	a 113 261 0.7594920025975965
	a 261 113 0.7594920025975965
2.305467796210252 2
	a 113 213 0.9287655411234643
	a 213 113 0.9287655411234643
2.53810591087447 2
	a 114 222 0.9221670284314043
	a 222 114 0.9221670284314043
5.574970965632103 2
	a 114 256 0.8447927001752831
	a 256 114 0.8447927001752831
2.590874140393419 2
	a 114 199 0.9206845038567791
	a 199 114 0.9206845038567791
0.9849989873620122 2
	a 115 151 0.9682215115723076
	a 151 115 0.9682215115723076
1.824403406976611 2
	a 115 195 0.9427393422329253
	a 195 115 0.9427393422329253
0.6623180749170225 2
	a 116 140 0.9784030414175598
	a 140 116 0.9784030414175598
2.118200225452055 2
	a 116 187 0.9341520203443309
	a 187 116 0.9341520203443309
10.98316680936728 2
	a 117 231 0.7404223041774721
	a 231 117 0.7404223041774721
8.978324676970619 2
	a 117 209 0.7748026269931892
	a 209 117 0.7748026269931892
10.84766090088821 2
	a 117 441 0.7426040535207421
	a 441 117 0.7426040535207421
5.181866890324168 2
	a 117 191 0.8539481047846535
	a 191 117 0.8539481047846535
12.33669766284326 2
	a 117 303 0.7196777253453905
	a 303 117 0.7196777253453905
0.3282999206120918 2
	a 118 127 0.9891755568692563
	a 127 118 0.9891755568692563
1.92702906826499 2
	a 119 186 0.9397205862177387
	a 186 119 0.9397205862177387
1.796072670483406 2
	a 119 157 0.9435763411866687
	a 157 119 0.9435763411866687
3.603951429086528 2
	a 119 261 0.8932103340386661
	a 261 119 0.8932103340386661
5.805085090317233 2
	a 120 175 0.8395436213328917
	a 175 120 0.8395436213328917
1.027006667447879 2
	a 120 164 0.9669120859946405
	a 164 120 0.9669120859946405
1.090487985406985 2
	a 120 132 0.9649402484598857
	a 132 120 0.9649402484598857
2.302162492236078 2
	a 121 151 0.9288600315635405
	a 151 121 0.9288600315635405
1.151286064329106 2
	a 121 158 0.9630595641730102
	a 158 121 0.9630595641730102
2.453202868752269 2
	a 121 224 0.9245633548803185
	a 224 121 0.9245633548803185
2.551372051749525 2
	a 121 227 0.9217938250032405
	a 227 121 0.9217938250032405
1.385168937220699 2
	a 122 156 0.9558954480381517
	a 156 122 0.9558954480381517
0.3981115513613038 2
	a 122 137 0.986904170385881
	a 137 122 0.986904170385881
0.2701555345749592 2
	a 123 135 0.9910754242055927
	a 135 123 0.9910754242055927
3.463679390868148 2
	a 123 238 0.89690467520867
	a 238 123 0.89690467520867
2.413936864531231 2
	a 123 187 0.9256762045825243
	a 187 123 0.9256762045825243
1.741716633649533 2
	a 124 203 0.94518666057319
	a 203 124 0.94518666057319
0.5753689120435835 2
	a 124 146 0.9811842105722803
	a 146 124 0.9811842105722803
5.109273491173099 2
	a 125 237 0.8556652095188519
	a 237 125 0.8556652095188519
4.058802247150524 2
	a 125 246 0.8814658310410621
	a 246 125 0.8814658310410621
3.661625323392755 2
	a 125 214 0.8917013720717077
	a 214 125 0.8917013720717077
1.057281840000934 2
	a 125 175 0.9659706467906755
	a 175 125 0.9659706467906755
5.007584618299245 2
	a 126 153 0.8580845471956061
	a 153 126 0.8580845471956061
0.4068472581547501 2
	a 126 143 0.986620689469499
	a 143 126 0.986620689469499
1.207341673940248 2
	a 127 175 0.9613323211614231
	a 175 127 0.9613323211614231
0.8136945163095008 2
	a 127 163 0.9735993908395411
	a 163 127 0.9735993908395411
0.8266086393752234 2
	a 128 168 0.9731918249221194
	a 168 128 0.9731918249221194
2.242330946783579 2
	a 128 210 0.93057407164462
	a 210 128 0.93057407164462
0.6308226318210105 2
	a 128 155 0.9794085977807605
	a 155 128 0.9794085977807605
0.9849989873620122 2
	a 128 173 0.9682215115723076
	a 173 128 0.9682215115723076
3.803447368295251 2
	a 129 227 0.8880153654583176
	a 227 129 0.8880153654583176
2.14176510343746 2
	a 129 223 0.9334705065183995
	a 223 129 0.9334705065183995
0.7856075762549576 2
	a 130 166 0.9744870187853192
	a 166 130 0.9744870187853192
4.741860106938624 2
	a 131 315 0.864484523601792
	a 315 131 0.864484523601792
4.587877171463628 2
	a 131 274 0.8682454208330472
	a 274 131 0.8682454208330472
2.756251660589134 2
	a 131 232 0.9160718608272644
	a 232 131 0.9160718608272644
0.9589481822187813 2
	a 132 175 0.9690353879296758
	a 175 132 0.9690353879296758
2.744018681203014 2
	a 132 164 0.916411319127773
	a 164 132 0.916411319127773
1.392998929689093 2
	a 133 145 0.9556575329443662
	a 145 133 0.9556575329443662
1.301572290685483 2
	a 133 192 0.9584432965383629
	a 192 133 0.9584432965383629
1.360345102038611 2
	a 134 175 0.9566505442427642
	a 175 134 0.9566505442427642
0.6780787635912512 2
	a 134 164 0.9779006413097311
	a 164 134 0.9779006413097311
1.766150822171435 2
	a 135 140 0.9444620659100418
	a 140 135 0.9444620659100418
1.075086642313258 2
	a 135 187 0.9654178739060115
	a 187 135 0.9654178739060115
11.88953341906863 2
	a 136 169 0.7263251171887267
	a 169 136 0.7263251171887267
6.366882707960046 2
	a 136 231 0.8270618351128434
	a 231 136 0.8270618351128434
8.7277320085594 2
	a 136 404 0.7794320912202393
	a 404 136 0.7794320912202393
0.4068472581547501 2
	a 137 156 0.986620689469499
	a 156 137 0.986620689469499
0.9589481822187813 2
	a 138 186 0.9690353879296758
	a 186 138 0.9690353879296758
0.1516230224745966 2
	a 139 146 0.9949713573345427
	a 146 139 0.9949713573345427
3.632307846682771 2
	a 139 188 0.8924677004450958
	a 188 139 0.8924677004450958
1.92702906826499 2
	a 139 190 0.9397205862177387
	a 190 139 0.9397205862177387
0.9493102690277512 2
	a 140 187 0.9693368529259123
	a 187 140 0.9693368529259123
1.588984649521283 2
	a 141 195 0.9497427661098292
	a 195 141 0.9497427661098292
1.583572297158699 2
	a 141 215 0.9499050731450112
	a 215 141 0.9499050731450112
3.715166341196467 2
	a 142 253 0.890305725023219
	a 253 142 0.890305725023219
6.387326619943416 2
	a 142 319 0.8266163771872088
	a 319 142 0.8266163771872088
0.8266086393752234 2
	a 142 181 0.9731918249221194
	a 181 142 0.9731918249221194
8.803334716742766 2
	a 142 300 0.7780272463401711
	a 300 142 0.7780272463401711
0.6773268194476793 2
	a 143 175 0.9779245988827807
	a 175 143 0.9779245988827807
0.4217785570495555 2
	a 143 150 0.9861365385453571
	a 150 143 0.9861365385453571
0.4498654971040983 2
	a 143 163 0.9852271177182471
	a 163 143 0.9852271177182471
6.490254957509764 2
	a 144 364 0.8243828436990327
	a 364 144 0.8243828436990327
4.485454572162318 2
	a 144 219 0.8707684684789543
	a 219 144 0.8707684684789543
0.6027356872459425 2
	a 145 175 0.9803071135846667
	a 175 145 0.9803071135846667
1.816016748007512 2
	a 145 147 0.9429869517053826
	a 147 145 0.9429869517053826
0.2712315054364995 2
	a 145 149 0.9910401999457994
	a 149 145 0.9910401999457994
2.631686494193778 2
	a 145 173 0.9195414512635154
	a 173 145 0.9195414512635154
3.150676515794892 2
	a 145 153 0.9052738442957744
	a 153 145 0.9052738442957744
2.339833632602524 2
	a 145 150 0.9277843397836837
	a 150 145 0.9277843397836837
1.220541774464252 2
	a 146 203 0.9609265242053444
	a 203 146 0.9609265242053444
4.198182277275925 2
	a 146 188 0.8779376670120159
	a 188 146 0.8779376670120159
0.5294379043957786 2
	a 147 175 0.9826598871066465
	a 175 147 0.9826598871066465
0.1516230224745966 2
	a 147 152 0.9949713573345427
	a 152 147 0.9949713573345427
4.939140600087794 2
	a 148 219 0.8597221969498539
	a 219 148 0.8597221969498539
2.338634292090733 2
	a 148 172 0.9278185450903933
	a 172 148 0.9278185450903933
0.9708242887516226 2
	a 148 199 0.9686641806166716
	a 199 148 0.9686641806166716
0.487629339878578 2
	a 149 175 0.9840070514701087
	a 175 149 0.9840070514701087
0.6773268194476793 2
	a 149 150 0.9779245988827807
	a 150 149 0.9779245988827807
0.4518359985116184 2
	a 150 175 0.9851633791903387
	a 175 150 0.9851633791903387
3.912148787085363 2
	a 150 153 0.885213674595881
	a 153 150 0.885213674595881
2.159909754305571 2
	a 151 194 0.9329464787921422
	a 194 151 0.9329464787921422
0.4068472581547501 2
	a 151 158 0.986620689469499
	a 158 151 0.986620689469499
0.9589481822187813 2
	a 151 195 0.9690353879296758
	a 195 151 0.9690353879296758
1.783013673629581 2
	a 151 227 0.943962686808074
	a 227 151 0.943962686808074
0.4068472581547501 2
	a 152 175 0.986620689469499
	a 175 152 0.986620689469499
0.3403795954308141 2
	a 153 173 0.9887817766713458
	a 173 153 0.9887817766713458
2.795313938305914 2
	a 154 269 0.9149897561161052
	a 269 154 0.9149897561161052
5.369707026269818 2
	a 154 180 0.8495433645714828
	a 180 154 0.8495433645714828
4.414232008683399 2
	a 154 271 0.8725331266650562
	a 271 154 0.8725331266650562
4.514917049235107 2
	a 154 301 0.870040932712923
	a 301 154 0.870040932712923
0.6780787635912512 2
	a 155 190 0.9779006413097311
	a 190 155 0.9779006413097311
0.2591518306177774 2
	a 156 170 0.9914357996108145
	a 170 156 0.9914357996108145
0.5753689120435835 2
	a 157 186 0.9811842105722803
	a 186 157 0.9811842105722803
0.4518359985116184 2
	a 158 179 0.9851633791903387
	a 179 158 0.9851633791903387
0.2712315054364995 2
	a 159 173 0.9910401999457994
	a 173 159 0.9910401999457994
2.336062963172896 2
	a 160 252 0.9278918888563504
	a 252 160 0.9278918888563504
2.045198491790077 2
	a 160 241 0.9362700936082269
	a 241 160 0.9362700936082269
3.661625323392755 2
	a 160 203 0.8917013720717077
	a 203 160 0.8917013720717077
2.637660630291472 2
	a 160 260 0.9193743913517806
	a 260 160 0.9193743913517806
5.018550499022993 2
	a 160 188 0.8578228620319663
	a 188 160 0.8578228620319663
2.297112274617977 2
	a 161 191 0.9290044449719543
	a 191 161 0.9290044449719543
10.19953442682489 2
	a 161 451 0.7533163585475344
	a 451 161 0.7533163585475344
12.24601251652921 2
	a 161 488 0.7210098485251196
	a 488 161 0.7210098485251196
7.256507304359447 2
	a 161 293 0.808228362458308
	a 293 161 0.808228362458308
13.32077111789822 2
	a 161 396 0.7057283667316838
	a 396 161 0.7057283667316838
6.810993183338117 2
	a 162 370 0.8175203421993757
	a 370 162 0.8175203421993757
2.75315228913546 2
	a 162 272 0.9161578404595943
	a 272 162 0.9161578404595943
0.8266086393752234 2
	a 162 182 0.9731918249221194
	a 182 162 0.9731918249221194
2.953714145557924 2
	a 162 244 0.9106305158857981
	a 244 162 0.9106305158857981
0.1917896373478611 2
	a 163 175 0.9936477087493498
	a 175 163 0.9936477087493498
0.1917896373478611 2
	a 164 175 0.9936477087493498
	a 175 164 0.9936477087493498
8.336629865869941 2
	a 165 369 0.7868136707353952
	a 369 165 0.7868136707353952
4.858317114874661 2
	a 165 311 0.861665695035076
	a 311 165 0.861665695035076
0.487629339878578 2
	a 165 184 0.9840070514701087
	a 184 165 0.9840070514701087
6.476780194401781 2
	a 165 335 0.8246743734209019
	a 335 165 0.8246743734209019
1.816060122445756 2
	a 165 237 0.9429856707532226
	a 237 165 0.9429856707532226
4.587302174233679 2
	a 165 309 0.8682595371100675
	a 309 165 0.8682595371100675
6.629630950806258 2
	a 165 246 0.8213827246995253
	a 246 165 0.8213827246995253
9.306000954982265 2
	a 166 235 0.7688646343073293
	a 235 166 0.7688646343073293
0.3981115513613038 2
	a 166 185 0.986904170385881
	a 185 166 0.986904170385881
0.5575248444503217 2
	a 167 193 0.9817569700886031
	a 193 167 0.9817569700886031
0.754358709720538 2
	a 167 175 0.9754765278968778
	a 175 167 0.9754765278968778
3.758715484174031 2
	a 168 281 0.8891742030568167
	a 281 168 0.8891742030568167
4.568530418042895 2
	a 168 260 0.8687206841509143
	a 260 168 0.8687206841509143
3.86801273077371 2
	a 168 225 0.8863487979347666
	a 225 168 0.8863487979347666
0.2701555345749592 2
	a 168 177 0.9910754242055927
	a 177 168 0.9910754242055927
4.349082969566818 2
	a 168 210 0.8741546571705787
	a 210 168 0.8741546571705787
3.621229585705272 2
	a 169 304 0.8927576648159994
	a 304 169 0.8927576648159994
9.898825974114786 2
	a 169 334 0.7584458945989372
	a 334 169 0.7584458945989372
11.53556750301164 2
	a 169 294 0.7317293891740332
	a 294 169 0.7317293891740332
10.93614659928099 2
	a 169 383 0.7411771337843921
	a 383 169 0.7411771337843921
14.02631577372497 2
	a 169 404 0.6962757150487022
	a 404 169 0.6962757150487022
4.266136803989514 2
	a 170 328 0.8762293678032618
	a 328 170 0.8762293678032618
6.168172390806818 2
	a 171 313 0.83142336475866
	a 313 171 0.83142336475866
0.487629339878578 2
	a 171 194 0.9840070514701087
	a 194 171 0.9840070514701087
1.575959592769836 2
	a 172 222 0.9501334640508508
	a 222 172 0.9501334640508508
1.088420984350353 2
	a 172 219 0.9650043216734201
	a 219 172 0.9650043216734201
0.3981115513613038 2
	a 173 192 0.986904170385881
	a 192 173 0.986904170385881
0.4498654971040983 2
	a 174 196 0.9852271177182471
	a 196 174 0.9852271177182471
0.9212233289732074 2
	a 174 208 0.9702164919514231
	a 208 174 0.9702164919514231
0.2701555345749592 2
	a 175 176 0.9910754242055927
	a 176 175 0.9910754242055927
0.5294379043957786 2
	a 175 200 0.9826598871066465
	a 200 175 0.9826598871066465
2.016230026740239 2
	a 175 193 0.9371134460308805
	a 193 175 0.9371134460308805
2.697435348223059 2
	a 176 280 0.917706517718091
	a 280 176 0.917706517718091
2.285230558113497 2
	a 176 221 0.9293444002088587
	a 221 176 0.9293444002088587
1.545598435309036 2
	a 176 200 0.9510454916119191
	a 200 176 0.9510454916119191
1.22222851799131 2
	a 177 226 0.9608746961306778
	a 226 177 0.9608746961306778
2.158675257670153 2
	a 177 225 0.9329821116565027
	a 225 177 0.9329821116565027
0.8272569866452942 2
	a 177 190 0.9731713725222706
	a 190 177 0.9731713725222706
0.487629339878578 2
	a 178 202 0.9840070514701087
	a 202 178 0.9840070514701087
1.856596163670476 2
	a 178 240 0.9417901611608843
	a 240 178 0.9417901611608843
5.828395896710441 2
	a 178 366 0.8390163620923461
	a 366 178 0.8390163620923461
7.850300796266852 2
	a 178 362 0.7962651149287618
	a 362 178 0.7962651149287618
0.2701555345749592 2
	a 179 194 0.9910754242055927
	a 194 179 0.9910754242055927
1.927627540581736 2
	a 180 197 0.9397030425278579
	a 197 180 0.9397030425278579
1.92702906826499 2
	a 180 253 0.9397205862177387
	a 253 180 0.9397205862177387
1.899809481359583 2
	a 181 253 0.9405192448178616
	a 253 181 0.9405192448178616
8.558969953146249 2
	a 181 300 0.7825936786747656
	a 300 181 0.7825936786747656
6.994263434579693 2
	a 181 286 0.8136644768208103
	a 286 181 0.8136644768208103
5.874461692854874 2
	a 182 370 0.8379768219091902
	a 370 182 0.8379768219091902
6.134300995887383 2
	a 182 352 0.8321725951344499
	a 352 182 0.8321725951344499
4.304177004544885 2
	a 183 336 0.8752764539080922
	a 336 183 0.8752764539080922
8.557350303252587 2
	a 183 201 0.7826241938436399
	a 201 183 0.7826241938436399
4.943938974732573 2
	a 183 264 0.8596071432285963
	a 264 183 0.8596071432285963
6.612044837936243 2
	a 183 313 0.8217597371872152
	a 313 183 0.8217597371872152
7.499693020081303 2
	a 184 332 0.8032715363442455
	a 332 184 0.8032715363442455
5.225875219199386 2
	a 184 343 0.8529111823292531
	a 343 184 0.8529111823292531
5.83491777127179 2
	a 184 311 0.8388689926529802
	a 311 184 0.8388689926529802
4.60214788602694 2
	a 184 316 0.8678952457484189
	a 316 184 0.8678952457484189
1.421085869743634 2
	a 184 237 0.9548051295193345
	a 237 184 0.9548051295193345
1.178427396424671 2
	a 185 229 0.9622224515190713
	a 229 185 0.9622224515190713
3.547252340810839 2
	a 186 218 0.894699457827033
	a 218 186 0.894699457827033
1.487138706482632 2
	a 186 233 0.9528067880214321
	a 233 186 0.9528067880214321
6.274679845072604 2
	a 186 375 0.8290784291239006
	a 375 186 0.8290784291239006
8.136003460869711 2
	a 186 395 0.790675599704673
	a 395 186 0.790675599704673
1.4107841807304 2
	a 187 238 0.9551175875356257
	a 238 187 0.9551175875356257
7.864271696044581 2
	a 187 273 0.7959893040443542
	a 273 187 0.7959893040443542
5.83491777127179 2
	a 188 203 0.8388689926529802
	a 203 188 0.8388689926529802
1.027006667447879 2
	a 188 226 0.9669120859946405
	a 226 188 0.9669120859946405
3.304337400021385 2
	a 189 305 0.9011433875865936
	a 305 189 0.9011433875865936
1.540389556301305 2
	a 189 243 0.951202148236711
	a 243 189 0.951202148236711
1.57306112249224 2
	a 189 248 0.9502204523527806
	a 248 189 0.9502204523527806
2.285230558113497 2
	a 189 275 0.9293444002088587
	a 275 189 0.9293444002088587
1.017007035400675 2
	a 190 226 0.9672234530388609
	a 226 190 0.9672234530388609
13.39547734718929 2
	a 191 441 0.704706301297046
	a 441 191 0.704706301297046
9.634044462370163 2
	a 191 451 0.763048510988829
	a 451 191 0.763048510988829
7.720013404555002 2
	a 191 303 0.7988496302774317
	a 303 191 0.7988496302774317
1.933180707300893 2
	a 192 258 0.9395402897026972
	a 258 192 0.9395402897026972
1.126737926931244 2
	a 192 210 0.9638180012646471
	a 210 192 0.9638180012646471
0.6981164340668319 2
	a 193 221 0.9772626664842042
	a 221 193 0.9772626664842042
0.8241254245324514 2
	a 193 200 0.9732701672041728
	a 200 193 0.9732701672041728
0.2701555345749592 2
	a 194 204 0.9910754242055927
	a 204 194 0.9910754242055927
0.9493102690277512 2
	a 195 227 0.9693368529259123
	a 227 195 0.9693368529259123
2.034085142496823 2
	a 195 215 0.936593441505138
	a 215 195 0.936593441505138
0.3911042311720507 2
	a 196 208 0.9871316830851129
	a 208 196 0.9871316830851129
1.643396302375348 2
	a 197 253 0.9481143049866478
	a 253 197 0.9481143049866478
0.9569120473074697 2
	a 198 229 0.9690990602062898
	a 229 198 0.9690990602062898
0.6780787635912512 2
	a 199 222 0.9779006413097311
	a 222 199 0.9779006413097311
0.5488408072586609 2
	a 200 221 0.9820359572016657
	a 221 200 0.9820359572016657
3.698525623820751 2
	a 201 283 0.8907389631092197
	a 283 201 0.8907389631092197
4.603173425910573 2
	a 201 345 0.8678700938584034
	a 345 201 0.8678700938584034
3.939994335620593 2
	a 201 336 0.884499238858057
	a 336 201 0.884499238858057
2.101306589218044 2
	a 202 234 0.9346412562118409
	a 234 202 0.9346412562118409
0.4498654971040983 2
	a 202 220 0.9852271177182471
	a 220 202 0.9852271177182471
5.880092002334703 2
	a 202 366 0.8378499847747995
	a 366 202 0.8378499847747995
1.385168937220699 2
	a 203 252 0.9558954480381517
	a 252 203 0.9558954480381517
1.381814599110866 2
	a 203 227 0.9559974079363562
	a 227 203 0.9559974079363562
3.094573463272924 2
	a 204 313 0.9067924891973753
	a 313 204 0.9067924891973753
8.111150540629188 2
	a 204 287 0.7911576080712774
	a 287 204 0.7911576080712774
1.342527456914504 2
	a 205 211 0.9571932956869043
	a 211 205 0.9571932956869043
0.4217785570495555 2
	a 205 222 0.9861365385453571
	a 222 205 0.9861365385453571
1.726106731610226 2
	a 206 254 0.9456501897302323
	a 254 206 0.9456501897302323
0.3911042311720507 2
	a 206 216 0.9871316830851129
	a 216 206 0.9871316830851129
4.089123524538977 2
	a 206 342 0.8806955077910495
	a 342 206 0.8806955077910495
2.798765323048392 2
	a 206 263 0.9148942811463854
	a 263 206 0.9148942811463854
7.038331203839325 2
	a 207 379 0.8127443295246162
	a 379 207 0.8127443295246162
0.3002129760370238 2
	a 207 219 0.9900923780751469
	a 219 207 0.9900923780751469
2.753101957609101 2
	a 208 306 0.9161592368525581
	a 306 208 0.9161592368525581
0.572507812946912 2
	a 209 231 0.9812760003733393
	a 231 209 0.9812760003733393
4.183107790748875 2
	a 210 281 0.8783176723441714
	a 281 210 0.8783176723441714
1.438672882198144 2
	a 210 258 0.9542721977711464
	a 258 210 0.9542721977711464
2.521562118077222 2
	a 211 292 0.9226329015507376
	a 292 211 0.9226329015507376
0.2701555345749592 2
	a 211 222 0.9910754242055927
	a 222 211 0.9910754242055927
0.1356157527182506 2
	a 212 217 0.9954998486103701
	a 217 212 0.9954998486103701
4.339704086984006 2
	a 212 270 0.8743886738299413
	a 270 212 0.8743886738299413
1.544504368785556 2
	a 213 269 0.9510783910632401
	a 269 213 0.9510783910632401
0.9589481822187813 2
	a 214 246 0.9690353879296758
	a 246 214 0.9690353879296758
0.4261984914158477 2
	a 215 227 0.9859933135416687
	a 227 215 0.9859933135416687
0.4217785570495555 2
	a 216 228 0.9861365385453571
	a 228 216 0.9861365385453571
1.633020205519121 2
	a 216 263 0.9484243907190164
	a 263 216 0.9484243907190164
1.469582609899217 2
	a 217 270 0.9533370662617073
	a 270 217 0.9533370662617073
12.76157189807748 2
	a 218 268 0.7135426628177377
	a 268 218 0.7135426628177377
12.0594115107572 2
	a 218 464 0.7237763982135331
	a 464 218 0.7237763982135331
9.572619752780508 2
	a 218 469 0.7641278980747962
	a 469 218 0.7641278980747962
8.093535541603844 2
	a 219 432 0.7914997249770861
	a 432 219 0.7914997249770861
9.049500597671653 2
	a 219 364 0.7735017604473219
	a 364 219 0.7735017604473219
1.40114626753937 2
	a 220 270 0.9554101070881892
	a 270 220 0.9554101070881892
1.488143266609318 2
	a 220 243 0.9527764642605556
	a 243 220 0.9527764642605556
2.157772368673279 2
	a 220 234 0.9330081747598618
	a 234 220 0.9330081747598618
0.8136945163095008 2
	a 221 249 0.9735993908395411
	a 249 221 0.9735993908395411
1.875209981755642 2
	a 221 280 0.9412422743939006
	a 280 221 0.9412422743939006
5.923131600765103 2
	a 222 379 0.8368819790132724
	a 379 222 0.8368819790132724
1.305344673394121 2
	a 222 257 0.9583280161307142
	a 257 222 0.9583280161307142
3.780586833324216 2
	a 222 256 0.8886071655614262
	a 256 222 0.8886071655614262
0.6780787635912512 2
	a 222 242 0.9779006413097311
	a 242 222 0.9779006413097311
0.7241308354215087 2
	a 222 230 0.9764356703146633
	a 230 222 0.9764356703146633
0.1917896373478611 2
	a 223 227 0.9936477087493498
	a 227 223 0.9936477087493498
3.694700120421774 2
	a 224 287 0.8908386273663105
	a 287 224 0.8908386273663105
