0.7241308354215087 2
	a 0 8 0.9764356703146633
	a 8 0 0.9764356703146633
1.356157527182502 2
	a 1 14 0.9567780459285045
	a 14 1 0.9567780459285045
0.5424630108730013 2
	a 1 8 0.9822409559256213
	a 8 1 0.9822409559256213
0.5294379043957786 2
	a 2 8 0.9826598871066465
	a 8 2 0.9826598871066465
3.974506243740116 2
	a 3 27 0.883615602287101
	a 27 3 0.883615602287101
1.636120639296191 2
	a 3 14 0.9483317129555588
	a 14 3 0.9483317129555588
0.4068472581547501 2
	a 3 8 0.986620689469499
	a 8 3 0.986620689469499
0.3981115513613038 2
	a 4 8 0.986904170385881
	a 8 4 0.986904170385881
5.358061959253829 2
	a 5 70 0.8498148336607347
	a 70 5 0.8498148336607347
2.067695472571751 2
	a 6 19 0.9356162667077255
	a 19 6 0.9356162667077255
0.69040501949209 2
	a 6 17 0.9775080875824138
	a 17 6 0.9775080875824138
11.76124271616615 2
	a 7 38 0.7282691124471601
	a 38 7 0.7282691124471601
15.836328066473 2
	a 7 149 0.6739647850550112
	a 149 7 0.6739647850550112
0.8678838813832842 2
	a 7 13 0.9718915409211399
	a 13 7 0.9718915409211399
1.812791290068011 2
	a 7 30 0.9430822176662588
	a 30 7 0.9430822176662588
1.828816583157894 2
	a 7 19 0.9426091022782831
	a 19 7 0.9426091022782831
0.4217785570495555 2
	a 8 14 0.9861365385453571
	a 14 8 0.9861365385453571
2.301626222344578 2
	a 9 36 0.9288753641524587
	a 36 9 0.9288753641524587
1.385168937220699 2
	a 9 23 0.9558954480381517
	a 23 9 0.9558954480381517
0.3981115513613038 2
	a 9 15 0.986904170385881
	a 15 9 0.986904170385881
3.621229585705272 2
	a 10 55 0.8927576648159994
	a 55 10 0.8927576648159994
9.898825974114786 2
	a 10 66 0.7584458945989372
	a 66 10 0.7584458945989372
1.815014601841224 2
	a 11 20 0.9430165485390745
	a 20 11 0.9430165485390745
0.7884591958105146 2
	a 11 24 0.9743968235948948
	a 24 11 0.9743968235948948
1.677634913109469 2
	a 11 12 0.9470926173855232
	a 12 11 0.9470926173855232
0.6623180749170225 2
	a 12 24 0.9784030414175598
	a 24 12 0.9784030414175598
3.708526480930254 2
	a 12 45 0.8904785349665436
	a 45 12 0.8904785349665436
1.633168994081954 2
	a 13 31 0.9484199427130345
	a 31 13 0.9484199427130345
1.220770282487056 2
	a 13 30 0.9609195025649143
	a 30 13 0.9609195025649143
2.312404334017637 2
	a 14 32 0.9285673104023928
	a 32 14 0.9285673104023928
0.8753836449732832 2
	a 14 27 0.9716556615608998
	a 27 14 0.9716556615608998
0.4068472581547501 2
	a 15 23 0.986620689469499
	a 23 15 0.986620689469499
9.197557088588665 2
	a 16 41 0.7708154590081857
	a 41 16 0.7708154590081857
5.782569037440199 2
	a 16 47 0.8400536828649989
	a 47 16 0.8400536828649989
2.841715600423528 2
	a 16 40 0.9137079920413265
	a 40 16 0.9137079920413265
1.539937485710144 2
	a 16 32 0.9512157467897526
	a 32 16 0.9512157467897526
1.2777003560333 2
	a 16 27 0.9591734726358991
	a 27 16 0.9591734726358991
0.2701555345749592 2
	a 17 19 0.9910754242055927
	a 19 17 0.9910754242055927
0.2591518306177774 2
	a 18 23 0.9914357996108145
	a 23 18 0.9914357996108145
4.266136803989514 2
	a 18 41 0.8762293678032618
	a 41 18 0.8762293678032618
0.9056588220468618 2
	a 19 30 0.9707046576993192
	a 30 19 0.9707046576993192
2.699981208502536 2
	a 19 20 0.9176356289052323
	a 20 19 0.9176356289052323
4.350899637505505 2
	a 19 24 0.8741093455965174
	a 24 19 0.8741093455965174
0.3002129760370238 2
	a 20 24 0.9900923780751469
	a 24 20 0.9900923780751469
9.622440193093125 2
	a 21 61 0.7632520887746865
	a 61 21 0.7632520887746865
1.506073016235147 2
	a 21 35 0.9522355763484072
	a 35 21 0.9522355763484072
12.89077316582844 2
	a 21 55 0.7117112294076567
	a 55 21 0.7117112294076567
8.846847374562321 2
	a 22 106 0.7772219013659543
	a 106 22 0.7772219013659543
6.71335654079916 2
	a 22 102 0.8195938579255369
	a 102 22 0.8195938579255369
11.01907611124386 2
	a 22 93 0.7398474327531674
	a 93 22 0.7398474327531674
1.494593721394759 2
	a 23 36 0.9525817985122674
	a 36 23 0.9525817985122674
2.255077037411157 2
	a 23 37 0.9302083513075068
	a 37 23 0.9302083513075068
3.642009318456576 2
	a 24 51 0.8922139482250747
	a 51 24 0.8922139482250747
2.154189784731097 2
	a 24 45 0.9331116063200269
	a 45 24 0.9331116063200269
1.392998929689093 2
	a 25 41 0.9556575329443662
	a 41 25 0.9556575329443662
7.850300796266852 2
	a 26 76 0.7962651149287618
	a 76 26 0.7962651149287618
8.218997964421806 2
	a 26 82 0.7890717423683082
	a 82 26 0.7890717423683082
5.910857977337891 2
	a 26 65 0.8371577426551782
	a 65 26 0.8371577426551782
2.725001446938236 2
	a 26 58 0.9169395867037122
	a 58 26 0.9169395867037122
0.6780787635912512 2
	a 27 32 0.9779006413097311
	a 32 27 0.9779006413097311
10.33009690605008 2
	a 28 120 0.7511210192525672
	a 120 28 0.7511210192525672
2.862230543417649 2
	a 28 54 0.9131425657275529
	a 54 28 0.9131425657275529
1.694756523944324 2
	a 28 43 0.9465825788101658
	a 43 28 0.9465825788101658
13.0490658930759 2
	a 28 71 0.709488819881438
	a 71 28 0.709488819881438
1.798137926617353 2
	a 29 48 0.9435152721402387
	a 48 29 0.9435152721402387
1.220770282487056 2
	a 30 31 0.9609195025649143
	a 31 30 0.9609195025649143
7.216130394658967 2
	a 30 109 0.8090591673850478
	a 109 30 0.8090591673850478
13.56797080675114 2
	a 31 149 0.7023657515337179
	a 149 31 0.7023657515337179
11.49961344793666 2
	a 31 150 0.7322854961325136
	a 150 31 0.7322854961325136
6.350253323540731 2
	a 31 105 0.8274246253072715
	a 105 31 0.8274246253072715
0.6027356872459425 2
	a 32 40 0.9803071135846667
	a 40 32 0.9803071135846667
1.441427748955187 2
	a 33 34 0.9541887748069333
	a 34 33 0.9541887748069333
2.665344407315811 2
	a 33 63 0.9186011140032042
	a 63 33 0.9186011140032042
0.5753689120435835 2
	a 34 42 0.9811842105722803
	a 42 34 0.9811842105722803
8.660846260551935 2
	a 35 93 0.7806808749748509
	a 93 35 0.7806808749748509
3.849317660770565 2
	a 35 86 0.8868306193167468
	a 86 35 0.8868306193167468
11.06818721788241 2
	a 36 134 0.7390634386909116
	a 134 36 0.7390634386909116
5.761003795646526 2
	a 36 83 0.8405429237936148
	a 83 36 0.8405429237936148
1.607067595221909 2
	a 36 54 0.9492009145166291
	a 54 36 0.9492009145166291
0.7960384844779068 2
	a 36 43 0.9741571781134749
	a 43 36 0.9741571781134749
1.356792294795199 2
	a 36 37 0.956758716476848
	a 37 36 0.956758716476848
0.754358709720538 2
	a 37 43 0.9754765278968778
	a 43 37 0.9754765278968778
2.958936938741883 2
	a 38 74 0.910487564890059
	a 74 38 0.910487564890059
2.639008727722419 2
	a 39 51 0.919336702542773
	a 51 39 0.919336702542773
2.560673027602926 2
	a 39 45 0.9215323664601729
	a 45 39 0.9215323664601729
2.877868151755235 2
	a 39 57 0.9127120860469333
	a 57 39 0.9127120860469333
0.6981164340668319 2
	a 39 44 0.9772626664842042
	a 44 39 0.9772626664842042
5.318021358537992 2
	a 39 101 0.8507498674879922
	a 101 39 0.8507498674879922
0.69040501949209 2
	a 40 47 0.9775080875824138
	a 47 40 0.9775080875824138
1.392998929689093 2
	a 41 59 0.9556575329443662
	a 59 41 0.9556575329443662
2.460325435208182 2
	a 41 68 0.9243618040220928
	a 68 41 0.9243618040220928
9.393175072745786 2
	a 42 64 0.7673066301275231
	a 64 42 0.7673066301275231
7.296823494366908 2
	a 42 113 0.8074010352306438
	a 113 42 0.8074010352306438
2.44117999433131 2
	a 42 71 0.9249037894221153
	a 71 42 0.9249037894221153
0.6623180749170225 2
	a 43 54 0.9784030414175598
	a 54 43 0.9784030414175598
10.10760420132619 2
	a 44 151 0.7548736209870366
	a 151 44 0.7548736209870366
0.3002129760370238 2
	a 45 51 0.9900923780751469
	a 51 45 0.9900923780751469
8.553461042367731 2
	a 45 101 0.7826974832927709
	a 101 45 0.7826974832927709
1.730228849263024 2
	a 46 69 0.9455277383886934
	a 69 46 0.9455277383886934
0.7884591958105146 2
	a 47 58 0.9743968235948948
	a 58 47 0.9743968235948948
0.4217785570495555 2
	a 47 53 0.9861365385453571
	a 53 47 0.9861365385453571
0.572507812946912 2
	a 48 56 0.9812760003733393
	a 56 48 0.9812760003733393
0.1356157527182506 2
	a 49 51 0.9954998486103701
	a 51 49 0.9954998486103701
2.512256192248846 2
	a 49 80 0.9228951822634512
	a 80 49 0.9228951822634512
1.533956076087579 2
	a 50 70 0.9513957097490873
	a 70 50 0.9513957097490873
2.034778658853599 2
	a 50 74 0.9365732563255703
	a 74 50 0.9365732563255703
0.4217785570495555 2
	a 51 57 0.9861365385453571
	a 57 51 0.9861365385453571
2.016283377977358 2
	a 52 72 0.9371118913307717
	a 72 52 0.9371118913307717
0.1356157527182506 2
	a 52 53 0.9954998486103701
	a 53 52 0.9954998486103701
1.545598435309036 2
	a 53 65 0.9510454916119191
	a 65 53 0.9510454916119191
1.491773279900752 2
	a 53 72 0.9526669052122294
	a 72 53 0.9526669052122294
3.646133366373586 2
	a 53 58 0.892106129106381
	a 58 53 0.892106129106381
2.455712655241525 2
	a 54 81 0.9244923232648297
	a 81 54 0.9244923232648297
2.210738904586905 2
	a 54 83 0.9314818749036914
	a 83 54 0.9314818749036914
2.586697645344306 2
	a 55 91 0.9208016526149023
	a 91 55 0.9208016526149023
8.540586550745477 2
	a 56 144 0.782940226543086
	a 144 56 0.782940226543086
16.59538020684834 2
	a 56 126 0.6653805890303007
	a 126 56 0.6653805890303007
1.912227277893508 2
	a 57 80 0.940154710505683
	a 80 57 0.940154710505683
4.437893151250607 2
	a 58 65 0.8719459525990487
	a 65 58 0.8719459525990487
0.6267238355571551 2
	a 58 62 0.9795396155584141
	a 62 58 0.9795396155584141
8.157791673042952 2
	a 58 69 0.7902536860943012
	a 69 58 0.7902536860943012
1.824403406976611 2
	a 59 79 0.9427393422329253
	a 79 59 0.9427393422329253
1.027006667447879 2
	a 59 68 0.9669120859946405
	a 68 59 0.9669120859946405
2.101306589218044 2
	a 60 84 0.9346412562118409
	a 84 60 0.9346412562118409
2.157772368673279 2
	a 60 92 0.9330081747598618
	a 92 60 0.9330081747598618
5.502894655784572 2
	a 60 111 0.8464534460270428
	a 111 60 0.8464534460270428
4.434201157039658 2
	a 60 95 0.872037512020067
	a 95 60 0.872037512020067
7.864271696044581 2
	a 61 141 0.7959893040443542
	a 141 61 0.7959893040443542
11.81909053315472 2
	a 61 86 0.7273904831063742
	a 86 61 0.7273904831063742
2.872866810054415 2
	a 61 99 0.9128497166013312
	a 99 61 0.9128497166013312
0.8753836449732832 2
	a 62 75 0.9716556615608998
	a 75 62 0.9716556615608998
4.47250822679375 2
	a 62 69 0.8710886130588043
	a 69 62 0.8710886130588043
0.487629339878578 2
	a 63 71 0.9840070514701087
	a 71 63 0.9840070514701087
4.573669558910054 2
	a 64 104 0.8685943786197812
	a 104 64 0.8685943786197812
2.940536652179897 2
	a 64 67 0.9109914131135419
	a 67 64 0.9109914131135419
6.771472474651373 2
	a 64 129 0.8183580204992125
	a 129 64 0.8183580204992125
6.308656342200393 2
	a 64 113 0.8283338771976549
	a 113 64 0.8283338771976549
1.491773279900752 2
	a 65 88 0.9526669052122294
	a 88 65 0.9526669052122294
0.4068472581547501 2
	a 65 72 0.986620689469499
	a 72 65 0.986620689469499
1.622807055510311 2
	a 66 91 0.9487298163904918
	a 91 66 0.9487298163904918
5.527115507165875 2
	a 66 69 0.8458944709484549
	a 69 66 0.8458944709484549
12.3805338817667 2
	a 67 97 0.7190366731210983
	a 97 67 0.7190366731210983
0.8753836449732832 2
	a 67 78 0.9716556615608998
	a 78 67 0.9716556615608998
0.9427373486970791 2
	a 68 79 0.9695425589084239
	a 79 68 0.9695425589084239
2.353783403445979 2
	a 68 72 0.9273866918149178
	a 72 68 0.9273866918149178
1.446577522097359 2
	a 69 91 0.954032870293962
	a 91 69 0.954032870293962
0.6981164340668319 2
	a 69 75 0.9772626664842042
	a 75 69 0.9772626664842042
0.3835792746957232 2
	a 70 74 0.9873761207069657
	a 74 70 0.9873761207069657
5.887321867974165 2
	a 70 119 0.837687183345952
	a 119 70 0.837687183345952
4.185919164069553 2
	a 71 113 0.87824677284116
	a 113 71 0.87824677284116
1.088420984350353 2
	a 72 88 0.9650043216734201
	a 88 72 0.9650043216734201
2.285230558113497 2
	a 73 77 0.9293444002088587
	a 77 73 0.9293444002088587
0.6981164340668319 2
	a 73 82 0.9772626664842042
	a 82 73 0.9772626664842042
2.840326596761035 2
	a 73 99 0.9137463032761906
	a 99 73 0.9137463032761906
4.892989451909125 2
	a 74 119 0.8608306741529124
	a 119 74 0.8608306741529124
0.9308612421642376 2
	a 75 91 0.969914461944419
	a 91 75 0.969914461944419
0.487629339878578 2
	a 76 84 0.9840070514701087
	a 84 76 0.9840070514701087
1.856596163670476 2
	a 76 85 0.9417901611608843
	a 85 76 0.9417901611608843
5.828395896710441 2
	a 76 95 0.8390163620923461
	a 95 76 0.8390163620923461
3.304337400021385 2
	a 77 110 0.9011433875865936
	a 110 77 0.9011433875865936
1.540389556301305 2
	a 77 100 0.951202148236711
	a 100 77 0.951202148236711
1.57306112249224 2
	a 77 82 0.9502204523527806
	a 82 77 0.9502204523527806
11.26943557480671 2
	a 78 174 0.7358774506941546
	a 174 78 0.7358774506941546
10.01681619498423 2
	a 78 121 0.756420930028143
	a 121 78 0.756420930028143
11.54739105844031 2
	a 78 97 0.731546803458741
	a 97 78 0.731546803458741
3.193398791446032 2
	a 79 111 0.9041212051278837
	a 111 79 0.9041212051278837
3.782912688688584 2
	a 79 95 0.8885469139620535
	a 95 79 0.8885469139620535
2.998200976534508 2
	a 79 88 0.9094144766778991
	a 88 79 0.9094144766778991
4.448401649766214 2
	a 80 94 0.8716854709526839
	a 94 80 0.8716854709526839
7.467630214922221 2
	a 80 151 0.8039204787396206
	a 151 80 0.8039204787396206
10.20471279228826 2
	a 81 171 0.7532289226620745
	a 171 81 0.7532289226620745
0.5413870400114591 2
	a 81 83 0.9822755489807651
	a 83 81 0.9822755489807651
1.237197924912628 2
	a 82 100 0.9604149908282804
	a 100 82 0.9604149908282804
0.1917896373478611 2
	a 82 85 0.9936477087493498
	a 85 82 0.9936477087493498
6.630914969794046 2
	a 82 91 0.8213552151089126
	a 91 82 0.8213552151089126
4.792798445982997 2
	a 83 124 0.8632488737716137
	a 124 83 0.8632488737716137
4.94452516930317 2
	a 83 117 0.8595930901861981
	a 117 83 0.8595930901861981
0.4498654971040983 2
	a 84 92 0.9852271177182471
	a 92 84 0.9852271177182471
5.880092002334703 2
	a 84 95 0.8378499847747995
	a 95 84 0.8378499847747995
1.126737926931244 2
	a 85 100 0.9638180012646471
	a 100 85 0.9638180012646471
7.401572816973405 2
	a 86 127 0.805261843207262
	a 127 86 0.805261843207262
6.088447687024834 2
	a 86 141 0.8331895628937744
	a 141 86 0.8331895628937744
7.934368255490252 2
	a 86 93 0.794609342118666
	a 93 86 0.794609342118666
1.28340913278765 2
	a 87 101 0.9589987512963922
	a 101 87 0.9589987512963922
10.96751505178616 2
	a 87 132 0.7406733038823882
	a 132 87 0.7406733038823882
0.3981115513613038 2
	a 88 95 0.986904170385881
	a 95 88 0.986904170385881
0.1356157527182506 2
	a 89 91 0.9954998486103701
	a 91 89 0.9954998486103701
6.919941070197217 2
	a 90 150 0.8152224858331399
	a 150 90 0.8152224858331399
3.769985144183868 2
	a 90 109 0.8888819221372484
	a 109 90 0.8888819221372484
7.306200193536104 2
	a 90 133 0.8072089348103839
	a 133 90 0.8072089348103839
2.159927619420729 2
	a 90 94 0.9329459631498691
	a 94 90 0.9329459631498691
7.33123948598506 2
	a 90 151 0.8066965429695614
	a 151 90 0.8066965429695614
0.6780787635912512 2
	a 91 99 0.9779006413097311
	a 99 91 0.9779006413097311
1.40114626753937 2
	a 92 103 0.9554101070881892
	a 103 92 0.9554101070881892
1.488143266609318 2
	a 92 100 0.9527764642605556
	a 100 92 0.9527764642605556
14.21755254633372 2
	a 93 190 0.6937892565186856
	a 190 93 0.6937892565186856
15.74719009247384 2
	a 93 160 0.6750016540495573
	a 160 93 0.6750016540495573
7.768928673005575 2
	a 93 127 0.7978766635778134
	a 127 93 0.7978766635778134
7.3679099719585 2
	a 93 102 0.8059476779655137
	a 102 93 0.8059476779655137
2.211714673489286 2
	a 94 109 0.9314538073769172
	a 109 94 0.9314538073769172
2.340910778800588 2
	a 95 111 0.9277536218016096
	a 111 95 0.9277536218016096
0.1356157527182506 2
	a 96 98 0.9954998486103701
	a 98 96 0.9954998486103701
4.339704086984006 2
	a 96 103 0.8743886738299413
	a 103 96 0.8743886738299413
5.014211540822649 2
	a 97 136 0.8579263822330042
	a 136 97 0.8579263822330042
5.822623764796948 2
	a 97 118 0.8391468436734879
	a 118 97 0.8391468436734879
6.154604107075759 2
	a 97 121 0.8317232901371741
	a 121 97 0.8317232901371741
6.814524084116939 2
	a 98 155 0.8174456088073564
	a 155 98 0.8174456088073564
1.469582609899217 2
	a 98 103 0.9533370662617073
	a 103 98 0.9533370662617073
1.850212160603866 2
	a 99 110 0.9419782271614195
	a 110 99 0.9419782271614195
0.6634204275629935 2
	a 100 103 0.9783678847855061
	a 103 100 0.9783678847855061
3.282289094916528 2
	a 100 108 0.9017334566010957
	a 108 100 0.9017334566010957
11.72077695102449 2
	a 101 181 0.7288857494490149
	a 181 101 0.7288857494490149
11.08830876218052 2
	a 101 179 0.7387429653148305
	a 179 101 0.7387429653148305
6.636302685294886 2
	a 102 160 0.8212398111373643
	a 160 102 0.8212398111373643
6.902659116337397 2
	a 102 106 0.8155858724910414
	a 106 102 0.8155858724910414
6.696444921916338 2
	a 103 155 0.8199543844250745
	a 155 103 0.8199543844250745
3.976478670891326 2
	a 103 107 0.8835651620148606
	a 107 103 0.8835651620148606
0.8272569866452942 2
	a 103 108 0.9731713725222706
	a 108 103 0.9731713725222706
9.982745915042909 2
	a 104 174 0.7570040141633789
	a 174 104 0.7570040141633789
4.435990511965748 2
	a 104 146 0.8719931341900544
	a 146 104 0.8719931341900544
0.5488408072586609 2
	a 105 109 0.9820359572016657
	a 109 105 0.9820359572016657
0.6780787635912512 2
	a 106 112 0.9779006413097311
	a 112 106 0.9779006413097311
11.05640421608433 2
	a 107 185 0.7392513047973368
	a 185 107 0.7392513047973368
8.030976162134344 2
	a 107 166 0.7927179998224703
	a 166 107 0.7927179998224703
9.222094516862587 2
	a 107 138 0.7703728134929204
	a 138 107 0.7703728134929204
10.33738095470328 2
	a 107 134 0.7509991036747913
	a 134 107 0.7509991036747913
0.2701555345749592 2
	a 108 110 0.9910754242055927
	a 110 108 0.9910754242055927
4.404659814886136 2
	a 109 150 0.8727709331536018
	a 150 109 0.8727709331536018
0.4217785570495555 2
	a 110 114 0.9861365385453571
	a 114 110 0.9861365385453571
2.753101957609101 2
	a 111 134 0.9161592368525581
	a 134 111 0.9161592368525581
5.592261689310599 2
	a 112 160 0.8443954814722219
	a 160 112 0.8443954814722219
0.2756047834633315 2
	a 112 115 0.9908970571258108
	a 115 112 0.9908970571258108
0.9302638502529895 2
	a 113 120 0.9699331771903307
	a 120 113 0.9699331771903307
1.47883949707141 2
	a 114 125 0.9530573865644731
	a 125 114 0.9530573865644731
1.154824871506312 2
	a 115 116 0.9629503318246462
	a 116 115 0.9629503318246462
4.73510161453246 2
	a 115 160 0.8646487849966545
	a 160 115 0.8646487849966545
6.017192557683163 2
	a 116 156 0.8347760925494865
	a 156 116 0.8347760925494865
7.370797479962751 2
	a 116 175 0.805888788542551
	a 175 116 0.805888788542551
10.90407872661328 2
	a 117 189 0.7416932878276465
	a 189 117 0.7416932878276465
3.118687187250631 2
	a 117 124 0.9061390624364682
	a 124 117 0.9061390624364682
2.876470314986717 2
	a 117 134 0.9127505481142744
	a 134 117 0.9127505481142744
2.884971501458989 2
	a 118 142 0.9125166897645786
	a 142 118 0.9125166897645786
1.944064083921212 2
	a 118 136 0.9392214932019196
	a 136 118 0.9392214932019196
1.255322192733106 2
	a 119 126 0.9598590144779089
	a 126 119 0.9598590144779089
0.1917896373478611 2
	a 119 122 0.9936477087493498
	a 122 119 0.9936477087493498
0.99986533083179 2
	a 119 123 0.9677576919995778
	a 123 119 0.9677576919995778
1.200526638806247 2
	a 120 129 0.9615419685147637
	a 129 120 0.9615419685147637
8.451645558627142 2
	a 121 136 0.7846228757936244
	a 136 121 0.7846228757936244
6.500432978518095 2
	a 121 174 0.8241628133300712
	a 174 121 0.8241628133300712
0.4217785570495555 2
	a 122 126 0.9861365385453571
	a 126 122 0.9861365385453571
0.7241308354215087 2
	a 123 126 0.9764356703146633
	a 126 123 0.9764356703146633
1.094826392103268 2
	a 123 131 0.9648057945788575
	a 131 123 0.9648057945788575
1.69290710932188 2
	a 123 135 0.9466376432947569
	a 135 123 0.9466376432947569
10.76568016125188 2
	a 124 171 0.7439336074548074
	a 171 124 0.7439336074548074
4.60314040799531 2
	a 124 168 0.867870903612867
	a 168 124 0.867870903612867
3.463679390868148 2
	a 125 154 0.89690467520867
	a 154 125 0.89690467520867
1.4107841807304 2
	a 125 141 0.9551175875356257
	a 141 125 0.9551175875356257
0.5491773151464054 2
	a 126 128 0.9820251433961789
	a 128 126 0.9820251433961789
1.165489355260694 2
	a 126 131 0.9626213070482963
	a 131 126 0.9626213070482963
10.96228517945991 2
	a 127 190 0.7407572312226233
	a 190 127 0.7407572312226233
0.6623180749170225 2
	a 127 130 0.9784030414175598
	a 130 127 0.9784030414175598
2.118200225452055 2
	a 127 141 0.9341520203443309
	a 141 127 0.9341520203443309
4.185271621452946 2
	a 128 144 0.8782631019206172
	a 144 128 0.8782631019206172
2.671253212784895 2
	a 128 159 0.9184362509733359
	a 159 128 0.9184362509733359
2.010524034629345 2
	a 128 139 0.9372797553858452
	a 139 128 0.9372797553858452
2.634386264791015 2
	a 128 131 0.9194659470135615
	a 131 128 0.9194659470135615
3.697805716638496 2
	a 128 153 0.8907577166116375
	a 153 128 0.8907577166116375
0.754358709720538 2
	a 129 140 0.9754765278968778
	a 140 129 0.9754765278968778
1.766150822171435 2
	a 130 152 0.9444620659100418
	a 152 130 0.9444620659100418
0.9493102690277512 2
	a 130 141 0.9693368529259123
	a 141 130 0.9693368529259123
0.3002129760370238 2
	a 131 135 0.9900923780751469
	a 135 131 0.9900923780751469
3.806749191465107 2
	a 131 149 0.8879299643163827
	a 149 131 0.8879299643163827
7.463859043714304 2
	a 132 177 0.8039968974227441
	a 177 132 0.8039968974227441
0.6623180749170225 2
	a 132 142 0.9784030414175598
	a 142 132 0.9784030414175598
4.498956856227057 2
	a 133 161 0.8704348705670288
	a 161 133 0.8704348705670288
3.769073340711518 2
	a 133 169 0.8889055617815274
	a 169 133 0.8889055617815274
0.9212233289732074 2
	a 134 145 0.9702164919514231
	a 145 134 0.9702164919514231
0.3911042311720507 2
	a 134 138 0.9871316830851129
	a 138 134 0.9871316830851129
0.1356157527182506 2
	a 135 137 0.9954998486103701
	a 137 135 0.9954998486103701
2.032393751869971 2
	a 135 147 0.9366426742844616
	a 147 135 0.9366426742844616
2.883031292090099 2
	a 135 149 0.9125700511319986
	a 149 135 0.9125700511319986
11.41091846731428 2
	a 136 207 0.7336630687498887
	a 207 136 0.7336630687498887
3.074445979004846 2
	a 136 142 0.9073387028741056
	a 142 136 0.9073387028741056
7.738562750911326 2
	a 136 158 0.7984802943358102
	a 158 136 0.7984802943358102
0.7269919299976549 2
	a 137 147 0.9763448038133792
	a 147 137 0.9763448038133792
3.700570939918522 2
	a 138 166 0.8906856877620483
	a 166 138 0.8906856877620483
0.4498654971040983 2
	a 138 145 0.9852271177182471
	a 145 138 0.9852271177182471
12.49696323765076 2
	a 139 217 0.7173431010895414
	a 217 139 0.7173431010895414
3.410152223953312 2
	a 139 153 0.8983235508360322
	a 153 139 0.8983235508360322
2.850782431159336 2
	a 140 165 0.9134579995810561
	a 165 140 0.9134579995810561
0.4068472581547501 2
	a 140 146 0.986620689469499
	a 146 140 0.986620689469499
2.413936864531231 2
	a 141 154 0.9256762045825243
	a 154 141 0.9256762045825243
1.075086642313258 2
	a 141 152 0.9654178739060115
	a 152 141 0.9654178739060115
11.06634426309032 2
	a 142 207 0.7390928127027038
	a 207 142 0.7390928127027038
7.887979689333831 2
	a 142 177 0.7955218527238261
	a 177 142 0.7955218527238261
1.392998929689093 2
	a 143 155 0.9556575329443662
	a 155 143 0.9556575329443662
10.14516269020737 2
	a 143 154 0.7542362414164951
	a 154 143 0.7542362414164951
1.935871965749386 2
	a 144 162 0.9394614356755866
	a 162 144 0.9394614356755866
4.332000289494044 2
	a 144 159 0.8745810041832316
	a 159 144 0.8745810041832316
8.207313966643744 2
	a 145 189 0.7892969976593651
	a 189 145 0.7892969976593651
3.312357851252894 2
	a 145 166 0.9009289548548127
	a 166 145 0.9009289548548127
9.235584866741085 2
	a 146 174 0.7701297612145352
	a 174 146 0.7701297612145352
2.364635760223127 2
	a 146 165 0.9270775934524988
	a 165 146 0.9270775934524988
0.1917896373478611 2
	a 147 149 0.9936477087493498
	a 149 147 0.9936477087493498
1.453744046139253 2
	a 148 162 0.9538159996063358
	a 162 148 0.9538159996063358
4.087840513628286 2
	a 148 172 0.8807280716163642
	a 172 148 0.8807280716163642
1.73006200572298 2
	a 149 164 0.9455326939779243
	a 164 149 0.9455326939779243
0.9589481822187813 2
	a 150 161 0.9690353879296758
	a 161 150 0.9690353879296758
7.07840895423036 2
	a 151 187 0.8119098388929682
	a 187 151 0.8119098388929682
10.08118722008904 2
	a 151 209 0.7553228825863232
	a 209 151 0.7553228825863232
6.770469971363605 2
	a 151 181 0.8183792982077196
	a 181 151 0.8183792982077196
0.2701555345749592 2
	a 152 154 0.9910754242055927
	a 154 152 0.9910754242055927
11.21677439132191 2
	a 153 217 0.7367070117450558
	a 217 153 0.7367070117450558
23.12561336826612 2
	a 153 184 0.6070076728252097
	a 184 153 0.6070076728252097
20.53412895246494 2
	a 154 198 0.6271879823748916
	a 198 154 0.6271879823748916
9.919603812766074 2
	a 154 211 0.7580881459577202
	a 211 154 0.7580881459577202
8.235787063513101 2
	a 155 197 0.7887483730962179
	a 197 155 0.7887483730962179
8.03800797000801 2
	a 155 198 0.7925808095324471
	a 198 155 0.7925808095324471
19.59098153789584 2
	a 156 244 0.6354418859795899
	a 244 156 0.6354418859795899
3.24075697859072 2
	a 156 175 0.9028473206372873
	a 175 156 0.9028473206372873
2.292841933467983 2
	a 157 172 0.9291265953809196
	a 172 157 0.9291265953809196
1.960778042844447 2
	a 157 170 0.9387323570995137
	a 170 157 0.9387323570995137
11.12413874692386 2
	a 157 217 0.7381733687532102
	a 217 157 0.7381733687532102
9.874221533576922 2
	a 158 207 0.7588701702490364
	a 207 158 0.7588701702490364
2.22352195954815 2
	a 158 173 0.9311143211065041
	a 173 158 0.9311143211065041
9.117513258337912 2
	a 158 178 0.7722644621371069
	a 178 158 0.7722644621371069
9.926653540001205 2
	a 158 174 0.7579668777214439
	a 174 158 0.7579668777214439
1.712188283485123 2
	a 159 170 0.9460638989100543
	a 170 159 0.9460638989100543
11.63873386430611 2
	a 159 217 0.7301410789156811
	a 217 159 0.7301410789156811
8.460519200202679 2
	a 160 204 0.7844545494951753
	a 204 160 0.7844545494951753
6.258739691552277 2
	a 160 175 0.829428319046307
	a 175 160 0.829428319046307
14.18069970237812 2
	a 160 190 0.6942659542164804
	a 190 160 0.6942659542164804
1.277257733339577 2
	a 161 164 0.9591870222090993
	a 164 161 0.9591870222090993
0.3282999206120918 2
	a 161 163 0.9891755568692563
	a 163 161 0.9891755568692563
1.027952275406858 2
	a 162 167 0.9668826525367566
	a 167 162 0.9668826525367566
3.395700091677062 2
	a 162 172 0.8987075107506746
	a 172 162 0.8987075107506746
1.161205967875288 2
	a 163 164 0.9627534316634843
	a 164 163 0.9627534316634843
4.089123524538977 2
	a 163 180 0.8806955077910495
	a 180 163 0.8806955077910495
3.965587442118924 2
	a 164 180 0.8838437628747193
	a 180 164 0.8838437628747193
10.85589375803215 2
	a 165 174 0.7424709350879066
	a 174 165 0.7424709350879066
1.126737926931244 2
	a 165 171 0.9638180012646471
	a 171 165 0.9638180012646471
4.442321638450371 2
	a 166 185 0.8718361582812646
	a 185 166 0.8718361582812646
6.917975631777798 2
	a 166 189 0.8152637918981864
	a 189 166 0.8152637918981864
4.058802247150524 2
	a 167 183 0.8814658310410621
	a 183 167 0.8814658310410621
7.076174549088572 2
	a 168 203 0.8119563045501721
	a 203 168 0.8119563045501721
7.294268638242501 2
	a 168 189 0.8074533973842768
	a 189 168 0.8074533973842768
6.641142847673602 2
	a 168 171 0.8211361710028721
	a 171 168 0.8211361710028721
6.039353577560628 2
	a 169 194 0.8342818590872041
	a 194 169 0.8342818590872041
5.730832780512087 2
	a 169 187 0.8412285815092733
	a 187 169 0.8412285815092733
0.487629339878578 2
	a 170 172 0.9840070514701087
	a 172 170 0.9840070514701087
1.881164616308095 2
	a 171 176 0.9410671467240357
	a 176 171 0.9410671467240357
2.68551096248225 2
	a 172 182 0.9180387093162032
	a 182 172 0.9180387093162032
13.52993173632704 2
	a 173 232 0.7028795897942715
	a 232 173 0.7028795897942715
9.919773902043135 2
	a 173 229 0.7580852194392349
	a 229 173 0.7580852194392349
9.597191699784021 2
	a 173 207 0.7636955764899991
	a 207 173 0.7636955764899991
1.504934540073178 2
	a 174 178 0.9522699016125583
	a 178 174 0.9522699016125583
7.746530311999279 2
	a 175 218 0.7983217924367444
	a 218 175 0.7983217924367444
6.555113729189753 2
	a 175 204 0.8229832668543459
	a 204 175 0.8229832668543459
7.187742387633389 2
	a 176 178 0.8096446261315405
	a 178 176 0.8096446261315405
3.538646752811601 2
	a 176 193 0.8949259641893402
	a 193 176 0.8949259641893402
6.636302685294886 2
	a 176 216 0.8212398111373643
	a 216 176 0.8212398111373643
3.845225437350192 2
	a 176 192 0.8869361668682365
	a 192 176 0.8869361668682365
2.916585594777055 2
	a 177 179 0.9116481825799455
	a 179 177 0.9116481825799455
5.242478384573175 2
	a 177 207 0.8525207689242265
	a 207 177 0.8525207689242265
22.46879436746501 2
	a 178 266 0.6117974189259486
	a 266 178 0.6117974189259486
2.590874140393419 2
	a 178 192 0.9206845038567791
	a 192 178 0.9206845038567791
3.621229585705272 2
	a 179 191 0.8927576648159994
	a 191 179 0.8927576648159994
1.396249630240699 2
	a 179 186 0.9555587965639205
	a 186 179 0.9555587965639205
12.31361889500295 2
	a 180 184 0.7200159782421949
	a 184 180 0.7200159782421949
9.552221014404369 2
	a 180 242 0.7644873341468597
	a 242 180 0.7644873341468597
13.10150922793606 2
	a 180 194 0.7087576792525944
	a 194 180 0.7087576792525944
1.248857222541599 2
	a 181 186 0.9600572555169801
	a 186 181 0.9600572555169801
0.6027356872459425 2
	a 182 183 0.9803071135846667
	a 183 182 0.9803071135846667
1.754926729054513 2
	a 182 188 0.9447947692786187
	a 188 182 0.9447947692786187
1.330050418899266 2
	a 183 188 0.9575737484377891
	a 188 183 0.9575737484377891
18.95733029599199 2
	a 184 217 0.6412859821809185
	a 217 184 0.6412859821809185
6.559780868470625 2
	a 184 202 0.8228827886272325
	a 202 184 0.8228827886272325
7.187803568419963 2
	a 184 233 0.8096433631806638
	a 233 184 0.8096433631806638
9.566217604326184 2
	a 184 242 0.7642406545368317
	a 242 184 0.7642406545368317
1.844573659932574 2
	a 185 196 0.9421443980266504
	a 196 185 0.9421443980266504
0.8678838813832842 2
	a 186 191 0.9718915409211399
	a 191 186 0.9718915409211399
1.097840144811725 2
	a 187 194 0.9647124166449504
	a 194 187 0.9647124166449504
5.927326774623891 2
	a 187 209 0.8367877736226961
	a 209 187 0.8367877736226961
8.181963051797664 2
	a 187 243 0.7897863406228082
	a 243 187 0.7897863406228082
3.98727349042512 2
	a 188 201 0.8832892268688796
	a 201 188 0.8832892268688796
2.603710727412789 2
	a 188 208 0.9203246476401649
	a 208 188 0.9203246476401649
10.88108583970864 2
	a 188 219 0.7420640536831371
	a 219 188 0.7420640536831371
6.036834523994938 2
	a 189 200 0.8343380020619162
	a 200 189 0.8343380020619162
1.654092624187943 2
	a 189 203 0.9477948739037747
	a 203 189 0.9477948739037747
5.95075392577136 2
	a 190 211 0.8362621856253627
	a 211 190 0.8362621856253627
4.668536186412387 2
	a 190 221 0.8662705810191373
	a 221 190 0.8662705810191373
7.139179051102172 2
	a 190 204 0.8106487424413341
	a 204 190 0.8106487424413341
2.497112962096743 2
	a 191 209 0.9233223311126324
	a 209 191 0.9233223311126324
1.277257733339577 2
	a 192 195 0.9591870222090993
	a 195 192 0.9591870222090993
0.1917896373478611 2
	a 192 193 0.9936477087493498
	a 193 192 0.9936477087493498
0.2701555345749592 2
	a 193 195 0.9910754242055927
	a 195 193 0.9910754242055927
5.4779905767616 2
	a 193 216 0.8470291307245523
	a 216 193 0.8470291307245523
12.78784165937401 2
	a 194 242 0.7131690091210985
	a 242 194 0.7131690091210985
10.20867186364209 2
	a 194 254 0.7531620947234369
	a 254 194 0.7531620947234369
8.218256205021268 2
	a 194 243 0.789086037500579
	a 243 194 0.789086037500579
5.619252194086516 2
	a 195 234 0.8437763448071429
	a 234 195 0.8437763448071429
21.47635825742918 2
	a 196 272 0.6194443868763811
	a 272 196 0.6194443868763811
0.487629339878578 2
	a 196 200 0.9840070514701087
	a 200 196 0.9840070514701087
16.5629315974754 2
	a 196 197 0.6657387342765629
	a 197 196 0.6657387342765629
12.30787715005911 2
	a 197 272 0.7201002127383084
	a 272 197 0.7201002127383084
8.42758590917057 2
	a 197 205 0.7850797705611944
	a 205 197 0.7850797705611944
4.423476776327825 2
	a 198 227 0.8723035985903876
	a 227 198 0.8723035985903876
1.084926021746002 2
	a 198 205 0.9651126791441141
	a 205 198 0.9651126791441141
7.759577578090493 2
	a 198 199 0.7980624196694992
	a 199 198 0.7980624196694992
6.665909349035965 2
	a 199 225 0.8206063805306671
	a 225 199 0.8206063805306671
7.789134163454619 2
	a 199 227 0.7974756840992845
	a 227 199 0.7974756840992845
1.574909167395583 2
	a 199 211 0.9501649872620932
	a 211 199 0.9501649872620932
0.9444385488633793 2
	a 200 206 0.9694893095361223
	a 206 200 0.9694893095361223
1.654092624187943 2
	a 201 212 0.9477948739037747
	a 212 201 0.9477948739037747
1.813689595252441 2
	a 201 208 0.9430556835905727
	a 208 201 0.9430556835905727
6.269462268574598 2
	a 202 236 0.8291929151592543
	a 236 202 0.8291929151592543
8.390141672040521 2
	a 202 246 0.7857922991628443
	a 246 202 0.7857922991628443
7.275214670190836 2
	a 202 233 0.8078441926858442
	a 233 202 0.8078441926858442
10.37440966968752 2
	a 202 259 0.7503802562085202
	a 259 202 0.7503802562085202
4.889158288812737 2
	a 203 237 0.8609228460007813
	a 237 203 0.8609228460007813
2.309439321610708 2
	a 204 215 0.9286520326016992
	a 215 204 0.9286520326016992
3.129053131007503 2
	a 204 221 0.9058584917483876
	a 221 204 0.9058584917483876
1.511850541135075 2
	a 204 213 0.9520614230695246
	a 213 204 0.9520614230695246
16.94370584114714 2
	a 205 263 0.6615844165201672
	a 263 205 0.6615844165201672
14.56588259266502 2
	a 205 272 0.6893409312162557
	a 272 205 0.6893409312162557
2.986208086756475 2
	a 205 227 0.9097419450830263
	a 227 205 0.9097419450830263
2.590874140393419 2
	a 206 222 0.9206845038567791
	a 222 206 0.9206845038567791
3.32237792511456 2
	a 207 232 0.9006612217722156
	a 232 207 0.9006612217722156
0.3897640175368631 2
	a 208 212 0.9871752090644744
	a 212 208 0.9871752090644744
10.20077089892977 2
	a 208 261 0.7532954781674095
	a 261 208 0.7532954781674095
2.233139494212072 2
	a 209 223 0.9308379925741216
	a 223 209 0.9308379925741216
6.620597106342037 2
	a 209 232 0.8215763377659123
	a 232 209 0.8215763377659123
6.80286492210372 2
	a 210 244 0.8176924480451156
	a 244 210 0.8176924480451156
3.05933881812244 2
	a 210 230 0.9077491582878061
	a 230 210 0.9077491582878061
1.946413278756623 2
	a 210 218 0.9391527107972737
	a 218 210 0.9391527107972737
3.613922378402033 2
	a 211 235 0.8929490422051396
	a 235 211 0.8929490422051396
9.098803767859726 2
	a 212 262 0.7726042693044777
	a 262 212 0.7726042693044777
0.4217785570495555 2
	a 213 215 0.9861365385453571
	a 215 213 0.9861365385453571
12.45395023798999 2
	a 214 293 0.7179672341052028
	a 293 214 0.7179672341052028
13.358074594918 2
	a 214 321 0.7052173768250042
	a 321 214 0.7052173768250042
14.07536253068885 2
	a 214 263 0.6956349839926519
	a 263 214 0.6956349839926519
2.997057921080623 2
	a 214 227 0.9094456767633626
	a 227 214 0.9094456767633626
2.897691477013118 2
	a 215 224 0.9121670245626612
	a 224 215 0.9121670245626612
2.637735182791266 2
	a 215 218 0.9193723069963453
	a 218 215 0.9193723069963453
0.9493102690277512 2
	a 215 221 0.9693368529259123
	a 221 215 0.9693368529259123
7.663108243622532 2
	a 216 234 0.7999855226066827
	a 234 216 0.7999855226066827
5.688293857358622 2
	a 216 252 0.8421976547312766
	a 252 216 0.8421976547312766
4.502619109903435 2
	a 216 237 0.8703444398423803
	a 237 216 0.8703444398423803
4.699843304433126 2
	a 217 219 0.8655069198102435
	a 219 217 0.8655069198102435
0.5488408072586609 2
	a 217 220 0.9820359572016657
	a 220 217 0.9820359572016657
1.208722079564016 2
	a 218 228 0.9612898680661656
	a 228 218 0.9612898680661656
2.373470620213911 2
	a 218 224 0.9268261228004786
	a 224 218 0.9268261228004786
7.839966419336686 2
	a 219 261 0.7964692996159982
	a 261 219 0.7964692996159982
0.1917896373478611 2
	a 219 220 0.9936477087493498
	a 220 219 0.9936477087493498
7.575454841706805 2
	a 220 261 0.8017436378687122
	a 261 220 0.8017436378687122
0.572507812946912 2
	a 220 226 0.9812760003733393
	a 226 220 0.9812760003733393
1.622723222372507 2
	a 221 235 0.9487323242927355
	a 235 221 0.9487323242927355
3.257202196817841 2
	a 221 224 0.902405901849106
	a 224 221 0.902405901849106
1.077585909540628 2
	a 222 231 0.9653403334567153
	a 231 222 0.9653403334567153
2.726704039426264 2
	a 223 243 0.9168922641755768
	a 243 223 0.9168922641755768
4.602951282787096 2
	a 223 232 0.8678755418861902
	a 232 223 0.8678755418861902
2.500368558377023 2
	a 224 241 0.923230463308707
	a 241 224 0.923230463308707
2.277380856155709 2
	a 224 238 0.9295691407138549
	a 238 224 0.9295691407138549
1.085368784576001 2
	a 224 228 0.9650989503729956
	a 228 224 0.9650989503729956
3.035586487523105 2
	a 224 235 0.9083953359475823
	a 235 224 0.9083953359475823
15.08311997504483 2
	a 225 321 0.682923268436934
	a 321 225 0.682923268436934
2.1739616031261 2
	a 225 240 0.9325410888065907
	a 240 225 0.9325410888065907
14.96788200354839 2
	a 225 227 0.6843339942306075
	a 227 225 0.6843339942306075
1.465260119971778 2
	a 226 236 0.9534677214128324
	a 236 226 0.9534677214128324
11.77599478076164 2
	a 227 321 0.7280447267575205
	a 321 227 0.7280447267575205
0.4643613518990246 2
	a 228 230 0.9847584254351658
	a 230 228 0.9847584254351658
6.913649407896633 2
	a 229 266 0.8153547317947929
	a 266 229 0.8153547317947929
4.324686857427754 2
	a 229 243 0.8747636802277354
	a 243 229 0.8747636802277354
6.696778694886402 2
	a 229 232 0.8199472650292718
	a 232 229 0.8199472650292718
2.11597334246402 2
	a 230 245 0.9342164788454855
	a 245 230 0.9342164788454855
9.005526891498107 2
	a 230 244 0.7743047292595292
	a 244 230 0.7743047292595292
3.718996080327456 2
	a 231 252 0.8902060864695378
	a 252 231 0.8902060864695378
3.141585093402591 2
	a 231 237 0.9055195531298821
	a 237 231 0.9055195531298821
1.663134424776323 2
	a 232 243 0.9475250304440146
	a 243 232 0.9475250304440146
5.152182423825755 2
	a 233 255 0.8546492490361746
	a 255 233 0.8546492490361746
8.305774619537262 2
	a 233 242 0.7874042583822004
	a 242 233 0.7874042583822004
7.325134792602226 2
	a 233 258 0.806821387596204
	a 258 233 0.806821387596204
7.921809301039852 2
	a 233 260 0.7948561110968175
	a 260 233 0.7948561110968175
22.74728681263045 2
	a 234 266 0.6097409195463322
	a 266 234 0.6097409195463322
8.013107923293422 2
	a 234 278 0.7930668979299614
	a 278 234 0.7930668979299614
5.198606878430876 2
	a 234 252 0.8535533193114659
	a 252 234 0.8535533193114659
0.7952454894459889 2
	a 235 240 0.974182245728525
	a 240 235 0.974182245728525
0.2822352093936812 2
	a 235 238 0.9906801146382663
	a 238 235 0.9906801146382663
0.1917896373478611 2
	a 236 239 0.9936477087493498
	a 239 236 0.9936477087493498
2.996265952207897 2
	a 237 252 0.9094672952161336
	a 252 237 0.9094672952161336
1.607365362209627 2
	a 238 240 0.9491919974582566
	a 240 238 0.9491919974582566
0.754358709720538 2
	a 238 241 0.9754765278968778
	a 241 238 0.9754765278968778
2.40050642517176 2
	a 239 248 0.9260575098237758
	a 248 239 0.9260575098237758
1.813689595252441 2
	a 240 247 0.9430556835905727
	a 247 240 0.9430556835905727
2.848160219211078 2
	a 240 253 0.9135302841994988
	a 253 240 0.9135302841994988
2.514720976910826 2
	a 240 245 0.9228256982684526
	a 245 240 0.9228256982684526
0.9493102690277512 2
	a 240 241 0.9693368529259123
	a 241 240 0.9693368529259123
0.487629339878578 2
	a 241 245 0.9840070514701087
	a 245 241 0.9840070514701087
6.766042871965043 2
	a 242 260 0.8184732785290187
	a 260 242 0.8184732785290187
6.634261216163968 2
	a 242 276 0.8212835341898095
	a 276 242 0.8212835341898095
7.642448946700696 2
	a 242 254 0.8003989732602386
	a 254 242 0.8003989732602386
1.736200693454497 2
	a 243 250 0.9453503988767245
	a 250 243 0.9453503988767245
18.23978024209428 2
	a 244 251 0.6482088976152173
	a 251 244 0.6482088976152173
8.28301988293545 2
	a 244 312 0.7878405764551371
	a 312 244 0.7878405764551371
8.916381847397705 2
	a 244 279 0.7759397768057795
	a 279 244 0.7759397768057795
6.332159501456738 2
	a 244 245 0.8278198211405373
	a 245 244 0.8278198211405373
1.881164616308095 2
	a 245 253 0.9410671467240357
	a 253 245 0.9410671467240357
0.8678838813832842 2
	a 246 249 0.9718915409211399
	a 249 246 0.9718915409211399
15.93578573473683 2
	a 246 259 0.6728151252243768
	a 259 246 0.6728151252243768
6.22557773879951 2
	a 247 287 0.8301574237906866
	a 287 247 0.8301574237906866
