from,to,probability
0,6,0.9230839370295274
0,23,0.903817226934069
0,31,0.7447192649823632
1,20,0.9183740444181987
2,9,0.9738083407717619
3,4,0.7414055663056635
3,13,0.8329378449538096
3,10,0.9703267583806774
4,23,0.7837137487923105
4,5,0.7310156899597104
4,15,0.7828195319216124
4,13,0.9545253329684085
4,3,0.7414055663056635
5,7,0.857156111702291
5,23,0.7886571144464505
5,15,0.9605681082362557
5,4,0.7310156899597104
6,20,0.8518072297569563
6,28,0.9010432565921442
6,0,0.9230839370295274
6,31,0.6557514324693587
7,23,0.9393868605949705
7,5,0.857156111702291
8,34,0.8766186850480729
8,32,0.7855153296319987
9,2,0.9738083407717619
9,12,0.9722730770907142
10,21,0.9338241719892809
10,16,0.9736359159965456
10,13,0.8937998387472451
10,40,0.6286930985969982
10,3,0.9703267583806774
10,25,0.5293308005644078
11,32,0.8894981001052298
11,19,0.9644819118512427
12,28,0.9300086433468401
12,9,0.9722730770907142
12,44,0.798786273964163
13,27,0.9464902956121946
13,14,0.9213915554810497
13,4,0.9545253329684085
13,16,0.9483143562269498
13,10,0.8937998387472451
13,3,0.8329378449538096
14,23,0.906935442825665
14,27,0.9471987816790822
14,17,0.8537120682099751
14,13,0.9213915554810497
15,23,0.973241378938998
15,5,0.9605681082362557
15,4,0.7828195319216124
16,27,0.9501419324278259
16,21,0.8894923257020896
16,13,0.9483143562269498
16,10,0.9736359159965456
17,23,0.9231414344942847
17,27,0.9528713406293264
17,14,0.8537120682099751
18,31,0.8827532122136551
18,27,0.9463836498442388
18,30,0.8676351513957216
18,33,0.9201145110339601
19,32,0.8594164489601263
19,11,0.9644819118512427
19,29,0.866878158799478
19,24,0.973241378938998
20,1,0.9183740444181987
20,22,0.8794075819190452
20,28,0.9483143562269498
20,6,0.8518072297569563
21,27,0.9483143562269498
21,35,0.9130890442380269
21,16,0.8894923257020896
21,10,0.9338241719892809
22,20,0.8794075819190452
22,28,0.9558012826194622
23,7,0.9393868605949705
23,0,0.903817226934069
23,27,0.9742633661702257
23,17,0.9231414344942847
23,5,0.7886571144464505
23,15,0.973241378938998
23,14,0.906935442825665
23,4,0.7837137487923105
24,29,0.9644819118512427
24,19,0.973241378938998
25,29,0.7387796078396099
25,40,0.6770120787747063
25,10,0.5293308005644078
25,36,0.9355153839991557
25,26,0.7190878565160107
26,29,0.973241378938998
26,25,0.7190878565160107
27,23,0.9742633661702257
27,17,0.9528713406293264
27,18,0.9463836498442388
27,33,0.9613991050788319
27,14,0.9471987816790822
27,35,0.8711266029550827
27,21,0.9483143562269498
27,16,0.9501419324278259
27,13,0.9464902956121946
28,20,0.9483143562269498
28,22,0.9558012826194622
28,6,0.9010432565921442
28,12,0.9300086433468401
28,43,0.8959827247084693
29,32,0.9644819118512427
29,47,0.778659389714135
29,41,0.9218390051298286
29,19,0.866878158799478
29,24,0.9644819118512427
29,37,0.9545253329684085
29,39,0.8389415422332784
29,36,0.7529129906182356
29,25,0.7387796078396099
29,26,0.973241378938998
30,44,0.8397916244222193
30,18,0.8676351513957216
30,33,0.8390298974643708
30,46,0.8644534891789482
31,6,0.6557514324693587
31,0,0.7447192649823632
31,44,0.8968611331323423
31,18,0.8827532122136551
32,8,0.7855153296319987
32,34,0.855620394815217
32,38,0.9197180289558177
32,47,0.8643456314392306
32,11,0.8894981001052298
32,29,0.9644819118512427
32,19,0.8594164489601263
33,27,0.9613991050788319
33,18,0.9201145110339601
33,30,0.8390298974643708
33,46,0.8788961875278912
33,35,0.9226646423228461
34,8,0.8766186850480729
34,42,0.8405957963283339
34,38,0.9801847561502938
34,32,0.855620394815217
35,27,0.8711266029550827
35,33,0.9226646423228461
35,46,0.8932752865895137
35,21,0.9130890442380269
35,40,0.8784429864038392
36,29,0.7529129906182356
36,40,0.8886601166284003
36,39,0.9703267583806774
36,25,0.9355153839991557
37,29,0.9545253329684085
37,39,0.9722730770907142
38,42,0.8316157786497426
38,34,0.9801847561502938
38,49,0.7084958630748017
38,32,0.9197180289558177
38,47,0.8835803223217685
38,48,0.7877016287389974
39,29,0.8389415422332784
39,41,0.9828715992216289
39,37,0.9722730770907142
39,36,0.9703267583806774
40,48,0.8158774223054651
40,35,0.8784429864038392
40,45,0.8421644681725391
40,10,0.6286930985969982
40,36,0.8886601166284003
40,25,0.6770120787747063
41,47,0.8478448686711907
41,29,0.9218390051298286
41,45,0.9640719144033315
41,39,0.9828715992216289
42,44,0.7178891159952866
42,34,0.8405957963283339
42,49,0.7658863552614283
42,38,0.8316157786497426
43,28,0.8959827247084693
43,44,0.9872954174986995
44,12,0.798786273964163
44,43,0.9872954174986995
44,31,0.8968611331323423
44,42,0.7178891159952866
44,30,0.8397916244222193
44,49,0.7886049383846049
45,47,0.8798538264795956
45,48,0.8481191918151464
45,41,0.9640719144033315
45,40,0.8421644681725391
46,30,0.8644534891789482
46,49,0.8132531600526253
46,33,0.8788961875278912
46,48,0.7856229875958226
46,35,0.8932752865895137
47,38,0.8835803223217685
47,32,0.8643456314392306
47,48,0.881925465303908
47,29,0.778659389714135
47,45,0.8798538264795956
47,41,0.8478448686711907
48,49,0.9319412935813508
48,38,0.7877016287389974
48,46,0.7856229875958226
48,47,0.881925465303908
48,45,0.8481191918151464
48,40,0.8158774223054651
49,44,0.7886049383846049
49,42,0.7658863552614283
49,38,0.7084958630748017
49,46,0.8132531600526253
49,48,0.9319412935813508
