from,to,probability
0,61,0.9314733060428629
1,97,0.5977463014765256
1,142,0.602647498092554
1,19,0.9722730770907142
1,20,0.9218530484106888
2,189,0.563293198679211
2,211,0.6019141689554899
3,81,0.8078886275719086
3,23,0.973241378938998
3,40,0.9276360025292943
4,41,0.8317526872864586
4,126,0.8570824420858736
5,29,0.9738083407717619
6,101,0.7596926023059639
6,124,0.8643740486290487
7,61,0.9414093153986384
7,42,0.9276360025292943
7,27,0.8644876699360091
8,123,0.8667960597657977
9,70,0.9117908960763035
9,67,0.9297307889571341
9,66,0.7458261708723912
9,32,0.8788961875278912
10,108,0.869174554309495
10,153,0.8018590522533251
10,149,0.6938020511288322
10,166,0.6627975613649419
10,103,0.6668441863360092
10,143,0.4569457449616867
11,45,0.8864639042455559
11,73,0.9230839370295274
12,61,0.8894981001052298
12,55,0.9545253329684085
13,55,0.9558012826194622
14,203,0.6263031676869946
14,215,0.567733446151549
15,37,0.9821508484111854
16,59,0.9606142271693334
16,28,0.6757848196307021
17,18,0.7448604067782966
17,104,0.9100851990856139
18,75,0.9352587802266992
18,17,0.7448604067782966
19,1,0.9722730770907142
19,20,0.813618208769616
19,85,0.9300086433468401
20,119,0.7794384541619838
20,95,0.8659940730125437
20,1,0.9218530484106888
20,19,0.813618208769616
20,64,0.9471987816790822
21,49,0.973241378938998
22,49,0.9738083407717619
23,81,0.8575310822469285
23,80,0.9338241719892809
23,3,0.973241378938998
23,40,0.9463836498442388
24,61,0.9623684211445606
25,126,0.8201106694230323
25,81,0.9355153839991557
26,76,0.9380707758593515
26,35,0.9821508484111854
27,61,0.9640719144033315
27,7,0.8644876699360091
27,37,0.7959369736409363
28,178,0.7052024101491525
28,16,0.6757848196307021
29,76,0.9398663543806614
29,62,0.9381981204125796
29,5,0.9738083407717619
29,79,0.9338241719892809
30,82,0.9386737058518245
30,123,0.8253396939113483
31,58,0.973241378938998
32,9,0.8788961875278912
32,67,0.8285774273060031
32,66,0.9414093153986384
32,69,0.9558491977655615
33,61,0.9722730770907142
34,73,0.7798358500536573
34,88,0.9371623956883558
35,58,0.9738083407717619
35,26,0.9821508484111854
35,93,0.8172065871995338
35,107,0.9053338104244587
35,109,0.9152682940533224
36,61,0.8526504719938727
36,54,0.9820803998915989
36,96,0.7394928910508557
37,61,0.9738083407717619
37,27,0.7959369736409363
37,15,0.9821508484111854
37,58,0.973241378938998
38,47,0.9909996972207402
39,126,0.8864065666986909
39,98,0.9259590347582638
39,81,0.9487936471897895
40,80,0.9487936471897895
40,3,0.9276360025292943
40,23,0.9463836498442388
41,4,0.8317526872864586
41,65,0.9635139401772062
41,92,0.9205396406312979
42,61,0.9821508484111854
42,7,0.9276360025292943
43,77,0.9355153839991557
43,96,0.9398663543806614
44,144,0.8655672488712585
45,99,0.9386737058518245
45,11,0.8864639042455559
45,73,0.9465403344083455
46,80,0.9558491977655615
47,38,0.9909996972207402
47,82,0.9557608360287156
48,145,0.848622615338543
48,116,0.9200400887774002
49,66,0.9726999188860621
49,22,0.9738083407717619
49,21,0.973241378938998
50,61,0.9872954174986995
51,104,0.9380707758593515
51,80,0.81217666323063
52,59,0.9909996972207402
53,61,0.9899427146690853
54,61,0.8557002973105448
54,77,0.964229405292507
54,36,0.9820803998915989
54,96,0.8254128721488143
55,61,0.9909996972207402
55,13,0.9558012826194622
55,12,0.9545253329684085
56,119,0.8501981937793179
56,72,0.8316157786497426
56,146,0.8721632060948366
56,153,0.6588226350274278
56,136,0.753850102906185
57,156,0.7832977864480255
57,99,0.9487936471897895
58,37,0.973241378938998
58,31,0.973241378938998
58,35,0.9738083407717619
58,109,0.9364430231446151
59,52,0.9909996972207402
59,83,0.9680141029402175
59,16,0.9606142271693334
60,96,0.9471987816790822
60,76,0.7856966924265693
60,62,0.8715446207513536
60,68,0.9821508484111854
61,24,0.9623684211445606
61,0,0.9314733060428629
61,50,0.9872954174986995
61,33,0.9722730770907142
61,55,0.9909996972207402
61,12,0.8894981001052298
61,42,0.9821508484111854
61,77,0.9381981204125796
61,7,0.9414093153986384
61,27,0.9640719144033315
61,37,0.9738083407717619
61,54,0.8557002973105448
61,53,0.9899427146690853
61,36,0.8526504719938727
61,76,0.973241378938998
62,76,0.973241378938998
62,60,0.8715446207513536
62,68,0.834584732969052
62,29,0.9381981204125796
63,74,0.973241378938998
63,101,0.9558012826194622
63,124,0.8002746337660031
64,119,0.9381081363295531
64,20,0.9471987816790822
64,108,0.9168865930767257
64,149,0.4691880031104221
65,41,0.9635139401772062
65,92,0.9722730770907142
66,77,0.9872954174986995
66,9,0.7458261708723912
66,69,0.8604167026150135
66,32,0.9414093153986384
66,49,0.9726999188860621
66,96,0.5677413358259704
66,111,0.6449938690098475
67,77,0.9872954174986995
67,70,0.9821508484111854
67,9,0.9297307889571341
67,69,0.9635139401772062
67,32,0.8285774273060031
68,96,0.9704542354364942
68,60,0.9821508484111854
68,62,0.834584732969052
69,77,0.9899427146690853
69,67,0.9635139401772062
69,66,0.8604167026150135
69,32,0.9558491977655615
70,77,0.9909996972207402
70,9,0.9117908960763035
70,67,0.9821508484111854
71,154,0.8582219401622566
71,158,0.8299795122322104
71,214,0.5770161089751767
72,152,0.8254210599045096
72,86,0.9872954174986995
72,146,0.7970423655885297
72,56,0.8316157786497426
73,45,0.9465403344083455
73,99,0.9750654443044591
73,11,0.9230839370295274
73,112,0.884351494543376
73,34,0.7798358500536573
74,154,0.8060071321723122
74,122,0.9464902956121946
74,63,0.973241378938998
75,126,0.9386737058518245
75,18,0.9352587802266992
75,89,0.9713339356626279
75,90,0.9131472571270911
76,61,0.973241378938998
76,96,0.9820803998915989
76,60,0.7856966924265693
76,26,0.9380707758593515
76,62,0.973241378938998
76,29,0.9398663543806614
76,79,0.7904740699318128
77,61,0.9381981204125796
77,70,0.9909996972207402
77,67,0.9872954174986995
77,66,0.9872954174986995
77,69,0.9899427146690853
77,54,0.964229405292507
77,96,0.9820803998915989
77,43,0.9355153839991557
78,119,0.8955897478075493
78,97,0.9821508484111854
79,76,0.7904740699318128
79,29,0.9338241719892809
79,152,0.8789820355089528
80,104,0.9775635533426917
80,51,0.81217666323063
80,23,0.9338241719892809
80,40,0.9487936471897895
80,46,0.9558491977655615
81,126,0.7837137487923105
81,98,0.8123721550606331
81,39,0.9487936471897895
81,104,0.9775635533426917
81,25,0.9355153839991557
81,3,0.8078886275719086
81,23,0.8575310822469285
82,47,0.9557608360287156
82,30,0.9386737058518245
82,145,0.9057190754878935
83,59,0.9680141029402175
83,172,0.7395522614870874
83,178,0.7521691891556024
84,126,0.9446132398187344
85,142,0.9113150658887325
85,19,0.9300086433468401
86,152,0.8772826430872586
86,119,0.9568060828351197
86,72,0.9872954174986995
87,126,0.9501419324278259
87,121,0.9463836498442388
87,159,0.4059861354198026
88,151,0.8650188134587647
88,112,0.973241378938998
88,34,0.9371623956883558
89,126,0.9510887940112148
89,75,0.9713339356626279
89,90,0.9828715992216289
89,104,0.9471987816790822
90,75,0.9131472571270911
90,89,0.9828715992216289
90,104,0.9872954174986995
91,111,0.8314731284442756
91,119,0.9625520007466786
92,109,0.9738083407717619
92,41,0.9205396406312979
92,65,0.9722730770907142
92,126,0.9549459937243078
93,35,0.8172065871995338
93,107,0.894652798146425
93,126,0.9558012826194622
94,126,0.9200400887774002
94,137,0.9355153839991557
95,119,0.9680141029402175
95,97,0.9909996972207402
95,20,0.8659940730125437
96,77,0.9820803998915989
96,66,0.5677413358259704
96,54,0.8254128721488143
96,36,0.7394928910508557
96,76,0.9820803998915989
96,60,0.9471987816790822
96,43,0.9398663543806614
96,68,0.9704542354364942
96,117,0.973241378938998
96,150,0.896870871303304
96,141,0.8925385452761545
96,111,0.9312032714356731
97,119,0.968511557725705
97,78,0.9821508484111854
97,95,0.9909996972207402
97,1,0.5977463014765256
98,126,0.9588171955615209
98,39,0.9259590347582638
98,81,0.8123721550606331
99,57,0.9487936471897895
99,156,0.8696423710275877
99,45,0.9386737058518245
99,73,0.9750654443044591
99,112,0.9150619573547046
100,123,0.9501419324278259
100,118,0.9743504181289488
101,122,0.9719866270833376
101,63,0.9558012826194622
101,6,0.7596926023059639
101,124,0.7975557586732621
102,126,0.9527396919219954
102,120,0.9726999188860621
103,149,0.9091856712558638
103,10,0.6668441863360092
103,143,0.6677265458919178
104,126,0.9644819118512427
104,89,0.9471987816790822
104,90,0.9872954174986995
104,17,0.9100851990856139
104,81,0.9775635533426917
104,51,0.9380707758593515
104,80,0.9775635533426917
105,211,0.5540653296669733
105,206,0.6886398437940255
105,163,0.4393554506907811
105,216,0.5001218613824446
105,202,0.4814900557468057
105,165,0.4076418234541537
106,152,0.9020909832238383
106,126,0.9463836498442388
107,35,0.9053338104244587
107,93,0.894652798146425
107,109,0.9214145039298607
107,126,0.9679276173823074
108,119,0.9747522414139314
108,64,0.9168865930767257
108,153,0.9014965856039029
108,10,0.869174554309495
109,58,0.9364430231446151
109,35,0.9152682940533224
109,107,0.9214145039298607
109,92,0.9738083407717619
109,126,0.973241378938998
110,126,0.9738083407717619
110,137,0.9381081363295531
110,131,0.8985296707828764
111,66,0.6449938690098475
111,96,0.9312032714356731
111,117,0.9113150658887325
111,132,0.91071175634463
111,91,0.8314731284442756
111,138,0.9523643397110048
112,99,0.9150619573547046
112,73,0.884351494543376
112,151,0.9179975025927845
112,88,0.973241378938998
113,152,0.8463082564443137
113,146,0.9380707758593515
113,136,0.841385437676074
114,130,0.9465403344083455
114,144,0.9401309053801926
115,152,0.913556091857009
115,126,0.8435472921169086
115,133,0.8843351807445335
115,137,0.9433551118597786
116,145,0.9401309053801926
116,134,0.9680141029402175
116,48,0.9200400887774002
117,96,0.973241378938998
117,132,0.9738083407717619
117,111,0.9113150658887325
118,123,0.9909996972207402
118,100,0.9743504181289488
119,152,0.9119948158727124
119,91,0.9625520007466786
119,97,0.968511557725705
119,78,0.8955897478075493
119,95,0.9680141029402175
119,86,0.9568060828351197
119,20,0.7794384541619838
119,56,0.8501981937793179
119,64,0.9381081363295531
119,108,0.9747522414139314
119,153,0.9182141025520183
120,126,0.9909996972207402
120,133,0.973241378938998
120,102,0.9726999188860621
121,126,0.9909996972207402
121,87,0.9463836498442388
121,159,0.4070178426681224
122,144,0.9528713406293264
122,74,0.9464902956121946
122,101,0.9719866270833376
123,30,0.8253396939113483
123,145,0.9558012826194622
123,8,0.8667960597657977
123,118,0.9909996972207402
123,100,0.9501419324278259
123,134,0.8449080707936901
124,101,0.7975557586732621
124,63,0.8002746337660031
124,6,0.8643740486290487
124,210,0.7021774417784626
125,150,0.9392715785638494
125,132,0.9644819118512427
126,4,0.8570824420858736
126,93,0.9558012826194622
126,152,0.8435472921169086
126,107,0.9679276173823074
126,109,0.973241378938998
126,92,0.9549459937243078
126,106,0.9463836498442388
126,120,0.9909996972207402
126,133,0.9386737058518245
126,115,0.8435472921169086
126,102,0.9527396919219954
126,75,0.9386737058518245
126,84,0.9446132398187344
126,137,0.973241378938998
126,110,0.9738083407717619
126,94,0.9200400887774002
126,131,0.9909996972207402
126,89,0.9510887940112148
126,98,0.9588171955615209
126,39,0.8864065666986909
126,104,0.9644819118512427
126,25,0.8201106694230323
126,81,0.7837137487923105
126,87,0.9501419324278259
126,121,0.9909996972207402
127,145,0.8525854384560132
127,135,0.9704542354364942
127,142,0.9657519676476977
128,145,0.9623684211445606
128,142,0.8895895385572373
129,213,0.6950534202710874
129,174,0.654481043051091
129,200,0.6726244012775755
129,158,0.8881253300757229
129,169,0.8024799123731862
129,196,0.7122253756471399
130,149,0.7886571144464505
130,140,0.8888129200748273
130,144,0.966248259648567
130,114,0.9465403344083455
131,126,0.9909996972207402
131,137,0.9872954174986995
131,110,0.8985296707828764
132,117,0.9738083407717619
132,125,0.9644819118512427
132,150,0.8638136103093718
132,111,0.91071175634463
132,152,0.9433551118597786
132,138,0.9091856712558638
132,148,0.9066741325234148
133,126,0.9386737058518245
133,120,0.973241378938998
133,115,0.8843351807445335
133,137,0.9909996972207402
134,145,0.9726999188860621
134,123,0.8449080707936901
134,116,0.9680141029402175
135,145,0.9386737058518245
135,127,0.9704542354364942
135,142,0.9821508484111854
136,152,0.7840633012749046
136,56,0.753850102906185
136,113,0.841385437676074
136,157,0.9081468776850504
136,166,0.6676568463106523
137,152,0.9537068139690613
137,126,0.973241378938998
137,133,0.9909996972207402
137,115,0.9433551118597786
137,110,0.9381081363295531
137,94,0.9355153839991557
137,131,0.9872954174986995
138,132,0.9091856712558638
138,111,0.9523643397110048
138,152,0.9545253329684085
138,148,0.8959827247084693
139,142,0.7603901827530355
139,149,0.9680141029402175
140,145,0.9872954174986995
140,130,0.8888129200748273
141,96,0.8925385452761545
141,150,0.973241378938998
141,152,0.8985296707828764
142,145,0.9775635533426917
142,127,0.9657519676476977
142,135,0.9821508484111854
142,1,0.602647498092554
142,85,0.9113150658887325
142,128,0.8895895385572373
142,149,0.9775635533426917
142,139,0.7603901827530355
143,10,0.4569457449616867
143,166,0.4495246784897887
143,103,0.6677265458919178
143,147,0.9392715785638494
143,173,0.6843751662693154
143,154,0.9522654392050312
143,161,0.8487236080441856
144,149,0.9151474968755783
144,154,0.9558012826194622
144,130,0.966248259648567
144,114,0.9401309053801926
144,122,0.9528713406293264
144,44,0.8655672488712585
145,82,0.9057190754878935
145,127,0.8525854384560132
145,135,0.9386737058518245
145,142,0.9775635533426917
145,123,0.9558012826194622
145,134,0.9726999188860621
145,116,0.9401309053801926
145,128,0.9623684211445606
145,149,0.9821508484111854
145,48,0.848622615338543
145,140,0.9872954174986995
146,152,0.9722730770907142
146,72,0.7970423655885297
146,56,0.8721632060948366
146,113,0.9380707758593515
147,149,0.973241378938998
147,154,0.9606142271693334
147,143,0.9392715785638494
148,132,0.9066741325234148
148,152,0.9821508484111854
148,138,0.8959827247084693
149,145,0.9821508484111854
149,142,0.9775635533426917
149,64,0.4691880031104221
149,139,0.9680141029402175
149,10,0.6938020511288322
149,103,0.9091856712558638
149,147,0.973241378938998
149,154,0.9738083407717619
149,130,0.7886571144464505
149,144,0.9151474968755783
150,96,0.896870871303304
150,125,0.9392715785638494
150,141,0.973241378938998
150,132,0.8638136103093718
150,152,0.9909996972207402
151,156,0.9635139401772062
151,112,0.9179975025927845
151,88,0.8650188134587647
151,184,0.6846709805338818
151,171,0.5644106587622554
152,79,0.8789820355089528
152,150,0.9909996972207402
152,141,0.8985296707828764
152,132,0.9433551118597786
152,138,0.9545253329684085
152,119,0.9119948158727124
152,126,0.8435472921169086
152,106,0.9020909832238383
152,148,0.9821508484111854
152,115,0.913556091857009
152,86,0.8772826430872586
152,72,0.8254210599045096
152,137,0.9537068139690613
152,146,0.9722730770907142
152,113,0.8463082564443137
152,136,0.7840633012749046
152,157,0.9558491977655615
153,119,0.9182141025520183
153,56,0.6588226350274278
153,108,0.9014965856039029
153,10,0.8018590522533251
153,166,0.9113150658887325
154,149,0.9738083407717619
154,147,0.9606142271693334
154,143,0.9522654392050312
154,161,0.7977886138059824
154,144,0.9558012826194622
154,164,0.9386737058518245
154,74,0.8060071321723122
154,158,0.7433647076673493
154,71,0.8582219401622566
155,163,0.9117908960763035
155,167,0.9218992617024054
156,167,0.9300086433468401
156,57,0.7832977864480255
156,99,0.8696423710275877
156,179,0.815346176689049
156,151,0.9635139401772062
157,152,0.9558491977655615
157,136,0.9081468776850504
157,166,0.8342714790435549
157,159,0.9538427926153631
157,176,0.8974790738113542
158,154,0.7433647076673493
158,164,0.7610617491347729
158,174,0.6857517675879785
158,71,0.8299795122322104
158,129,0.8881253300757229
158,169,0.9020909832238383
158,185,0.870060589350114
159,157,0.9538427926153631
159,87,0.4059861354198026
159,121,0.4070178426681224
159,176,0.9067124887106888
159,213,0.7836532800566109
159,190,0.7419941754020023
160,213,0.6879002813772838
160,169,0.9463836498442388
160,196,0.740807548125497
160,168,0.7718712970906857
160,162,0.7990505510936233
160,224,0.6658029080701963
160,175,0.4386642908747911
161,173,0.7206251024804728
161,154,0.7977886138059824
161,143,0.8487236080441856
161,195,0.8409890297427352
161,164,0.8745595107716905
162,180,0.8968398854260691
162,160,0.7990505510936233
162,168,0.9640719144033315
162,177,0.9083775496138666
163,105,0.4393554506907811
163,155,0.9117908960763035
163,167,0.9704542354364942
163,165,0.7848326172793865
164,154,0.9386737058518245
164,161,0.8745595107716905
164,195,0.8555153073070307
164,174,0.9369812483497675
164,158,0.7610617491347729
165,105,0.4076418234541537
165,163,0.7848326172793865
165,167,0.9623684211445606
165,202,0.5217114610379577
165,193,0.8657128398730303
166,153,0.9113150658887325
166,136,0.6676568463106523
166,157,0.8342714790435549
166,10,0.6627975613649419
166,176,0.9463836498442388
166,173,0.9261191283460204
166,143,0.4495246784897887
167,155,0.9218992617024054
167,163,0.9704542354364942
167,165,0.9623684211445606
167,193,0.8122523963562355
167,205,0.7768206087050091
167,199,0.8615850875285532
167,156,0.9300086433468401
167,179,0.8732853485689233
168,169,0.8538694190129897
168,180,0.9486190642182526
168,160,0.7718712970906857
168,162,0.9640719144033315
169,158,0.9020909832238383
169,129,0.8024799123731862
169,196,0.8686103888229814
169,180,0.9558012826194622
169,160,0.9463836498442388
169,168,0.8538694190129897
170,184,0.9381981204125796
170,171,0.9623684211445606
171,151,0.5644106587622554
171,184,0.9398663543806614
171,170,0.9623684211445606
172,83,0.7395522614870874
172,186,0.8985296707828764
172,178,0.9653197742132931
172,243,0.6927460348114555
173,166,0.9261191283460204
173,176,0.973241378938998
173,143,0.6843751662693154
173,161,0.7206251024804728
173,195,0.719031943528306
174,195,0.8982079031724008
174,213,0.8016157540135661
174,164,0.9369812483497675
174,200,0.8122109608225572
174,158,0.6857517675879785
174,129,0.654481043051091
175,160,0.4386642908747911
175,224,0.6894606143382912
175,239,0.7412728495072645
175,188,0.4669978930559365
175,219,0.7864206680773322
175,201,0.8841284630228493
175,231,0.7088857828620945
176,157,0.8974790738113542
176,166,0.9463836498442388
176,159,0.9067124887106888
176,173,0.973241378938998
176,195,0.8174624749385981
176,213,0.864821465771282
177,180,0.9041228461390493
177,162,0.9083775496138666
177,181,0.9909996972207402
177,188,0.9471987816790822
178,83,0.7521691891556024
178,172,0.9653197742132931
178,243,0.7919637398887374
178,28,0.7052024101491525
178,182,0.5046729771583568
178,234,0.5388910869555047
179,167,0.8732853485689233
179,205,0.8895895385572373
179,156,0.815346176689049
179,192,0.9338241719892809
179,184,0.8797456091065275
180,169,0.9558012826194622
180,185,0.973241378938998
180,214,0.836148925715985
180,168,0.9486190642182526
180,162,0.8968398854260691
180,181,0.9261529782953875
180,177,0.9041228461390493
181,214,0.8285774273060031
181,180,0.9261529782953875
181,187,0.9680141029402175
181,177,0.9909996972207402
181,188,0.9623684211445606
181,209,0.8659872472849438
182,178,0.5046729771583568
182,217,0.8732781937716566
183,207,0.9136075472781886
184,179,0.8797456091065275
184,192,0.847435813197033
184,151,0.6846709805338818
184,171,0.9398663543806614
184,232,0.8349207204504582
184,170,0.9381981204125796
185,158,0.870060589350114
185,214,0.8943066002331957
185,180,0.973241378938998
186,238,0.8302340936011583
186,172,0.8985296707828764
186,243,0.7691263386251741
187,214,0.9014965856039029
187,181,0.9680141029402175
187,209,0.8778507136781892
188,181,0.9623684211445606
188,177,0.9471987816790822
188,209,0.9148743380689991
188,212,0.9083775496138666
188,175,0.4669978930559365
189,213,0.9056076721861585
189,190,0.8575310822469285
189,2,0.563293198679211
189,211,0.9276215826507387
190,159,0.7419941754020023
190,213,0.9134355206558386
190,189,0.8575310822469285
191,207,0.9545253329684085
191,204,0.9244476739822332
191,247,0.7024200983584886
192,205,0.9623684211445606
192,179,0.9338241719892809
192,184,0.847435813197033
192,222,0.7699614303783903
193,167,0.8122523963562355
193,202,0.4977975347845062
193,165,0.8657128398730303
193,205,0.7034066541248469
193,199,0.9801847561502938
194,247,0.8224886443807908
194,218,0.9338241719892809
195,176,0.8174624749385981
195,173,0.719031943528306
195,161,0.8409890297427352
195,213,0.9386737058518245
195,164,0.8555153073070307
195,174,0.8982079031724008
196,129,0.7122253756471399
196,169,0.8686103888229814
196,208,0.9644819118512427
196,160,0.740807548125497
197,247,0.8505758280931771
197,243,0.7979220328153631
197,217,0.745150387821168
198,247,0.7581900819654539
198,205,0.9821508484111854
198,245,0.8146462253163324
199,167,0.8615850875285532
199,193,0.9801847561502938
199,205,0.9872954174986995
200,213,0.9558012826194622
200,174,0.8122109608225572
200,129,0.6726244012775755
201,239,0.8854786844658508
201,175,0.8841284630228493
201,231,0.7148751814560742
202,105,0.4814900557468057
202,206,0.639908768850149
202,216,0.9554437554669021
202,165,0.5217114610379577
202,193,0.4977975347845062
202,205,0.5594955928236195
203,210,0.9821508484111854
203,14,0.6263031676869946
204,220,0.9530151793505801
204,191,0.9244476739822332
204,247,0.8650821776131814
205,167,0.7768206087050091
205,216,0.8891105905770373
205,202,0.5594955928236195
205,193,0.7034066541248469
205,199,0.9872954174986995
205,198,0.9821508484111854
205,245,0.8144959309729514
205,179,0.8895895385572373
205,237,0.8972305087020932
205,192,0.9623684211445606
206,211,0.7189389726586259
206,239,0.8985296707828764
206,105,0.6886398437940255
206,216,0.8495462545592452
206,202,0.639908768850149
207,220,0.964229405292507
207,183,0.9136075472781886
207,191,0.9545253329684085
208,213,0.973241378938998
208,196,0.9644819118512427
209,214,0.9644819118512427
209,181,0.8659872472849438
209,187,0.8778507136781892
209,188,0.9148743380689991
209,221,0.9653197742132931
209,212,0.8463082564443137
210,214,0.9205396406312979
210,124,0.7021774417784626
210,203,0.9821508484111854
210,215,0.9821508484111854
211,213,0.9119948158727124
211,189,0.9276215826507387
211,2,0.6019141689554899
211,239,0.9102159086864587
211,105,0.5540653296669733
211,206,0.7189389726586259
212,188,0.9083775496138666
212,209,0.8463082564443137
212,221,0.9623684211445606
212,225,0.9623684211445606
212,236,0.9053338104244587
213,159,0.7836532800566109
213,176,0.864821465771282
213,195,0.9386737058518245
213,190,0.9134355206558386
213,174,0.8016157540135661
213,200,0.9558012826194622
213,189,0.9056076721861585
213,129,0.6950534202710874
213,208,0.973241378938998
213,211,0.9119948158727124
213,160,0.6879002813772838
213,224,0.9703267583806774
213,239,0.8956080376602044
214,71,0.5770161089751767
214,185,0.8943066002331957
214,180,0.836148925715985
214,210,0.9205396406312979
214,181,0.8285774273060031
214,187,0.9014965856039029
214,209,0.9644819118512427
214,221,0.9909996972207402
215,210,0.9821508484111854
215,14,0.567733446151549
215,221,0.9909996972207402
216,239,0.9282688659415461
216,105,0.5001218613824446
216,206,0.8495462545592452
216,202,0.9554437554669021
216,247,0.6268584202117942
216,205,0.8891105905770373
217,182,0.8732781937716566
217,234,0.9407762936823929
217,197,0.745150387821168
218,247,0.9009256577333709
218,194,0.9338241719892809
219,225,0.9722730770907142
219,175,0.7864206680773322
220,221,0.9722730770907142
220,207,0.964229405292507
220,236,0.9381081363295531
220,204,0.9530151793505801
221,214,0.9909996972207402
221,209,0.9653197742132931
221,215,0.9909996972207402
221,212,0.9623684211445606
221,236,0.9381981204125796
221,220,0.9722730770907142
222,237,0.7598147671872656
222,192,0.7699614303783903
222,241,0.8352709280516812
222,232,0.9471987816790822
223,239,0.9411692672390646
223,247,0.7867611656973477
224,213,0.9703267583806774
224,160,0.6658029080701963
224,239,0.9545253329684085
224,175,0.6894606143382912
225,212,0.9623684211445606
225,219,0.9722730770907142
225,236,0.9623684211445606
225,231,0.9680141029402175
226,239,0.9605681082362557
227,239,0.849337094754979
227,231,0.7690752085374843
227,235,0.846460926617414
227,247,0.9300086433468401
228,247,0.8033213334867859
228,243,0.9463427450445413
229,239,0.973241378938998
230,247,0.9550161751648277
231,239,0.7986263602889536
231,225,0.9680141029402175
231,175,0.7088857828620945
231,201,0.7148751814560742
231,236,0.9909996972207402
231,227,0.7690752085374843
231,247,0.7058809647088833
232,184,0.8349207204504582
232,222,0.9471987816790822
232,241,0.9222614480785846
232,246,0.9644819118512427
233,247,0.9558012826194622
234,178,0.5388910869555047
234,243,0.9738083407717619
234,217,0.9407762936823929
235,239,0.8562124954018679
235,227,0.846460926617414
235,247,0.9623684211445606
236,221,0.9381981204125796
236,212,0.9053338104244587
236,225,0.9623684211445606
236,231,0.9909996972207402
236,220,0.9381081363295531
236,247,0.9644819118512427
237,205,0.8972305087020932
237,245,0.9014965856039029
237,244,0.9821508484111854
237,222,0.7598147671872656
237,241,0.9417246184471164
238,247,0.9214611723241046
238,186,0.8302340936011583
238,248,0.9644819118512427
238,243,0.8613101420074077
239,213,0.8956080376602044
239,211,0.9102159086864587
239,224,0.9545253329684085
239,206,0.8985296707828764
239,175,0.7412728495072645
239,201,0.8854786844658508
239,231,0.7986263602889536
239,216,0.9282688659415461
239,226,0.9605681082362557
239,223,0.9411692672390646
239,227,0.849337094754979
239,235,0.8562124954018679
239,247,0.9680141029402175
239,229,0.973241378938998
240,247,0.973241378938998
240,248,0.9369359881636277
240,243,0.9197180289558177
241,247,0.9813602292765327
241,237,0.9417246184471164
241,222,0.8352709280516812
241,232,0.9222614480785846
241,246,0.9471987816790822
242,247,0.9821508484111854
243,247,0.9703267583806774
243,238,0.8613101420074077
243,186,0.7691263386251741
243,172,0.6927460348114555
243,248,0.9801847561502938
243,178,0.7919637398887374
243,228,0.9463427450445413
243,240,0.9197180289558177
243,234,0.9738083407717619
243,197,0.7979220328153631
244,247,0.9828715992216289
244,237,0.9821508484111854
245,247,0.9872954174986995
245,205,0.8144959309729514
245,198,0.8146462253163324
245,237,0.9014965856039029
246,247,0.9909996972207402
246,241,0.9471987816790822
246,232,0.9644819118512427
247,239,0.9680141029402175
247,236,0.9644819118512427
247,231,0.7058809647088833
247,216,0.6268584202117942
247,191,0.7024200983584886
247,223,0.7867611656973477
247,204,0.8650821776131814
247,227,0.9300086433468401
247,235,0.9623684211445606
247,238,0.9214611723241046
247,198,0.7581900819654539
247,242,0.9821508484111854
247,248,0.973241378938998
247,245,0.9872954174986995
247,243,0.9703267583806774
247,249,0.9775635533426917
247,244,0.9828715992216289
247,228,0.8033213334867859
247,240,0.973241378938998
247,241,0.9813602292765327
247,246,0.9909996972207402
247,218,0.9009256577333709
247,233,0.9558012826194622
247,197,0.8505758280931771
247,230,0.9550161751648277
247,194,0.8224886443807908
248,247,0.973241378938998
248,238,0.9644819118512427
248,243,0.9801847561502938
248,249,0.9801847561502938
248,240,0.9369359881636277
249,247,0.9775635533426917
249,248,0.9801847561502938
