from,to,probability
0,93,0.7266606516080294
0,45,0.9429172559762844
1,59,0.5029476929670206
1,180,0.6857472966363591
1,14,0.9872954174986995
2,22,0.9821508484111854
3,152,0.7907827584876886
4,41,0.6243917513198833
4,19,0.9872954174986995
5,141,0.5969199567063791
5,55,0.6590541452685854
5,124,0.8219157848902335
6,57,0.9355153839991557
7,24,0.9820803998915989
8,98,0.8631513498098018
8,9,0.7494580494043787
9,8,0.7494580494043787
9,39,0.9623684211445606
10,50,0.8496341539742317
10,34,0.9463427450445413
10,15,0.9302253582882283
10,22,0.9909996972207402
11,175,0.7619784227326147
12,126,0.8270635222644824
12,133,0.7470603523524818
12,80,0.8965855588156951
13,174,0.6781604792975904
13,120,0.8371755654639097
13,24,0.9055889952701717
14,180,0.7545729531505926
14,1,0.9872954174986995
15,23,0.9909996972207402
15,10,0.9302253582882283
15,22,0.9680141029402175
16,133,0.7903186836841863
16,34,0.8510007455027726
16,23,0.9909996972207402
17,67,0.9276130660231213
18,103,0.8610999092160857
18,30,0.7656453851517829
18,69,0.8307162854767866
18,228,0.6781212306170052
19,4,0.9872954174986995
19,284,0.644016751184543
20,64,0.9276360025292943
20,111,0.8546212877768472
21,287,0.6435690464263177
21,346,0.2670444825218969
22,50,0.9606142271693334
22,23,0.9640719144033315
22,10,0.9909996972207402
22,15,0.9680141029402175
22,2,0.9821508484111854
23,133,0.8256934404187094
23,16,0.9909996972207402
23,78,0.9227155337830817
23,15,0.9909996972207402
23,22,0.9640719144033315
24,120,0.7864206680773322
24,13,0.9055889952701717
24,158,0.8009787043685758
24,7,0.9820803998915989
25,76,0.890700797753449
25,46,0.9680141029402175
25,70,0.7070123100049321
26,27,0.827415984082653
26,58,0.9606142271693334
27,26,0.827415984082653
27,58,0.9024314935795051
27,83,0.9183469452717982
28,88,0.908065740587924
29,592,0.123828510006155
29,572,0.1395266931548942
29,564,0.1431834161844272
29,152,0.8147016073056995
29,203,0.4625966239176243
30,96,0.7576820642777845
30,18,0.7656453851517829
30,69,0.8042439532927694
30,308,0.6288012760532816
31,54,0.9738083407717619
31,156,0.8151847151447701
31,37,0.9545253329684085
32,40,0.9064479973254025
32,94,0.846826514220289
32,136,0.7974576959721641
32,99,0.8904787484706886
32,44,0.9041228461390493
33,130,0.6404663418900092
33,98,0.8804840751160643
33,35,0.6719580464196191
33,82,0.9261529782953875
33,113,0.8699142126366161
34,153,0.8203294419931803
34,50,0.9145610180517193
34,16,0.8510007455027726
34,10,0.9463427450445413
35,112,0.8760910752026436
35,33,0.6719580464196191
35,135,0.6537704275257376
36,336,0.5653949665855419
36,248,0.7014997349759844
37,31,0.9545253329684085
37,47,0.928551779393621
37,68,0.9527396919219954
38,82,0.9318432884199691
38,67,0.7944163664263679
39,98,0.8976079038964466
39,9,0.9623684211445606
40,56,0.6785297259363369
40,51,0.9014965856039029
40,94,0.9097653150610554
40,32,0.9064479973254025
41,4,0.6243917513198833
41,451,0.3552503003562393
41,284,0.665241591534108
42,88,0.9227155337830817
43,52,0.9872954174986995
43,90,0.6838378290932993
44,125,0.5813511994093462
44,32,0.9041228461390493
44,99,0.8487236080441856
44,222,0.623943755130032
44,145,0.8344989513270101
45,93,0.9214145039298607
45,0,0.9429172559762844
46,25,0.9680141029402175
46,255,0.7052395886712765
47,156,0.8165719069521307
47,37,0.928551779393621
47,68,0.9644819118512427
48,64,0.8271844087439152
48,56,0.9872954174986995
49,68,0.9652302536595252
50,189,0.7773140583634709
50,34,0.9145610180517193
50,10,0.8496341539742317
50,22,0.9606142271693334
51,56,0.8498130428640799
51,86,0.8686103888229814
51,40,0.9014965856039029
51,94,0.9201145110339601
52,79,0.544232486369393
52,258,0.6739353819857512
52,221,0.7410016481523601
52,43,0.9872954174986995
53,81,0.9558491977655615
53,184,0.7039276311774235
53,116,0.7764510874564435
54,144,0.5679393693324066
54,31,0.9738083407717619
54,208,0.7589305296185435
54,156,0.789445716460029
55,141,0.8526504719938727
55,5,0.6590541452685854
56,48,0.9872954174986995
56,64,0.8895895385572373
56,86,0.9463836498442388
56,77,0.5126083359454314
56,51,0.8498130428640799
56,40,0.6785297259363369
57,88,0.9433113231217994
57,73,0.7604797446217791
57,6,0.9355153839991557
58,26,0.9606142271693334
58,27,0.9024314935795051
58,83,0.9558012826194622
58,109,0.8571346208047855
59,201,0.7669570948722908
59,212,0.7599666732579925
59,180,0.6207614876932397
59,1,0.5029476929670206
60,95,0.7704942238788985
60,122,0.890700797753449
60,80,0.8270732176773828
61,62,0.7507620979746625
61,75,0.7598414752188664
61,81,0.973241378938998
62,303,0.6620494623514317
62,61,0.7507620979746625
62,263,0.7052977405224238
62,75,0.795117046869719
63,132,0.7570946388844005
63,106,0.916845260592923
63,265,0.5527637308290961
63,71,0.84172563604536
64,48,0.8271844087439152
64,20,0.9276360025292943
64,56,0.8895895385572373
64,111,0.890700797753449
64,86,0.9607513444140467
65,405,0.3293045958435853
65,426,0.4857817334682131
65,364,0.434780944449862
66,75,0.9355153839991557
66,81,0.9821508484111854
67,82,0.9747522414139314
67,17,0.9276130660231213
67,38,0.7944163664263679
68,37,0.9527396919219954
68,47,0.9644819118512427
68,49,0.9652302536595252
68,270,0.7124886490132488
69,18,0.8307162854767866
69,30,0.8042439532927694
69,228,0.7350358288398103
69,308,0.6667302278088582
70,76,0.67680177058869
70,25,0.7070123100049321
70,246,0.6126864176401134
70,414,0.5092043655551359
70,312,0.5105755791809268
71,265,0.7031837733315011
71,63,0.84172563604536
71,262,0.7083701754069868
71,267,0.7159093023067057
71,314,0.6568355824042854
72,314,0.6350406843987516
72,173,0.8323156809191884
72,84,0.9463836498442388
72,144,0.8212610317715963
73,88,0.9680141029402175
73,57,0.7604797446217791
74,245,0.7433709419053678
75,62,0.795117046869719
75,61,0.7598414752188664
75,81,0.9091711707553568
75,66,0.9355153839991557
75,119,0.9133010884855284
75,102,0.9352587802266992
76,192,0.7351796828995839
76,256,0.717612314632379
76,168,0.8434106938113485
76,25,0.890700797753449
76,70,0.67680177058869
77,56,0.5126083359454314
77,125,0.9056135760428643
78,133,0.9021836302794737
78,23,0.9227155337830817
79,225,0.6465694393155345
79,258,0.7357401877168067
79,52,0.544232486369393
80,126,0.8819655494279045
80,122,0.9183469452717982
80,60,0.8270732176773828
80,12,0.8965855588156951
81,61,0.973241378938998
81,53,0.9558491977655615
81,75,0.9091711707553568
81,66,0.9821508484111854
81,102,0.9465403344083455
81,116,0.8588152558609619
81,302,0.5924323014943685
82,98,0.8100726718386783
82,33,0.9261529782953875
82,113,0.9386737058518245
82,67,0.9747522414139314
82,38,0.9318432884199691
83,27,0.9183469452717982
83,58,0.9558012826194622
83,109,0.9433113231217994
83,111,0.767231204574202
84,314,0.6759536438183804
84,285,0.6643451902688998
84,72,0.9463836498442388
85,125,0.8794411724354775
85,209,0.7378579491205577
85,154,0.8871526823733374
85,222,0.7864206680773322
86,64,0.9607513444140467
86,56,0.9463836498442388
86,111,0.9369812483497675
86,51,0.8686103888229814
86,94,0.9821508484111854
87,93,0.9899427146690853
87,92,0.9081435504817337
88,93,0.9909996972207402
88,104,0.8629637498073828
88,110,0.8910653879558487
88,89,0.973241378938998
88,28,0.908065740587924
88,73,0.9680141029402175
88,42,0.9227155337830817
88,57,0.9433113231217994
89,88,0.973241378938998
89,110,0.9558012826194622
90,43,0.6838378290932993
90,244,0.7722120986595212
91,111,0.846460926617414
91,130,0.8811083260575976
91,136,0.8080643178465114
91,181,0.8513524091650486
92,174,0.8658901828784294
92,93,0.8921277978201086
92,87,0.9081435504817337
93,0,0.7266606516080294
93,92,0.8921277978201086
93,87,0.9899427146690853
93,104,0.973241378938998
93,45,0.9214145039298607
93,88,0.9909996972207402
94,111,0.9680141029402175
94,86,0.9821508484111854
94,51,0.9201145110339601
94,40,0.9097653150610554
94,32,0.846826514220289
94,136,0.8985296707828764
95,100,0.9872954174986995
95,128,0.7353595570195884
95,60,0.7704942238788985
96,107,0.9817941142516216
96,30,0.7576820642777845
96,360,0.4294635344306935
97,127,0.9545253329684085
98,130,0.9528713406293264
98,8,0.8631513498098018
98,39,0.8976079038964466
98,33,0.8804840751160643
98,82,0.8100726718386783
99,32,0.8904787484706886
99,136,0.8457055875723746
99,44,0.8487236080441856
99,181,0.7944091429221217
99,145,0.7638689447875318
99,178,0.8725401872164539
100,121,0.6785389917316157
100,134,0.9528713406293264
100,128,0.7956900991420076
100,95,0.9872954174986995
101,161,0.8913003794604645
101,108,0.9742633661702257
101,269,0.7613910155820991
101,165,0.8297885622927706
102,75,0.9352587802266992
102,81,0.9465403344083455
102,119,0.9227155337830817
102,433,0.5132612219411659
102,302,0.5711033840094399
103,192,0.8116807684335821
103,168,0.9000856288552439
103,18,0.8610999092160857
103,228,0.6781774811495063
103,246,0.6783463805418484
104,93,0.973241378938998
104,158,0.923024325154819
104,88,0.8629637498073828
104,110,0.8371755654639097
105,109,0.913556091857009
105,130,0.9644819118512427
106,132,0.9653197742132931
106,113,0.9619949061983384
106,63,0.916845260592923
107,139,0.9558012826194622
107,96,0.9817941142516216
108,101,0.9742633661702257
108,129,0.9722730770907142
108,165,0.8968487814380327
109,58,0.8571346208047855
109,83,0.9433113231217994
109,111,0.8966634259111176
109,130,0.9722730770907142
109,105,0.913556091857009
110,158,0.9318432884199691
110,104,0.8371755654639097
110,88,0.8910653879558487
110,89,0.9558012826194622
111,83,0.767231204574202
111,64,0.890700797753449
111,20,0.8546212877768472
111,109,0.8966634259111176
111,86,0.9369812483497675
111,130,0.973241378938998
111,94,0.9680141029402175
111,91,0.846460926617414
112,130,0.9738083407717619
112,35,0.8760910752026436
113,33,0.8699142126366161
113,82,0.9386737058518245
113,132,0.973241378938998
113,106,0.9619949061983384
114,321,0.5292402920917195
114,383,0.6071689288577063
114,329,0.5447369686632747
114,304,0.5416580196761879
115,130,0.9653197742132931
115,163,0.9261529782953875
116,53,0.7764510874564435
116,81,0.8588152558609619
116,184,0.8575310822469285
116,197,0.871232533415451
117,254,0.8033358368397909
118,192,0.879522243709592
119,263,0.7919898148437208
119,75,0.9133010884855284
119,102,0.9227155337830817
120,174,0.9136075472781886
120,13,0.8371755654639097
120,158,0.8448846547135488
120,24,0.7864206680773322
121,151,0.7034096178863191
121,124,0.9909996972207402
121,100,0.6785389917316157
122,128,0.9909996972207402
122,126,0.9390851178168478
122,60,0.890700797753449
122,80,0.9183469452717982
123,296,0.706139762657145
123,202,0.8721632060948366
123,196,0.7959658830830523
123,162,0.6657344333060965
124,140,0.9821508484111854
124,121,0.9909996972207402
124,5,0.8219157848902335
125,159,0.9380707758593515
125,77,0.9056135760428643
125,154,0.9623684211445606
125,85,0.8794411724354775
125,44,0.5813511994093462
126,183,0.8472567404213924
126,166,0.9336290953032734
126,128,0.819687789831023
126,122,0.9390851178168478
126,133,0.8151413453185202
126,80,0.8819655494279045
126,12,0.8270635222644824
127,97,0.9545253329684085
127,164,0.9386737058518245
128,183,0.9091856712558638
128,134,0.8146774057482111
128,100,0.7956900991420076
128,95,0.7353595570195884
128,126,0.819687789831023
128,122,0.9909996972207402
129,108,0.9722730770907142
129,165,0.9352284274973984
130,109,0.9722730770907142
130,111,0.973241378938998
130,105,0.9644819118512427
130,91,0.8811083260575976
130,98,0.9528713406293264
130,112,0.9738083407717619
130,181,0.9113150658887325
130,115,0.9653197742132931
130,33,0.6404663418900092
131,167,0.9380707758593515
132,160,0.9558012826194622
132,113,0.973241378938998
132,233,0.8153478596238007
132,106,0.9653197742132931
132,265,0.6570463529990684
132,63,0.7570946388844005
133,166,0.9386737058518245
133,126,0.8151413453185202
133,12,0.7470603523524818
133,16,0.7903186836841863
133,78,0.9021836302794737
133,23,0.8256934404187094
134,171,0.9320772571134583
134,142,0.9624256110212334
134,100,0.9528713406293264
134,128,0.8146774057482111
135,163,0.9471987816790822
135,35,0.6537704275257376
135,160,0.9568060828351197
136,94,0.8985296707828764
136,32,0.7974576959721641
136,91,0.8080643178465114
136,99,0.8457055875723746
136,181,0.9182141025520183
137,144,0.9713339356626279
137,177,0.9244449030381425
137,147,0.9381981204125796
137,208,0.6510740692657632
138,223,0.7054436289361716
138,214,0.6109006608078957
138,260,0.6068710400188535
138,144,0.9821508484111854
138,193,0.5377292686146588
139,404,0.2789499138361165
139,427,0.2943650359647783
139,107,0.9558012826194622
139,450,0.5133703748432219
140,229,0.8590225760709893
140,172,0.9131628725751649
140,151,0.7769032468363556
140,124,0.9821508484111854
141,190,0.9137040921746717
141,55,0.8526504719938727
141,5,0.5969199567063791
142,299,0.5185793159502332
142,210,0.6676584634424846
142,171,0.9487936471897895
142,183,0.668584540856189
142,134,0.9624256110212334
143,170,0.9197180289558177
143,166,0.7933214268504987
143,189,0.9218530484106888
143,153,0.8722445795824325
144,223,0.75882707670619
144,286,0.797689326972725
144,200,0.8196552704818897
144,138,0.9821508484111854
144,72,0.8212610317715963
144,137,0.9713339356626279
144,54,0.5679393693324066
144,208,0.6548476556270676
145,99,0.7638689447875318
145,44,0.8344989513270101
145,222,0.6672566440610929
145,178,0.8712232301092567
145,234,0.8664531706716887
146,150,0.8390232847729393
146,183,0.9396482109138352
147,137,0.9381981204125796
147,208,0.7366123951536574
147,291,0.7305096666719988
147,343,0.6980480184514087
148,530,0.1423152640869295
148,452,0.1459214010550538
148,609,0.1865225660724959
148,249,0.4912607551968858
149,208,0.9027914194981744
149,156,0.9568060828351197
149,291,0.7898293985581549
150,210,0.6704611434183086
150,211,0.8959827247084693
150,146,0.8390232847729393
150,166,0.7390186427633689
151,172,0.8268432458354414
151,171,0.9607513444140467
151,140,0.7769032468363556
151,121,0.7034096178863191
152,29,0.8147016073056995
152,3,0.7907827584876886
152,187,0.9355153839991557
153,166,0.7974613446478217
153,143,0.8722445795824325
153,189,0.9290041049585714
153,34,0.8203294419931803
154,125,0.9623684211445606
154,209,0.9020909832238383
154,85,0.8871526823733374
155,192,0.9261529782953875
155,224,0.8560147310618537
156,54,0.789445716460029
156,31,0.8151847151447701
156,208,0.9074848476136496
156,149,0.9568060828351197
156,47,0.8165719069521307
157,290,0.7987791761042912
157,441,0.4220799804015636
158,174,0.9653197742132931
158,120,0.8448846547135488
158,104,0.923024325154819
158,110,0.9318432884199691
158,24,0.8009787043685758
159,125,0.9380707758593515
159,257,0.7491356824855265
159,209,0.9113150658887325
160,163,0.9909996972207402
160,135,0.9568060828351197
160,132,0.9558012826194622
161,267,0.8292148357300142
161,236,0.879360719485477
161,101,0.8913003794604645
161,269,0.8314233334892821
162,296,0.7972183618225142
162,206,0.7582435291664443
162,123,0.6657344333060965
163,181,0.9414093153986384
163,115,0.9261529782953875
163,135,0.9471987816790822
163,160,0.9909996972207402
163,253,0.8659872472849438
163,233,0.8402079441987049
164,127,0.9386737058518245
164,187,0.9605681082362557
165,101,0.8297885622927706
165,129,0.9352284274973984
165,108,0.8968487814380327
165,269,0.7724650825967881
165,182,0.9722730770907142
166,150,0.7390186427633689
166,183,0.973241378938998
166,170,0.7666076430591744
166,143,0.7933214268504987
166,126,0.9336290953032734
166,153,0.7974613446478217
166,133,0.9386737058518245
167,237,0.8949310453274003
167,131,0.9380707758593515
167,235,0.5301211761290978
168,192,0.9558491977655615
168,76,0.8434106938113485
168,103,0.9000856288552439
169,195,0.9117908960763035
169,176,0.9872954174986995
169,202,0.8959827247084693
169,196,0.903874518289376
170,195,0.8432989432779371
170,196,0.9558012826194622
170,166,0.7666076430591744
170,143,0.9197180289558177
170,189,0.8745595107716905
171,299,0.6450111065346629
171,238,0.9004691077758969
171,151,0.9607513444140467
171,142,0.9487936471897895
171,134,0.9320772571134583
172,229,0.856476050675004
172,238,0.8931058511044692
172,191,0.9640719144033315
172,140,0.9131628725751649
172,151,0.8268432458354414
173,200,0.9509530557937554
173,72,0.8323156809191884
174,242,0.8966541985524791
174,204,0.8100532302707908
174,92,0.8658901828784294
174,120,0.9136075472781886
174,13,0.6781604792975904
174,158,0.9653197742132931
175,327,0.7682095937300372
175,350,0.7104479503968395
175,11,0.7619784227326147
176,343,0.6790313687207385
176,194,0.9125817092696491
176,195,0.9680141029402175
176,169,0.9872954174986995
177,193,0.9738083407717619
177,137,0.9244449030381425
178,99,0.8725401872164539
178,181,0.8760910752026436
178,145,0.8712232301092567
178,185,0.9225797361323311
178,213,0.871232533415451
178,234,0.838806000935403
178,268,0.8696765386311593
179,364,0.7017678787967577
179,287,0.671852639731108
180,289,0.8432989432779371
180,212,0.6303002419913312
180,59,0.6207614876932397
180,14,0.7545729531505926
180,1,0.6857472966363591
181,130,0.9113150658887325
181,91,0.8513524091650486
181,136,0.9182141025520183
181,99,0.7944091429221217
181,163,0.9414093153986384
181,178,0.8760910752026436
181,185,0.9742633661702257
181,213,0.9501419324278259
181,268,0.8719934030580453
182,269,0.8739718768451242
182,165,0.9722730770907142
183,210,0.9528713406293264
183,142,0.668584540856189
183,146,0.9396482109138352
183,166,0.973241378938998
183,128,0.9091856712558638
183,126,0.8472567404213924
184,53,0.7039276311774235
184,116,0.8575310822469285
184,239,0.9185287479914775
184,197,0.8985296707828764
185,181,0.9742633661702257
185,178,0.9225797361323311
185,213,0.9558012826194622
186,226,0.7204737203752265
186,378,0.660773152661172
186,324,0.7879710989454721
186,210,0.8089580295048331
187,152,0.9355153839991557
187,164,0.9605681082362557
187,289,0.851400302505
187,241,0.8731780843417525
187,205,0.8284378548455013
188,381,0.6273289536416208
188,207,0.973241378938998
188,214,0.7345950631892196
189,196,0.9899427146690853
189,170,0.8745595107716905
189,143,0.9218530484106888
189,153,0.9290041049585714
189,50,0.7773140583634709
190,316,0.815346176689049
190,311,0.7423077963876087
190,229,0.6459669450546921
190,141,0.9137040921746717
191,229,0.9091856712558638
191,238,0.9355153839991557
191,172,0.9640719144033315
192,155,0.9261529782953875
192,118,0.879522243709592
192,224,0.9183189599336109
192,256,0.9133010884855284
192,168,0.9558491977655615
192,76,0.7351796828995839
192,103,0.8116807684335821
193,138,0.5377292686146588
193,260,0.6087853960704023
193,333,0.6133589090029999
193,177,0.9738083407717619
193,227,0.9489740375706385
194,343,0.7009959733051261
194,274,0.8851391159892805
194,195,0.8871622627262947
194,176,0.9125817092696491
195,194,0.8871622627262947
195,211,0.973241378938998
195,176,0.9680141029402175
195,169,0.9117908960763035
195,196,0.9197180289558177
195,170,0.8432989432779371
196,195,0.9197180289558177
196,169,0.903874518289376
196,202,0.9872954174986995
196,170,0.9558012826194622
196,123,0.7959658830830523
196,189,0.9899427146690853
197,184,0.8985296707828764
197,116,0.871232533415451
197,239,0.9414093153986384
197,307,0.81217666323063
198,217,0.973241378938998
198,258,0.8328226382555459
199,255,0.9252426140965927
200,220,0.9703267583806774
200,173,0.9509530557937554
200,144,0.8196552704818897
201,212,0.9872954174986995
201,59,0.7669570948722908
202,343,0.7711439594265072
202,296,0.7429389353901936
202,169,0.8959827247084693
202,196,0.9872954174986995
202,123,0.8721632060948366
203,29,0.4625966239176243
203,319,0.8296692882718347
203,300,0.8555526205876358
203,289,0.8622286422130082
204,296,0.851400302505
204,251,0.8567049991255056
204,242,0.9483143562269498
204,206,0.9625520007466786
204,174,0.8100532302707908
205,187,0.8284378548455013
205,241,0.9489740375706385
206,296,0.8666796947627151
206,204,0.9625520007466786
206,162,0.7582435291664443
207,382,0.6934257628211751
207,381,0.5651873573495311
207,351,0.5560544926803421
207,215,0.9626202372877298
207,188,0.973241378938998
207,223,0.9722730770907142
208,144,0.6548476556270676
208,137,0.6510740692657632
208,54,0.7589305296185435
208,147,0.7366123951536574
208,156,0.9074848476136496
208,149,0.9027914194981744
208,291,0.8785045823155184
209,159,0.9113150658887325
209,257,0.9014965856039029
209,154,0.9020909832238383
209,85,0.7378579491205577
209,511,0.4279476650800423
209,475,0.4314145925113517
210,378,0.6617665682716807
210,324,0.7458043729272625
210,361,0.7426465779776735
210,186,0.8089580295048331
210,299,0.7577168713829915
210,211,0.6652002713170546
210,150,0.6704611434183086
210,142,0.6676584634424846
210,183,0.9528713406293264
211,210,0.6652002713170546
211,274,0.9117908960763035
211,150,0.8959827247084693
211,195,0.973241378938998
212,289,0.8878252998929191
212,201,0.9872954174986995
212,59,0.7599666732579925
212,180,0.6303002419913312
213,181,0.9501419324278259
213,178,0.871232533415451
213,185,0.9558012826194622
213,268,0.9191073751517062
214,381,0.7226093543763253
214,255,0.7477735030457014
214,188,0.7345950631892196
214,138,0.6109006608078957
214,260,0.7164184172636757
215,382,0.6998216596651775
215,314,0.8367171607131421
215,207,0.9626202372877298
215,223,0.9872954174986995
216,248,0.9545253329684085
217,225,0.9872954174986995
217,198,0.973241378938998
218,330,0.8182159037040304
218,342,0.7775041558446745
218,340,0.7893083478605835
218,306,0.8445653107598969
219,268,0.8249551788298676
219,253,0.9558012826194622
219,265,0.746655644602229
220,314,0.8575236525968979
220,278,0.8994855322196585
220,286,0.8866643834626358
220,200,0.9703267583806774
221,258,0.9501419324278259
221,52,0.7410016481523601
222,85,0.7864206680773322
222,44,0.623943755130032
222,145,0.6672566440610929
222,475,0.5189840051951931
222,234,0.7354856884133855
222,422,0.4483878024038948
223,215,0.9872954174986995
223,207,0.9722730770907142
223,286,0.9110087569730583
223,138,0.7054436289361716
223,144,0.75882707670619
224,155,0.8560147310618537
224,192,0.9183189599336109
224,256,0.9606142271693334
225,284,0.9148743380689991
225,217,0.9872954174986995
225,79,0.6465694393155345
226,317,0.8385046545780723
226,297,0.8544457212682095
226,324,0.841295574551026
226,186,0.7204737203752265
227,345,0.7939027286646286
227,193,0.9489740375706385
227,326,0.6841684017361397
227,264,0.5875925780448406
227,339,0.6172661772386928
228,18,0.6781212306170052
228,103,0.6781774811495063
228,69,0.7350358288398103
228,246,0.9743504181289488
229,432,0.6331439769157485
229,349,0.7513166955789912
229,311,0.7770942602416928
229,190,0.6459669450546921
229,191,0.9091856712558638
229,172,0.856476050675004
229,140,0.8590225760709893
230,239,0.9872954174986995
230,342,0.6107271100327409
230,305,0.5046053858655212
231,243,0.9437830818422798
231,232,0.8968398854260691
231,282,0.9218390051298286
232,231,0.8968398854260691
232,282,0.9218390051298286
233,163,0.8402079441987049
233,132,0.8153478596238007
233,253,0.9704542354364942
233,265,0.8188044507824525
234,222,0.7354856884133855
234,145,0.8664531706716887
234,178,0.838806000935403
234,276,0.9364430231446151
235,167,0.5301211761290978
235,254,0.973241378938998
236,314,0.8746829449141512
236,161,0.879360719485477
236,298,0.8331715135999864
236,269,0.9252426140965927
237,266,0.9545253329684085
237,167,0.8949310453274003
238,378,0.7515045082261925
238,349,0.7484000287591086
238,299,0.7021423701650032
238,191,0.9355153839991557
238,172,0.8931058511044692
238,171,0.9004691077758969
239,184,0.9185287479914775
239,230,0.9872954174986995
239,197,0.9414093153986384
239,307,0.8910554767773868
239,342,0.7830300633237315
240,268,0.9244449030381425
240,247,0.8631456819323438
240,272,0.7444093935261278
240,370,0.7347707869221263
240,314,0.8794411724354775
241,187,0.8731780843417525
241,289,0.926882902535023
241,205,0.9489740375706385
242,251,0.9872954174986995
242,204,0.9483143562269498
242,174,0.8966541985524791
243,231,0.9437830818422798
243,282,0.8861644353325174
243,313,0.8852182045565662
244,258,0.9801847561502938
244,273,0.8789228713511733
244,90,0.7722120986595212
244,266,0.871232533415451
245,74,0.7433709419053678
245,325,0.8457903645269026
245,318,0.880309421011366
246,103,0.6783463805418484
246,70,0.6126864176401134
246,228,0.9743504181289488
246,395,0.731957221227742
246,414,0.6760308836373097
247,268,0.9653197742132931
247,252,0.9742633661702257
247,259,0.9722730770907142
247,272,0.8368845328055563
247,240,0.8631456819323438
248,328,0.8386734050855461
248,336,0.8430647329203459
248,318,0.8254241720938666
248,216,0.9545253329684085
248,36,0.7014997349759844
249,522,0.4163305590426112
249,148,0.4912607551968858
250,258,0.9644819118512427
250,271,0.9680141029402175
251,296,0.9252426140965927
251,281,0.9218390051298286
251,261,0.9414093153986384
251,242,0.9872954174986995
251,204,0.8567049991255056
252,268,0.9722730770907142
252,265,0.8786626167531131
252,259,0.9380707758593515
252,247,0.9742633661702257
253,163,0.8659872472849438
253,268,0.973241378938998
253,219,0.9558012826194622
253,233,0.9704542354364942
253,265,0.741637974547937
254,372,0.7766618757531217
254,235,0.973241378938998
254,117,0.8033358368397909
255,322,0.6595157842005983
255,381,0.7647391661074251
255,46,0.7052395886712765
255,199,0.9252426140965927
255,214,0.7477735030457014
256,453,0.6141097497937112
256,192,0.9133010884855284
256,224,0.9606142271693334
256,76,0.717612314632379
256,322,0.3968099651013627
257,159,0.7491356824855265
257,209,0.9014965856039029
257,368,0.7892958996126659
258,79,0.7357401877168067
258,198,0.8328226382555459
258,52,0.6739353819857512
258,412,0.703574188672857
258,390,0.6379797805193523
258,221,0.9501419324278259
258,250,0.9644819118512427
258,271,0.9041228461390493
258,273,0.8959827247084693
258,244,0.9801847561502938
259,268,0.9821508484111854
259,252,0.9380707758593515
259,247,0.9722730770907142
260,214,0.7164184172636757
260,312,0.4455837427897081
260,138,0.6068710400188535
260,310,0.6497984817003916
260,333,0.8604167026150135
260,193,0.6087853960704023
261,281,0.9625520007466786
261,251,0.9414093153986384
262,265,0.9872954174986995
262,71,0.7083701754069868
262,314,0.7976971582264413
263,62,0.7052977405224238
263,303,0.9318432884199691
263,119,0.7919898148437208
263,433,0.5814124129016782
263,464,0.5445741928700123
264,401,0.7369269700913117
264,227,0.5875925780448406
264,326,0.8844537091600784
264,339,0.5873976829788808
264,343,0.834004569596536
265,132,0.6570463529990684
265,253,0.741637974547937
265,219,0.746655644602229
265,233,0.8188044507824525
265,252,0.8786626167531131
265,63,0.5527637308290961
265,262,0.9872954174986995
265,272,0.9909996972207402
265,71,0.7031837733315011
266,273,0.9909996972207402
266,244,0.871232533415451
266,294,0.9076319992126715
266,237,0.9545253329684085
267,71,0.7159093023067057
267,314,0.9197180289558177
267,161,0.8292148357300142
268,181,0.8719934030580453
268,178,0.8696765386311593
268,213,0.9191073751517062
268,276,0.8151391913938317
268,422,0.6673707786453442
268,293,0.9465403344083455
268,449,0.6383138149809022
268,253,0.973241378938998
268,219,0.8249551788298676
268,252,0.9722730770907142
268,380,0.7016172552705304
268,259,0.9821508484111854
268,247,0.9653197742132931
268,382,0.6639019851738014
268,370,0.7254308357500732
268,240,0.9244449030381425
269,161,0.8314233334892821
269,236,0.9252426140965927
269,101,0.7613910155820991
269,298,0.9471987816790822
269,182,0.8739718768451242
269,165,0.7724650825967881
270,68,0.7124886490132488
270,295,0.8645248909828307
270,288,0.8891105905770373
270,281,0.9801847561502938
271,258,0.9041228461390493
271,301,0.9471987816790822
271,250,0.9680141029402175
271,280,0.9021567821264802
271,273,0.8985420456269431
272,265,0.9909996972207402
272,247,0.8368845328055563
272,240,0.7444093935261278
272,314,0.9252426140965927
273,258,0.8959827247084693
273,271,0.8985420456269431
273,244,0.8789228713511733
273,292,0.9680141029402175
273,266,0.9909996972207402
273,294,0.9509530557937554
274,361,0.8151391913938317
274,343,0.6275012616196739
274,194,0.8851391159892805
274,211,0.9117908960763035
275,308,0.7548283298792908
275,395,0.766090182511878
276,234,0.9364430231446151
276,293,0.973241378938998
276,268,0.8151391913938317
277,313,0.871232533415451
277,305,0.9550161751648277
278,314,0.9391156092995281
278,220,0.8994855322196585
279,304,0.9583247203620042
279,400,0.6627276686614062
279,303,0.6116313751928251
280,403,0.7567435035240014
280,271,0.9021567821264802
280,396,0.7600813981810118
281,270,0.9801847561502938
281,296,0.9722730770907142
281,261,0.9625520007466786
281,251,0.9218390051298286
282,243,0.8861644353325174
282,231,0.9218390051298286
282,232,0.9218390051298286
282,313,0.9414093153986384
283,331,0.8985296707828764
284,41,0.665241591534108
284,19,0.644016751184543
284,332,0.8985420456269431
284,225,0.9148743380689991
285,298,0.973241378938998
285,84,0.6643451902688998
286,314,0.9463427450445413
286,223,0.9110087569730583
286,220,0.8866643834626358
286,144,0.797689326972725
287,426,0.4439423410050993
287,364,0.5957667918198514
287,179,0.671852639731108
287,409,0.743346725046655
287,21,0.6435690464263177
288,295,0.9872954174986995
288,270,0.8891105905770373
289,187,0.851400302505
289,203,0.8622286422130082
289,407,0.6263994708946213
289,241,0.926882902535023
289,461,0.6256547446160643
289,439,0.6709408704702865
289,212,0.8878252998929191
289,180,0.8432989432779371
290,157,0.7987791761042912
290,321,0.690755223853516
290,383,0.8055543301860655
291,147,0.7305096666719988
291,208,0.8785045823155184
291,149,0.7898293985581549
291,315,0.9545253329684085
292,273,0.9680141029402175
292,396,0.7855153296319987
292,294,0.9261191283460204
292,376,0.8131219234090075
293,276,0.973241378938998
293,422,0.7220909870583528
293,268,0.9465403344083455
294,273,0.9509530557937554
294,292,0.9261191283460204
294,266,0.9076319992126715
294,376,0.7508158660008408
294,357,0.8491149955114233
295,315,0.9606142271693334
295,288,0.9872954174986995
295,270,0.8645248909828307
296,343,0.8923387335546354
296,281,0.9722730770907142
296,251,0.9252426140965927
296,202,0.7429389353901936
296,204,0.851400302505
296,206,0.8666796947627151
296,123,0.706139762657145
296,162,0.7972183618225142
297,406,0.7783097966860292
297,226,0.8544457212682095
297,324,0.7854833336944008
297,361,0.7383791147906026
298,314,0.9722730770907142
298,236,0.8331715135999864
298,269,0.9471987816790822
298,285,0.973241378938998
299,378,0.8344805944052461
299,210,0.7577168713829915
299,238,0.7021423701650032
299,171,0.6450111065346629
299,142,0.5185793159502332
300,319,0.9380707758593515
300,203,0.8555526205876358
300,407,0.7762027794808094
301,390,0.8089944414962434
301,271,0.9471987816790822
302,81,0.5924323014943685
302,102,0.5711033840094399
302,433,0.5787313029790151
302,307,0.6107586845446532
302,337,0.8895895385572373
302,428,0.7254933269166627
302,393,0.7566184914790098
303,279,0.6116313751928251
303,400,0.8001063626671031
303,62,0.6620494623514317
303,263,0.9318432884199691
304,114,0.5416580196761879
304,329,0.9437830818422798
304,279,0.9583247203620042
305,230,0.5046053858655212
305,277,0.9550161751648277
305,342,0.8854988736292408
305,313,0.9821508484111854
306,342,0.8731898121476441
306,218,0.8445653107598969
306,323,0.9568060828351197
307,239,0.8910554767773868
307,197,0.81217666323063
307,330,0.9419873527212831
307,302,0.6107586845446532
307,342,0.7664221275293711
308,30,0.6288012760532816
308,69,0.6667302278088582
308,360,0.5664677714775743
308,275,0.7548283298792908
308,495,0.5243638385325849
308,392,0.815346176689049
308,446,0.5252789861805163
309,370,0.7780306109490887
309,314,0.9909996972207402
310,312,0.5685447692755906
310,260,0.6497984817003916
310,333,0.6673214860764233
310,406,0.7956900991420076
310,401,0.7840633012749046
311,432,0.7254253958020734
311,379,0.7708321094859343
311,316,0.8358422846085387
311,229,0.7770942602416928
311,190,0.7423077963876087
312,70,0.5105755791809268
312,408,0.7927241145233797
312,260,0.4455837427897081
312,310,0.5685447692755906
313,243,0.8852182045565662
313,277,0.871232533415451
313,282,0.9414093153986384
313,305,0.9821508484111854
313,386,0.8352712578104647
313,399,0.7482186911930349
314,262,0.7976971582264413
314,382,0.8472567404213924
314,272,0.9252426140965927
314,71,0.6568355824042854
314,370,0.8368845328055563
314,240,0.8794411724354775
314,267,0.9197180289558177
314,309,0.9909996972207402
314,215,0.8367171607131421
314,236,0.8746829449141512
314,278,0.9391156092995281
314,286,0.9463427450445413
314,298,0.9722730770907142
314,220,0.8575236525968979
314,72,0.6350406843987516
314,84,0.6759536438183804
315,291,0.9545253329684085
315,343,0.9230839370295274
315,295,0.9606142271693334
316,355,0.8951076427360172
316,379,0.8541558126818949
316,311,0.8358422846085387
316,190,0.815346176689049
317,406,0.623144229137474
317,363,0.6574289020133863
317,366,0.8787976748952333
317,226,0.8385046545780723
317,378,0.5537463333994554
318,328,0.9722730770907142
318,245,0.880309421011366
318,248,0.8254241720938666
319,300,0.9380707758593515
319,203,0.8296692882718347
319,448,0.7012705190000459
319,407,0.7045905131916946
320,339,0.7219609516105324
320,343,0.9414093153986384
321,290,0.690755223853516
321,383,0.8624997353004263
321,114,0.5292402920917195
322,423,0.7204461801729296
322,256,0.3968099651013627
322,381,0.873229376332696
322,255,0.6595157842005983
323,340,0.7498781298425511
323,306,0.9568060828351197
323,334,0.9747522414139314
324,297,0.7854833336944008
324,226,0.841295574551026
324,361,0.9028137422550702
324,186,0.7879710989454721
324,210,0.7458043729272625
325,328,0.9909996972207402
325,245,0.8457903645269026
326,371,0.7634165795933091
326,345,0.7514095981774257
326,401,0.8387487827035611
326,227,0.6841684017361397
326,264,0.8844537091600784
327,373,0.8939501852903369
327,335,0.9463836498442388
327,175,0.7682095937300372
328,399,0.7844278964501494
328,325,0.9909996972207402
328,336,0.9801847561502938
328,318,0.9722730770907142
328,248,0.8386734050855461
329,114,0.5447369686632747
329,389,0.7619209545440083
329,304,0.9437830818422798
329,430,0.766090182511878
330,307,0.9419873527212831
330,342,0.9623684211445606
330,340,0.9227155337830817
330,353,0.9386737058518245
330,218,0.8182159037040304
331,421,0.7955399327988321
331,283,0.8985296707828764
332,451,0.5530291693872635
332,284,0.8985420456269431
332,466,0.6601568419867058
333,260,0.8604167026150135
333,310,0.6673214860764233
333,371,0.9113150658887325
333,345,0.8479569990302693
333,193,0.6133589090029999
334,428,0.7810344464933002
334,323,0.9747522414139314
334,375,0.798094802359635
335,373,0.9136075472781886
335,327,0.9463836498442388
336,399,0.8662232126400536
336,328,0.9801847561502938
336,410,0.7809570699330872
336,248,0.8430647329203459
336,36,0.5653949665855419
336,607,0.2137573747207731
337,433,0.6581798425785371
337,464,0.6303703104489025
337,302,0.8895895385572373
337,429,0.7816267356631836
338,416,0.7619866380109506
338,358,0.9364430231446151
339,227,0.6172661772386928
339,264,0.5873976829788808
339,343,0.9801847561502938
339,320,0.7219609516105324
340,330,0.9227155337830817
340,353,0.8968611331323423
340,218,0.7893083478605835
340,428,0.7899287647792064
340,323,0.7498781298425511
341,346,0.7540144509867689
341,391,0.8453041293091522
341,437,0.7691187032578976
342,239,0.7830300633237315
342,230,0.6107271100327409
342,307,0.7664221275293711
342,330,0.9623684211445606
342,305,0.8854988736292408
342,218,0.7775041558446745
342,306,0.8731898121476441
342,386,0.8940142814350044
343,147,0.6980480184514087
343,264,0.834004569596536
343,339,0.9801847561502938
343,361,0.9528713406293264
343,315,0.9230839370295274
343,320,0.9414093153986384
343,274,0.6275012616196739
343,194,0.7009959733051261
343,296,0.8923387335546354
343,176,0.6790313687207385
343,202,0.7711439594265072
344,367,0.9474186414973211
344,380,0.9296688376153102
344,397,0.8805701633829723
344,388,0.8421644681725391
345,333,0.8479569990302693
345,371,0.9437830818422798
345,227,0.7939027286646286
345,326,0.7514095981774257
346,409,0.2958481552478801
346,21,0.2670444825218969
346,341,0.7540144509867689
346,493,0.6035843047696883
346,391,0.5843268623501398
347,385,0.7538513508429571
347,357,0.973241378938998
347,372,0.7102868599304545
348,414,0.7426806943686903
348,408,0.7196127747613811
348,406,0.7357722036128744
348,363,0.9680141029402175
348,366,0.7367019631316236
349,378,0.9463836498442388
349,229,0.7513166955789912
349,238,0.7484000287591086
350,394,0.9148556671723199
350,175,0.7104479503968395
350,460,0.2745768947920231
350,469,0.1990641815161665
350,458,0.1530897742941237
351,423,0.7806114500464381
351,382,0.6532327543744176
351,381,0.9463836498442388
351,207,0.5560544926803421
352,461,0.5065686029696894
352,354,0.7598100496711813
352,369,0.9722730770907142
353,330,0.9386737058518245
353,340,0.8968611331323423
353,428,0.8261479640624577
354,461,0.6436389690988711
354,362,0.9471987816790822
354,413,0.8654126672186737
354,387,0.9021836302794737
354,352,0.7598100496711813
355,379,0.9603736939893079
355,316,0.8951076427360172
356,398,0.9041228461390493
356,358,0.9319688023041177
356,384,0.944423470169336
357,294,0.8491149955114233
357,376,0.973241378938998
357,385,0.7724650825967881
357,347,0.973241378938998
358,416,0.8686103888229814
358,398,0.7874849030715346
358,356,0.9319688023041177
358,338,0.9364430231446151
359,461,0.6223463872955783
359,616,0.2646258070277017
359,362,0.6762333557659277
360,450,0.5738491267834448
360,96,0.4294635344306935
360,308,0.5664677714775743
360,495,0.6231401539788681
361,401,0.9241798368147021
361,297,0.7383791147906026
361,324,0.9028137422550702
361,343,0.9528713406293264
361,210,0.7426465779776735
361,274,0.8151391913938317
362,461,0.6083798000601623
362,359,0.6762333557659277
362,479,0.6562903272685769
362,413,0.8832317101227493
362,354,0.9471987816790822
363,348,0.9680141029402175
363,406,0.913556091857009
363,317,0.6574289020133863
364,65,0.434780944449862
364,426,0.8500654048886944
364,179,0.7017678787967577
364,287,0.5957667918198514
365,435,0.8268484410968164
365,411,0.8894981001052298
365,385,0.880309421011366
366,348,0.7367019631316236
366,462,0.7459873870168621
366,317,0.8787976748952333
366,378,0.5478594943061982
367,438,0.7450662533301124
367,344,0.9474186414973211
367,397,0.9386737058518245
368,257,0.7892958996126659
368,447,0.7986547887958011
368,511,0.4591651200741276
369,461,0.4660536023767251
369,352,0.9722730770907142
369,373,0.9909996972207402
370,268,0.7254308357500732
370,382,0.9704542354364942
370,240,0.7347707869221263
370,309,0.7780306109490887
370,314,0.8368845328055563
371,333,0.9113150658887325
371,345,0.9437830818422798
371,401,0.9373283612333432
371,326,0.7634165795933091
372,385,0.9703267583806774
372,347,0.7102868599304545
372,254,0.7766618757531217
373,369,0.9909996972207402
373,394,0.9545253329684085
373,335,0.9136075472781886
373,327,0.8939501852903369
374,404,0.9113150658887325
374,471,0.7057007573939628
374,427,0.6926468001938977
375,334,0.798094802359635
375,386,0.8860330970781489
375,399,0.9487936471897895
375,410,0.8941852347710463
376,292,0.8131219234090075
376,396,0.9545253329684085
376,294,0.7508158660008408
376,357,0.973241378938998
377,396,0.9545253329684085
377,385,0.9398663543806614
378,462,0.7614718725587505
378,366,0.5478594943061982
378,317,0.5537463333994554
378,349,0.9463836498442388
378,186,0.660773152661172
378,299,0.8344805944052461
378,210,0.6617665682716807
378,238,0.7515045082261925
379,384,0.8274047286837951
379,432,0.8526504719938727
379,355,0.9603736939893079
379,316,0.8541558126818949
379,311,0.7708321094859343
380,268,0.7016172552705304
380,344,0.9296688376153102
380,388,0.9722730770907142
380,382,0.9625520007466786
381,423,0.8810384896357233
381,322,0.873229376332696
381,351,0.9463836498442388
381,255,0.7647391661074251
381,207,0.5651873573495311
381,188,0.6273289536416208
381,214,0.7226093543763253
382,268,0.6639019851738014
382,380,0.9625520007466786
382,397,0.9558491977655615
382,388,0.9821508484111854
382,370,0.9704542354364942
382,351,0.6532327543744176
382,314,0.8472567404213924
382,215,0.6998216596651775
382,207,0.6934257628211751
383,290,0.8055543301860655
383,321,0.8624997353004263
383,114,0.6071689288577063
383,389,0.9738083407717619
383,443,0.840393189501251
383,481,0.6771247431118687
384,462,0.7764510874564435
384,398,0.9528713406293264
384,356,0.944423470169336
384,432,0.7832977864480255
384,379,0.8274047286837951
385,396,0.8475382393341547
