0.3787603181002073 2
	a 0 32 0.9875327221522295
	a 32 0 0.9875327221522295
1.331452545646097 2
	a 0 30 0.9575309786773523
	a 30 0 0.9575309786773523
0.3981115513613038 2
	a 1 34 0.986904170385881
	a 34 1 0.986904170385881
0.4068472581547501 2
	a 2 37 0.986620689469499
	a 37 2 0.986620689469499
5.84382055215206 2
	a 3 60 0.8386679272343476
	a 60 3 0.8386679272343476
8.943180220816224 2
	a 3 304 0.7754472344359413
	a 304 3 0.7754472344359413
3.091817552274588 2
	a 3 202 0.9068672349899247
	a 202 3 0.9068672349899247
3.549370708594074 2
	a 3 171 0.8946437205218279
	a 171 3 0.8946437205218279
2.576699301646753 2
	a 4 120 0.9210822340862695
	a 120 4 0.9210822340862695
1.632881814163999 2
	a 4 124 0.9484285279420417
	a 124 4 0.9484285279420417
3.752490458933809 2
	a 4 54 0.8893357445236133
	a 54 4 0.8893357445236133
1.279870325610445 2
	a 5 97 0.9591070512760091
	a 97 5 0.9591070512760091
6.259513849556145 2
	a 5 24 0.8294113175137139
	a 24 5 0.8294113175137139
1.555485357104156 2
	a 5 78 0.9507482928019515
	a 78 5 0.9507482928019515
0.6623180749170225 2
	a 6 63 0.9784030414175598
	a 63 6 0.9784030414175598
4.699843304433126 2
	a 7 249 0.8655069198102435
	a 249 7 0.8655069198102435
5.888554823110531 2
	a 7 235 0.8376594276102076
	a 235 7 0.8376594276102076
9.675281230189182 2
	a 7 96 0.7623263527345367
	a 96 7 0.7623263527345367
0.99986533083179 2
	a 7 19 0.9677576919995778
	a 19 7 0.9677576919995778
1.356157527182502 2
	a 7 105 0.9567780459285045
	a 105 7 0.9567780459285045
1.63307698331426 2
	a 7 46 0.9484226933523494
	a 46 7 0.9484226933523494
0.99986533083179 2
	a 8 68 0.9677576919995778
	a 68 8 0.9677576919995778
0.9302638502529895 2
	a 8 83 0.9699331771903307
	a 83 8 0.9699331771903307
0.5424630108730013 2
	a 9 59 0.9822409559256213
	a 59 9 0.9822409559256213
1.453744046139253 2
	a 9 28 0.9538159996063358
	a 28 9 0.9538159996063358
2.391083679933991 2
	a 10 121 0.9263252359969363
	a 121 10 0.9263252359969363
1.912227277893508 2
	a 10 134 0.940154710505683
	a 134 10 0.940154710505683
1.241928224970066 2
	a 10 16 0.960269820315649
	a 16 10 0.960269820315649
2.486272693203688 2
	a 10 170 0.9236283702106962
	a 170 10 0.9236283702106962
6.484398025066096 2
	a 11 154 0.8245095276568313
	a 154 11 0.8245095276568313
2.472556149811231 2
	a 11 169 0.9240159285105161
	a 169 11 0.9240159285105161
2.167670266303321 2
	a 11 18 0.9327225443024769
	a 18 11 0.9327225443024769
8.882819593107117 2
	a 11 228 0.7765578787749627
	a 228 11 0.7765578787749627
8.114955132079096 2
	a 11 296 0.7910837683862516
	a 296 11 0.7910837683862516
1.330335433485705 2
	a 12 108 0.9575650541742107
	a 108 12 0.9575650541742107
2.441083548928503 2
	a 12 71 0.92490652143204
	a 71 12 0.92490652143204
0.3981115513613038 2
	a 13 44 0.986904170385881
	a 44 13 0.986904170385881
0.9507581163653473 2
	a 13 80 0.9692915532379855
	a 80 13 0.9692915532379855
1.504463727384991 2
	a 14 120 0.9522840974625544
	a 120 14 0.9522840974625544
1.302248493431162 2
	a 14 89 0.9584226302964616
	a 89 14 0.9584226302964616
4.30059146417929 2
	a 14 127 0.875366169221844
	a 127 14 0.875366169221844
0.4151947874586657 2
	a 15 49 0.9863499594430311
	a 49 15 0.9863499594430311
0.9763801406626829 2
	a 16 85 0.9684906241748837
	a 85 16 0.9684906241748837
2.823070984000919 2
	a 16 170 0.9142225402150286
	a 170 16 0.9142225402150286
1.381814599110866 2
	a 17 112 0.9559974079363562
	a 112 17 0.9559974079363562
1.756468616875567 2
	a 17 83 0.9447490500526149
	a 83 17 0.9447490500526149
1.856596163670476 2
	a 17 87 0.9417901611608843
	a 87 17 0.9417901611608843
5.29450156826984 2
	a 18 293 0.8513002697747631
	a 293 18 0.8513002697747631
2.585107487356334 2
	a 18 169 0.9208462643868032
	a 169 18 0.9208462643868032
4.436174117612828 2
	a 18 292 0.8719885808819141
	a 292 18 0.8719885808819141
5.231169251338248 2
	a 19 114 0.8527866494304904
	a 114 19 0.8527866494304904
1.250070526955394 2
	a 19 105 0.9600200443887001
	a 105 19 0.9600200443887001
0.9427373486970791 2
	a 20 86 0.9695425589084239
	a 86 20 0.9695425589084239
1.330335433485705 2
	a 21 111 0.9575650541742107
	a 111 21 0.9575650541742107
2.33752626166525 2
	a 22 112 0.9278501486552724
	a 112 22 0.9278501486552724
0.5463906058106239 2
	a 22 68 0.9821147026462536
	a 68 22 0.9821147026462536
2.878073501128002 2
	a 22 83 0.9127064360744072
	a 83 22 0.9127064360744072
0.9302638502529895 2
	a 23 87 0.9699331771903307
	a 87 23 0.9699331771903307
0.9569120473074697 2
	a 23 64 0.9690990602062898
	a 64 23 0.9690990602062898
1.027006667447879 2
	a 23 70 0.9669120859946405
	a 70 23 0.9669120859946405
2.434286812880071 2
	a 24 97 0.925099096889659
	a 97 24 0.925099096889659
2.765771239994866 2
	a 24 47 0.9158078893248713
	a 47 24 0.9158078893248713
2.051680644497453 2
	a 24 157 0.9360816030474183
	a 157 24 0.9360816030474183
4.23842599874566 2
	a 24 52 0.8769250514530925
	a 52 24 0.8769250514530925
0.3911042311720507 2
	a 25 58 0.9871316830851129
	a 58 25 0.9871316830851129
1.969416047529112 2
	a 26 151 0.9384797783553104
	a 151 26 0.9384797783553104
0.8136945163095008 2
	a 27 83 0.9735993908395411
	a 83 27 0.9735993908395411
3.617766727870112 2
	a 27 87 0.8928483462132846
	a 87 27 0.8928483462132846
2.062323230828294 2
	a 27 64 0.9357723103756768
	a 64 27 0.9357723103756768
0.2701555345749592 2
	a 27 51 0.9910754242055927
	a 51 27 0.9910754242055927
3.969476761770607 2
	a 28 59 0.8837442497038862
	a 59 28 0.8837442497038862
0.7068004757790167 2
	a 28 53 0.9769864418565645
	a 53 28 0.9769864418565645
1.637163004574208 2
	a 28 138 0.9483005590106564
	a 138 28 0.9483005590106564
2.493265276481146 2
	a 29 170 0.9234309324571102
	a 170 29 0.9234309324571102
1.2777003560333 2
	a 29 116 0.9591734726358991
	a 116 29 0.9591734726358991
2.146287170027124 2
	a 29 43 0.9333398473813576
	a 43 29 0.9333398473813576
2.338634292090733 2
	a 29 81 0.9278185450903933
	a 81 29 0.9278185450903933
3.846005413269849 2
	a 29 247 0.8869160473318261
	a 247 29 0.8869160473318261
4.859248329481755 2
	a 29 213 0.8616432431734597
	a 213 29 0.8616432431734597
4.466750745902073 2
	a 29 90 0.8712310761045843
	a 90 29 0.8712310761045843
1.843510156679232 2
	a 30 32 0.9421757472716881
	a 32 30 0.9421757472716881
0.4068472581547501 2
	a 30 62 0.986620689469499
	a 62 30 0.986620689469499
3.324914495714977 2
	a 31 182 0.9005934738022358
	a 182 31 0.9005934738022358
4.223633999831525 2
	a 31 286 0.8772969331155145
	a 286 31 0.8772969331155145
2.755464501555104 2
	a 31 117 0.9160936957151142
	a 117 31 0.9160936957151142
3.553621385459924 2
	a 31 142 0.8945319028370661
	a 142 31 0.8945319028370661
0.1917896373478611 2
	a 31 45 0.9936477087493498
	a 45 31 0.9936477087493498
4.809765915953313 2
	a 31 173 0.8628382117880662
	a 173 31 0.8628382117880662
2.183788600840618 2
	a 32 166 0.9322578095901206
	a 166 32 0.9322578095901206
3.730077451426218 2
	a 32 69 0.8899179250268286
	a 69 32 0.8899179250268286
0.9583507903075323 2
	a 33 97 0.9690540681647766
	a 97 33 0.9690540681647766
1.301572290685483 2
	a 33 78 0.9584432965383629
	a 78 33 0.9584432965383629
1.158001702157413 2
	a 34 112 0.9628522945530011
	a 112 34 0.9628522945530011
2.593700838294152 2
	a 34 86 0.9206052347924087
	a 86 34 0.9206052347924087
2.704059508705631 2
	a 35 201 0.9175220947754616
	a 201 35 0.9175220947754616
1.151286064329106 2
	a 36 112 0.9630595641730102
	a 112 36 0.9630595641730102
1.220541774464252 2
	a 36 61 0.9609265242053444
	a 61 36 0.9609265242053444
1.68410134343058 2
	a 36 68 0.9468999193736225
	a 68 36 0.9468999193736225
2.226025928121614 2
	a 36 57 0.9310423606654525
	a 57 36 0.9310423606654525
1.622482124687325 2
	a 37 143 0.948739536905677
	a 143 37 0.948739536905677
1.468948059271724 2
	a 37 96 0.9533562443553444
	a 96 37 0.9533562443553444
5.336772125930778 2
	a 38 42 0.8503116861410476
	a 42 38 0.8503116861410476
2.843074967523524 2
	a 38 113 0.9136705016712323
	a 113 38 0.9136705016712323
1.855947305581069 2
	a 38 158 0.9418092721822187
	a 158 38 0.9418092721822187
4.698479674477969 2
	a 38 246 0.865540149066279
	a 246 38 0.865540149066279
0.7218667123477758 2
	a 39 89 0.9765075896752901
	a 89 39 0.9765075896752901
3.348647347371696 2
	a 39 88 0.8999601599132777
	a 88 39 0.8999601599132777
6.205312170572013 2
	a 39 110 0.830603780431667
	a 110 39 0.830603780431667
9.848085001195868 2
	a 39 77 0.759321628025321
	a 77 39 0.759321628025321
2.309439321610708 2
	a 40 115 0.9286520326016992
	a 115 40 0.9286520326016992
2.285230558113497 2
	a 40 179 0.9293444002088587
	a 179 40 0.9293444002088587
4.525638975301814 2
	a 40 176 0.8697765237884654
	a 176 40 0.8697765237884654
1.064816194648925 2
	a 41 112 0.9657366530214315
	a 112 41 0.9657366530214315
0.487629339878578 2
	a 42 43 0.9840070514701087
	a 43 42 0.9840070514701087
0.487629339878578 2
	a 42 81 0.9840070514701087
	a 81 42 0.9840070514701087
1.992121912734172 2
	a 42 113 0.937816542943583
	a 113 42 0.937816542943583
1.465260119971778 2
	a 43 56 0.9534677214128324
	a 56 43 0.9534677214128324
1.330050418899266 2
	a 43 116 0.9575737484377891
	a 116 43 0.9575737484377891
0.487629339878578 2
	a 43 81 0.9840070514701087
	a 81 43 0.9840070514701087
1.707894403960983 2
	a 44 150 0.946191606830729
	a 150 44 0.946191606830729
2.78738342292108 2
	a 44 191 0.9152092196359822
	a 191 44 0.9152092196359822
3.617005132405473 2
	a 44 145 0.8928682928209064
	a 145 44 0.8928682928209064
3.571446267944701 2
	a 45 173 0.8940633489691538
	a 173 45 0.8940633489691538
2.845825390604403 2
	a 45 218 0.9135946573651974
	a 218 45 0.9135946573651974
0.9056588220468618 2
	a 46 105 0.9707046576993192
	a 105 46 0.9707046576993192
2.877924708044644 2
	a 47 174 0.9127105299522549
	a 174 47 0.9127105299522549
0.1917896373478611 2
	a 47 65 0.9936477087493498
	a 65 47 0.9936477087493498
3.402711679242001 2
	a 47 157 0.8985211827942648
	a 157 47 0.8985211827942648
0.1917896373478611 2
	a 48 68 0.9936477087493498
	a 68 48 0.9936477087493498
0.2701555345749592 2
	a 48 57 0.9910754242055927
	a 57 48 0.9910754242055927
0.5575248444503217 2
	a 48 55 0.9817569700886031
	a 55 48 0.9817569700886031
0.1917896373478611 2
	a 49 68 0.9936477087493498
	a 68 49 0.9936477087493498
2.255077037411157 2
	a 49 55 0.9302083513075068
	a 55 49 0.9302083513075068
8.491340379858274 2
	a 49 83 0.7838706679129852
	a 83 49 0.7838706679129852
6.577717014639457 2
	a 49 94 0.8224969345049238
	a 94 49 0.8224969345049238
1.654092624187943 2
	a 50 97 0.9477948739037747
	a 97 50 0.9477948739037747
0.2701555345749592 2
	a 50 74 0.9910754242055927
	a 74 50 0.9910754242055927
0.4498654971040983 2
	a 51 83 0.9852271177182471
	a 83 51 0.9852271177182471
2.712315054365003 2
	a 51 64 0.9172923664845261
	a 64 51 0.9172923664845261
3.648982807036052 2
	a 52 174 0.8920316506374524
	a 174 52 0.8920316506374524
2.590581228449648 2
	a 52 98 0.9206927188380369
	a 98 52 0.9206927188380369
1.44523730846217 2
	a 52 143 0.9540734388425252
	a 143 52 0.9540734388425252
1.35870986085391 2
	a 53 138 0.9567003292081933
	a 138 53 0.9567003292081933
3.331367662815472 2
	a 54 151 0.9004211710931115
	a 151 54 0.9004211710931115
4.24925255236559 2
	a 54 217 0.8766530963241083
	a 217 54 0.8766530963241083
0.7884591958105146 2
	a 54 101 0.9743968235948948
	a 101 54 0.9743968235948948
4.309936045017716 2
	a 54 163 0.8751323994112805
	a 163 54 0.8751323994112805
0.1516230224745966 2
	a 55 68 0.9949713573345427
	a 68 55 0.9949713573345427
0.9870351267938494 2
	a 56 116 0.968157958267015
	a 116 56 0.968157958267015
0.1356157527182506 2
	a 57 68 0.9954998486103701
	a 68 57 0.9954998486103701
1.018458359022064 2
	a 58 120 0.9671782490634919
	a 120 58 0.9671782490634919
0.9056588220468618 2
	a 59 112 0.9707046576993192
	a 112 59 0.9707046576993192
1.126737926931244 2
	a 59 95 0.9638180012646471
	a 95 59 0.9638180012646471
2.184273549210764 2
	a 59 82 0.9322438349680046
	a 82 59 0.9322438349680046
8.594387299838795 2
	a 60 93 0.7819272179074142
	a 93 60 0.7819272179074142
4.253396513195626 2
	a 60 287 0.876549054984366
	a 287 60 0.876549054984366
3.508146860435769 2
	a 60 269 0.8957297944305342
	a 269 60 0.8957297944305342
4.735627925707184 2
	a 60 304 0.8646359906390901
	a 304 60 0.8646359906390901
1.756468616875567 2
	a 61 112 0.9447490500526149
	a 112 61 0.9447490500526149
0.6981164340668319 2
	a 61 103 0.9772626664842042
	a 103 61 0.9772626664842042
0.9734804588843621 2
	a 62 69 0.9685811978441778
	a 69 62 0.9685811978441778
2.332015407060942 2
	a 62 197 0.9280073655309269
	a 197 62 0.9280073655309269
0.6780787635912512 2
	a 63 103 0.9779006413097311
	a 103 63 0.9779006413097311
0.4068472581547501 2
	a 64 87 0.986620689469499
	a 87 64 0.986620689469499
1.963890817655014 2
	a 65 174 0.9386413215436293
	a 174 65 0.9386413215436293
0.6623180749170225 2
	a 65 97 0.9784030414175598
	a 97 65 0.9784030414175598
2.768344467533243 2
	a 66 94 0.9157365642221378
	a 94 66 0.9157365642221378
0.572507812946912 2
	a 66 97 0.9812760003733393
	a 97 66 0.9812760003733393
2.413472150031391 2
	a 67 87 0.9256893926471131
	a 87 67 0.9256893926471131
1.511850541135075 2
	a 67 128 0.9520614230695246
	a 128 67 0.9520614230695246
2.691990687667651 2
	a 67 141 0.9178581632517582
	a 141 67 0.9178581632517582
2.765828343267811 2
	a 67 70 0.9158063063951245
	a 70 67 0.9158063063951245
2.313317498168041 2
	a 67 198 0.9285412210429368
	a 198 67 0.9285412210429368
0.9569120473074697 2
	a 68 112 0.9690990602062898
	a 112 68 0.9690990602062898
0.2712315054364995 2
	a 68 83 0.9910401999457994
	a 83 68 0.9910401999457994
3.643153684862739 2
	a 69 166 0.8921840269353614
	a 166 69 0.8921840269353614
1.515225646537176 2
	a 69 156 0.9519597175154471
	a 156 69 0.9519597175154471
3.526836374713576 2
	a 70 87 0.8952370349659065
	a 87 70 0.8952370349659065
1.934862283867773 2
	a 70 174 0.9394910177544764
	a 174 70 0.9394910177544764
0.6780787635912512 2
	a 71 108 0.9779006413097311
	a 108 71 0.9779006413097311
3.644185060744261 2
	a 71 243 0.8921570619193075
	a 243 71 0.8921570619193075
4.13725734337871 2
	a 72 261 0.8794758438334322
	a 261 72 0.8794758438334322
0.4068472581547501 2
	a 72 92 0.986620689469499
	a 92 72 0.986620689469499
2.124012364012603 2
	a 72 93 0.9339838294848157
	a 93 72 0.9339838294848157
0.487629339878578 2
	a 73 97 0.9840070514701087
	a 97 73 0.9840070514701087
0.1356157527182506 2
	a 73 74 0.9954998486103701
	a 74 73 0.9954998486103701
0.479922938566163 2
	a 74 97 0.9842557788628525
	a 97 74 0.9842557788628525
3.769154136056462 2
	a 75 100 0.8889034670032346
	a 100 75 0.8889034670032346
4.251358931716286 2
	a 75 155 0.8766002084172968
	a 155 75 0.8766002084172968
4.38611500261648 2
	a 75 313 0.8732320826242032
	a 313 75 0.8732320826242032
14.56886455252051 2
	a 76 398 0.6893032944870277
	a 398 76 0.6893032944870277
0.7671585448709205 2
	a 76 122 0.975070966213913
	a 122 76 0.975070966213913
3.99634375223947 2
	a 76 152 0.8830575280190258
	a 152 76 0.8830575280190258
8.520687791485406 2
	a 76 420 0.7833158195793829
	a 420 76 0.7833158195793829
6.986728004046728 2
	a 77 110 0.8138220895318664
	a 110 77 0.8138220895318664
2.820674875156118 2
	a 77 209 0.9142887136530016
	a 209 77 0.9142887136530016
9.076218460538307 2
	a 77 115 0.773015035215977
	a 115 77 0.773015035215977
3.290799760929914 2
	a 77 268 0.9015055866330128
	a 268 77 0.9015055866330128
0.3835792746957232 2
	a 78 97 0.9873761207069657
	a 97 78 0.9873761207069657
0.5753689120435835 2
	a 79 112 0.9811842105722803
	a 112 79 0.9811842105722803
2.309453050445407 2
	a 80 159 0.9286516402756855
	a 159 80 0.9286516402756855
2.080288362604009 2
	a 80 196 0.9352507089939381
	a 196 80 0.9352507089939381
0.572507812946912 2
	a 81 113 0.9812760003733393
	a 113 81 0.9812760003733393
1.487545852095444 2
	a 81 109 0.9527944976350858
	a 109 81 0.9527944976350858
4.942533068826768 2
	a 81 90 0.8596408497286063
	a 90 81 0.8596408497286063
0.5488408072586609 2
	a 82 112 0.9820359572016657
	a 112 82 0.9820359572016657
3.423529126734134 2
	a 82 138 0.8979684868204681
	a 138 82 0.8979684868204681
0.2712315054364995 2
	a 83 87 0.9910401999457994
	a 87 83 0.9910401999457994
0.4068472581547501 2
	a 83 106 0.986620689469499
	a 106 83 0.986620689469499
1.632650752044516 2
	a 83 168 0.948435435651652
	a 168 83 0.948435435651652
1.705283674146453 2
	a 83 149 0.9462692726380773
	a 149 83 0.9462692726380773
1.069165333071772 2
	a 83 94 0.9656016357178365
	a 94 83 0.9656016357178365
3.637093572898347 2
	a 84 243 0.8923425042204671
	a 243 84 0.8923425042204671
4.753672324890363 2
	a 84 274 0.8641976118765584
	a 274 84 0.8641976118765584
6.837025115289094 2
	a 84 435 0.8169697755519312
	a 435 84 0.8169697755519312
1.118316148002715 2
	a 85 153 0.9640784858939181
	a 153 85 0.9640784858939181
2.867771907045793 2
	a 85 231 0.9129899690366161
	a 231 85 0.9129899690366161
1.453744046139253 2
	a 85 119 0.9538159996063358
	a 119 85 0.9538159996063358
1.654092624187943 2
	a 85 125 0.9477948739037747
	a 125 85 0.9477948739037747
0.4217785570495555 2
	a 86 112 0.9861365385453571
	a 112 86 0.9861365385453571
0.4068472581547501 2
	a 87 112 0.986620689469499
	a 112 87 0.986620689469499
0.9589481822187813 2
	a 87 128 0.9690353879296758
	a 128 87 0.9690353879296758
6.150732675141859 2
	a 88 127 0.8318089174626211
	a 127 88 0.8318089174626211
0.3002129760370238 2
	a 88 107 0.9900923780751469
	a 107 88 0.9900923780751469
0.6267238355571551 2
	a 88 110 0.9795396155584141
	a 110 88 0.9795396155584141
0.5753689120435835 2
	a 89 127 0.9811842105722803
	a 127 89 0.9811842105722803
1.058859358600752 2
	a 90 109 0.9659216442099845
	a 109 90 0.9659216442099845
2.095671207709064 2
	a 90 213 0.9348045781758588
	a 213 90 0.9348045781758588
0.7884591958105146 2
	a 90 136 0.9743968235948948
	a 136 90 0.9743968235948948
1.900314419491679 2
	a 91 205 0.9405044160698077
	a 205 91 0.9405044160698077
2.711414633574831 2
	a 92 261 0.9173174164845274
	a 261 92 0.9173174164845274
2.693431351890878 2
	a 93 261 0.917818032291885
	a 261 93 0.917818032291885
1.815014601841224 2
	a 93 130 0.9430165485390745
	a 130 93 0.9430165485390745
3.896333097182356 2
	a 93 269 0.8856200501301347
	a 269 93 0.8856200501301347
1.392998929689093 2
	a 94 106 0.9556575329443662
	a 106 94 0.9556575329443662
1.402932530426299 2
	a 94 133 0.955355878172315
	a 133 94 0.955355878172315
0.7321141143751978 2
	a 94 140 0.9761821698555024
	a 140 94 0.9761821698555024
0.2701555345749592 2
	a 95 112 0.9910754242055927
	a 112 95 0.9910754242055927
0.7088461309161707 2
	a 96 143 0.9769213963076815
	a 143 96 0.9769213963076815
13.52154403763716 2
	a 96 192 0.7029930677099013
	a 192 96 0.7029930677099013
13.48347382531572 2
	a 96 235 0.7035089213340612
	a 235 96 0.7035089213340612
1.381814599110866 2
	a 97 174 0.9559974079363562
	a 174 97 0.9559974079363562
2.503074246341606 2
	a 98 174 0.9231541282221569
	a 174 98 0.9231541282221569
0.9589481822187813 2
	a 98 157 0.9690353879296758
	a 157 98 0.9690353879296758
0.1917896373478611 2
	a 99 112 0.9936477087493498
	a 112 99 0.9936477087493498
2.576699301646753 2
	a 100 153 0.9210822340862695
	a 153 100 0.9210822340862695
2.7843386051642 2
	a 100 178 0.9152935106177
	a 178 100 0.9152935106177
5.044123163706865 2
	a 100 313 0.8572133494704757
	a 313 100 0.8572133494704757
4.856104272637558 2
	a 100 360 0.8617190529124437
	a 360 100 0.8617190529124437
1.618531669454317 2
	a 101 151 0.9488577341662152
	a 151 101 0.9488577341662152
1.969416047529112 2
	a 101 217 0.9384797783553104
	a 217 101 0.9384797783553104
0.1516230224745966 2
	a 102 112 0.9949713573345427
	a 112 102 0.9949713573345427
0.1356157527182506 2
	a 103 112 0.9954998486103701
	a 112 103 0.9954998486103701
1.085368784576001 2
	a 104 158 0.9650989503729956
	a 158 104 0.9650989503729956
0.69040501949209 2
	a 104 146 0.9775080875824138
	a 146 104 0.9775080875824138
3.030205399112047 2
	a 104 263 0.9085418696569987
	a 263 104 0.9085418696569987
1.368741294795127 2
	a 105 180 0.9563950073678761
	a 180 105 0.9563950073678761
0.3981115513613038 2
	a 106 133 0.986904170385881
	a 133 106 0.986904170385881
2.038610979204412 2
	a 107 225 0.9364617313345043
	a 225 107 0.9364617313345043
0.8546955794297674 2
	a 107 110 0.9723066199093672
	a 110 107 0.9723066199093672
5.107903943850598 2
	a 108 357 0.8556976843570505
	a 357 108 0.8556976843570505
5.16014409466951 2
	a 108 372 0.854461058945124
	a 372 108 0.854461058945124
5.348157579190809 2
	a 108 243 0.8500458898722417
	a 243 108 0.8500458898722417
5.532586599231487 2
	a 108 297 0.8457683325873032
	a 297 108 0.8457683325873032
2.221707642282509 2
	a 109 113 0.9311664694706463
	a 113 109 0.9311664694706463
0.487629339878578 2
	a 109 136 0.9840070514701087
	a 136 109 0.9840070514701087
3.08057457692436 2
	a 109 148 0.9071723091932877
	a 148 109 0.9071723091932877
0.5424630108730013 2
	a 110 139 0.9822409559256213
	a 139 110 0.9822409559256213
3.618796987181939 2
	a 110 182 0.8928213647621035
	a 182 110 0.8928213647621035
4.180339100226107 2
	a 110 286 0.8783875084260573
	a 286 110 0.8783875084260573
4.488870326126034 2
	a 111 315 0.8706840478336024
	a 315 111 0.8706840478336024
4.002156139428898 2
	a 111 330 0.8829091248621914
	a 330 111 0.8829091248621914
0.3981115513613038 2
	a 112 138 0.986904170385881
	a 138 112 0.986904170385881
0.7241308354215087 2
	a 113 158 0.9764356703146633
	a 158 113 0.9764356703146633
4.428884657891093 2
	a 114 249 0.8721693978654451
	a 249 114 0.8721693978654451
2.369655030326457 2
	a 114 260 0.9269347095064948
	a 260 114 0.9269347095064948
5.005882156906447 2
	a 114 207 0.85812519117652
	a 207 114 0.85812519117652
1.353727654535798 2
	a 114 180 0.9568520460873359
	a 180 114 0.9568520460873359
1.178824764141711 2
	a 115 179 0.9622102068625713
	a 179 115 0.9622102068625713
6.896659579409218 2
	a 115 268 0.8157121223437815
	a 268 115 0.8157121223437815
0.99986533083179 2
	a 116 170 0.9677576919995778
	a 170 116 0.9677576919995778
1.889172731026632 2
	a 117 139 0.9408317351490874
	a 139 117 0.9408317351490874
1.621305201459458 2
	a 117 209 0.9487747470859313
	a 209 117 0.9487747470859313
2.460325435208182 2
	a 117 182 0.9243618040220928
	a 182 117 0.9243618040220928
0.9397593081368385 2
	a 118 168 0.9696357892819247
	a 168 118 0.9696357892819247
0.5424630108730013 2
	a 118 133 0.9822409559256213
	a 133 118 0.9822409559256213
0.9653175387840964 2
	a 119 170 0.9688362666333206
	a 170 119 0.9688362666333206
0.6773268194476793 2
	a 119 125 0.9779245988827807
	a 125 119 0.9779245988827807
0.487629339878578 2
	a 120 124 0.9840070514701087
	a 124 120 0.9840070514701087
0.5294379043957786 2
	a 120 144 0.9826598871066465
	a 144 120 0.9826598871066465
0.8136945163095008 2
	a 120 163 0.9735993908395411
	a 163 120 0.9735993908395411
2.719898072465596 2
	a 120 127 0.9170814640936864
	a 127 120 0.9170814640936864
0.2701555345749592 2
	a 121 134 0.9910754242055927
	a 134 121 0.9910754242055927
0.6623180749170225 2
	a 122 123 0.9784030414175598
	a 123 122 0.9784030414175598
0.5753689120435835 2
	a 122 152 0.9811842105722803
	a 152 122 0.9811842105722803
0.5753689120435835 2
	a 123 152 0.9811842105722803
	a 152 123 0.9811842105722803
0.3981115513613038 2
	a 124 144 0.986904170385881
	a 144 124 0.986904170385881
4.162897047449677 2
	a 125 345 0.8788277546625158
	a 345 125 0.8788277546625158
0.2701555345749592 2
	a 126 138 0.9910754242055927
	a 138 126 0.9910754242055927
0.7218667123477758 2
	a 127 163 0.9765075896752901
	a 163 127 0.9765075896752901
0.2701555345749592 2
	a 128 141 0.9910754242055927
	a 141 128 0.9910754242055927
11.94833095317348 2
	a 129 189 0.7254396964212553
	a 189 129 0.7254396964212553
5.53269285417374 2
	a 129 337 0.8457658832896975
	a 337 129 0.8457658832896975
3.666037450812214 2
	a 129 278 0.891586173257336
	a 278 129 0.891586173257336
1.090487985406985 2
	a 129 183 0.9649402484598857
	a 183 129 0.9649402484598857
4.758517220258847 2
	a 130 369 0.8640799975836795
	a 369 130 0.8640799975836795
3.532908836752516 2
	a 130 261 0.8950770632227549
	a 261 130 0.8950770632227549
4.775931358792842 2
	a 130 318 0.8636575668723308
	a 318 130 0.8636575668723308
3.817443456438786 2
	a 130 287 0.8876534878298786
	a 287 130 0.8876534878298786
1.907785025694843 2
	a 131 245 0.9402850816914862
	a 245 131 0.9402850816914862
4.748935257606863 2
	a 131 185 0.8643126452790979
	a 185 131 0.8643126452790979
3.26042382587259 2
	a 131 240 0.9023194842932685
	a 240 131 0.9023194842932685
8.249158858100571 2
	a 131 281 0.7884910821991238
	a 281 131 0.7884910821991238
2.446724427395992 2
	a 132 151 0.9247467617369274
	a 151 132 0.9247467617369274
3.17076350519921 2
	a 132 150 0.9047314920898427
	a 150 132 0.9047314920898427
1.134632192225375 2
	a 132 191 0.9635739653297484
	a 191 132 0.9635739653297484
2.195973933892282 2
	a 133 168 0.9319068051546859
	a 168 133 0.9319068051546859
0.8746873575346277 2
	a 133 174 0.9716775559298894
	a 174 133 0.9716775559298894
1.428089202829759 2
	a 133 140 0.9545928356279318
	a 140 133 0.9545928356279318
1.469582609899217 2
	a 133 162 0.9533370662617073
	a 162 133 0.9533370662617073
0.6773268194476793 2
	a 134 170 0.9779245988827807
	a 170 134 0.9779245988827807
9.591444236375946 2
	a 135 347 0.7637966345614648
	a 347 135 0.7637966345614648
9.793162153802987 2
	a 135 314 0.7602728806260485
	a 314 135 0.7602728806260485
3.572061642504762 2
	a 135 222 0.8940471828634293
	a 222 135 0.8940471828634293
4.236394759563022 2
	a 135 166 0.8769760965714046
	a 166 135 0.8769760965714046
1.088420984350353 2
	a 135 194 0.9650043216734201
	a 194 135 0.9650043216734201
0.5753689120435835 2
	a 136 165 0.9811842105722803
	a 165 136 0.9811842105722803
3.144121252635224 2
	a 136 263 0.9054509947819628
	a 263 136 0.9054509947819628
0.4068472581547501 2
	a 137 159 0.986620689469499
	a 159 137 0.986620689469499
0.4068472581547501 2
	a 138 159 0.986620689469499
	a 159 138 0.986620689469499
1.248857222541599 2
	a 139 209 0.9600572555169801
	a 209 139 0.9600572555169801
1.588984649521283 2
	a 139 182 0.9497427661098292
	a 182 139 0.9497427661098292
0.6981164340668319 2
	a 140 174 0.9772626664842042
	a 174 140 0.9772626664842042
1.64751219978562 2
	a 140 162 0.9479913623542346
	a 162 140 0.9479913623542346
0.3981115513613038 2
	a 141 159 0.986904170385881
	a 159 141 0.986904170385881
3.027950330650073 2
	a 141 198 0.9086032935997669
	a 198 141 0.9086032935997669
1.491773279900752 2
	a 141 210 0.9526669052122294
	a 210 141 0.9526669052122294
1.328070587127958 2
	a 141 215 0.9576341470266612
	a 215 141 0.9576341470266612
1.499284376447152 2
	a 142 209 0.9524402936317857
	a 209 142 0.9524402936317857
2.1720446337767 2
	a 142 268 0.932596370206247
	a 268 142 0.932596370206247
2.770798249237151 2
	a 142 283 0.9156685613327686
	a 283 142 0.9156685613327686
0.6773268194476793 2
	a 143 174 0.9779245988827807
	a 174 143 0.9779245988827807
0.4068472581547501 2
	a 144 163 0.986620689469499
	a 163 144 0.986620689469499
2.99035953357606 2
	a 145 191 0.9096285593145986
	a 191 145 0.9096285593145986
2.76330199809515 2
	a 145 217 0.9158763436432293
	a 217 145 0.9158763436432293
0.5575248444503217 2
	a 145 172 0.9817569700886031
	a 172 145 0.9817569700886031
1.241928224970066 2
	a 145 196 0.960269820315649
	a 196 145 0.960269820315649
1.61591233708054 2
	a 146 158 0.9489361215163883
	a 158 146 0.9489361215163883
1.691560503664214 2
	a 146 148 0.9466777414131009
	a 148 146 0.9466777414131009
0.4116662147502663 2
	a 146 165 0.9864643809802354
	a 165 146 0.9864643809802354
2.998825857758833 2
	a 147 166 0.9093974213385241
	a 166 147 0.9093974213385241
2.03569844557326 2
	a 147 156 0.9365464868607635
	a 156 147 0.9365464868607635
1.334528378725622 2
	a 147 224 0.9574371690344996
	a 224 147 0.9574371690344996
0.1356157527182506 2
	a 148 158 0.9954998486103701
	a 158 148 0.9954998486103701
1.691560503664214 2
	a 148 165 0.9466777414131009
	a 165 148 0.9466777414131009
0.4068472581547501 2
	a 149 168 0.986620689469499
	a 168 149 0.986620689469499
1.604933260944054 2
	a 149 174 0.9492648353914381
	a 174 149 0.9492648353914381
0.7218667123477758 2
	a 150 191 0.9765075896752901
	a 191 150 0.9765075896752901
1.127108817932829 2
	a 151 217 0.9638065330115606
	a 217 151 0.9638065330115606
9.768026551566971 2
	a 152 420 0.7607093872925201
	a 420 152 0.7607093872925201
0.9056588220468618 2
	a 152 205 0.9707046576993192
	a 205 152 0.9707046576993192
0.6981164340668319 2
	a 153 178 0.9772626664842042
	a 178 153 0.9772626664842042
1.356157527182502 2
	a 153 231 0.9567780459285045
	a 231 153 0.9567780459285045
2.15815821809239 2
	a 153 282 0.9329970365062719
	a 282 153 0.9329970365062719
2.03569844557326 2
	a 154 273 0.9365464868607635
	a 273 154 0.9365464868607635
2.658144991933356 2
	a 154 184 0.9188020744458876
	a 184 154 0.9188020744458876
3.737874181870994 2
	a 154 169 0.8897153053599534
	a 169 154 0.8897153053599534
7.0969230088473 2
	a 155 372 0.8115250953277364
	a 372 155 0.8115250953277364
6.524578323568808 2
	a 155 477 0.8236414315420588
	a 477 155 0.8236414315420588
1.555485357104156 2
	a 156 224 0.9507482928019515
	a 224 156 0.9507482928019515
0.7884591958105146 2
	a 156 197 0.9743968235948948
	a 197 156 0.9743968235948948
0.4217785570495555 2
	a 157 174 0.9861365385453571
	a 174 157 0.9861365385453571
2.03569844557326 2
	a 158 277 0.9365464868607635
	a 277 158 0.9365464868607635
4.074624252227082 2
	a 158 263 0.8810636728889421
	a 263 158 0.8810636728889421
0.9849989873620122 2
	a 159 215 0.9682215115723076
	a 215 159 0.9682215115723076
1.003980265370219 2
	a 160 219 0.9676293901133496
	a 219 160 0.9676293901133496
4.418376774166902 2
	a 160 184 0.8724302033891482
	a 184 160 0.8724302033891482
2.604665358339847 2
	a 161 217 0.920297898164167
	a 217 161 0.920297898164167
0.9763801406626829 2
	a 161 163 0.9684906241748837
	a 163 161 0.9684906241748837
1.494995591554789 2
	a 161 257 0.9525696734000392
	a 257 161 0.9525696734000392
1.247369671432133 2
	a 161 200 0.9601028816913757
	a 200 161 0.9601028816913757
0.2701555345749592 2
	a 162 174 0.9910754242055927
	a 174 162 0.9910754242055927
4.075814651140242 2
	a 163 217 0.8810334329034094
	a 217 163 0.8810334329034094
3.82512655444436 2
	a 163 200 0.8874549800234364
	a 200 163 0.8874549800234364
1.025590215157039 2
	a 163 225 0.9669561786560346
	a 225 163 0.9669561786560346
1.250070526955394 2
	a 164 249 0.9600200443887001
	a 249 164 0.9600200443887001
0.99986533083179 2
	a 164 221 0.9677576919995778
	a 221 164 0.9677576919995778
1.519807460906963 2
	a 165 263 0.9518216855625279
	a 263 165 0.9518216855625279
0.487629339878578 2
	a 166 194 0.9840070514701087
	a 194 166 0.9840070514701087
1.356157527182502 2
	a 167 174 0.9567780459285045
	a 174 167 0.9567780459285045
2.552089680587133 2
	a 167 249 0.9217736460584542
	a 249 167 0.9217736460584542
1.84378686706108 2
	a 167 212 0.9421675903722668
	a 212 167 0.9421675903722668
0.8746873575346277 2
	a 167 221 0.9716775559298894
	a 221 167 0.9716775559298894
0.1356157527182506 2
	a 168 174 0.9954998486103701
	a 174 168 0.9954998486103701
2.955941855802051 2
	a 169 214 0.9105695360269728
	a 214 169 0.9105695360269728
2.037550662921261 2
	a 169 293 0.9364925849236906
	a 293 169 0.9364925849236906
1.134632192225375 2
	a 170 247 0.9635739653297484
	a 247 170 0.9635739653297484
2.653284437465957 2
	a 170 298 0.9189378037882889
	a 298 170 0.9189378037882889
5.565177410762203 2
	a 171 318 0.8450178900961389
	a 318 171 0.8450178900961389
7.649985801199058 2
	a 171 202 0.8002480736168405
	a 202 171 0.8002480736168405
3.664091061885526 2
	a 171 245 0.8916369884869029
	a 245 171 0.8916369884869029
0.4068472581547501 2
	a 171 193 0.986620689469499
	a 193 171 0.986620689469499
2.41666189130215 2
	a 171 185 0.9255988796696035
	a 185 171 0.9255988796696035
0.4217785570495555 2
	a 172 196 0.9861365385453571
	a 196 172 0.9861365385453571
5.081047468123093 2
	a 173 325 0.8563351072329219
	a 325 173 0.8563351072329219
6.289749634774083 2
	a 173 286 0.8287479856273484
	a 286 173 0.8287479856273484
7.594963687595713 2
	a 173 348 0.8013514482875896
	a 348 173 0.8013514482875896
5.302411307321358 2
	a 173 376 0.851115072376981
	a 376 173 0.851115072376981
4.127709931099995 2
	a 173 218 0.8797174548726749
	a 218 173 0.8797174548726749
4.298057940412786 2
	a 173 387 0.875429574517045
	a 387 173 0.875429574517045
2.552089680587133 2
	a 174 249 0.9217736460584542
	a 249 174 0.9217736460584542
1.545598435309036 2
	a 174 188 0.9510454916119191
	a 188 174 0.9510454916119191
0.7109846647618342 2
	a 174 221 0.9768534069845307
	a 221 174 0.9768534069845307
6.87984887672852 2
	a 175 318 0.8160661435263163
	a 318 175 0.8160661435263163
5.777902594320192 2
	a 175 432 0.8401594887333037
	a 432 175 0.8401594887333037
7.844795547113656 2
	a 175 270 0.7963738691030409
	a 270 175 0.7963738691030409
4.578997237317166 2
	a 175 402 0.8684634850456558
	a 402 175 0.8684634850456558
7.93097209800281 2
	a 175 259 0.794676052318533
	a 259 175 0.794676052318533
4.993046849195679 2
	a 175 248 0.8584317654588374
	a 248 175 0.8584317654588374
5.463579436606873 2
	a 175 262 0.8473626966304384
	a 262 175 0.8473626966304384
4.180110949324783 2
	a 176 179 0.8783932637665666
	a 179 176 0.8783932637665666
1.385168937220699 2
	a 176 246 0.9558954480381517
	a 246 176 0.9558954480381517
2.72467014217487 2
	a 176 323 0.9169487957434859
	a 323 176 0.9169487957434859
3.239374638182212 2
	a 177 257 0.9028844471566291
	a 257 177 0.9028844471566291
2.697419526385242 2
	a 177 200 0.9177069583106419
	a 200 177 0.9177069583106419
2.95939598450326 2
	a 177 338 0.9104750029104933
	a 338 177 0.9104750029104933
1.220541774464252 2
	a 177 223 0.9609265242053444
	a 223 177 0.9609265242053444
3.456998610808815 2
	a 178 360 0.8970814901037673
	a 360 178 0.8970814901037673
2.911284216784919 2
	a 178 282 0.9117936951333746
	a 282 178 0.9117936951333746
2.691668324502915 2
	a 179 323 0.9178671434869156
	a 323 179 0.9178671434869156
1.825684370089437 2
	a 180 293 0.9427015349962045
	a 293 180 0.9427015349962045
5.061617035262408 2
	a 180 207 0.8567969893457826
	a 207 180 0.8567969893457826
0.8678838813832842 2
	a 181 244 0.9718915409211399
	a 244 181 0.9718915409211399
0.9493102690277512 2
	a 181 194 0.9693368529259123
	a 194 181 0.9693368529259123
1.64751219978562 2
	a 182 286 0.9479913623542346
	a 286 182 0.9479913623542346
2.239509420363549 2
	a 183 278 0.9306550710037038
	a 278 183 0.9306550710037038
0.5424630108730013 2
	a 183 220 0.9822409559256213
	a 220 183 0.9822409559256213
1.413255877275242 2
	a 184 273 0.9550425995428069
	a 273 184 0.9550425995428069
3.817138492775123 2
	a 185 245 0.887661369258522
	a 245 185 0.887661369258522
1.220541774464252 2
	a 185 193 0.9609265242053444
	a 193 185 0.9609265242053444
0.3981115513613038 2
	a 185 211 0.986904170385881
	a 211 185 0.986904170385881
0.8546955794297674 2
	a 186 249 0.9723066199093672
	a 249 186 0.9723066199093672
0.5753689120435835 2
	a 187 224 0.9811842105722803
	a 224 187 0.9811842105722803
2.010524034629345 2
	a 187 197 0.9372797553858452
	a 197 187 0.9372797553858452
0.8266086393752234 2
	a 188 249 0.9731918249221194
	a 249 188 0.9731918249221194
3.452349856503486 2
	a 189 195 0.8972045714610608
	a 195 189 0.8972045714610608
8.499580609978642 2
	a 189 376 0.7837147667637491
	a 376 189 0.7837147667637491
0.8678838813832842 2
	a 189 251 0.9718915409211399
	a 251 189 0.9718915409211399
8.529826634185909 2
	a 189 353 0.7831432602371635
	a 353 189 0.7831432602371635
2.974739776792058 2
	a 190 249 0.9100553347115161
	a 249 190 0.9100553347115161
0.99986533083179 2
	a 190 260 0.9677576919995778
	a 260 190 0.9677576919995778
0.4068472581547501 2
	a 191 217 0.986620689469499
	a 217 191 0.986620689469499
0.7671585448709205 2
	a 192 249 0.975070966213913
	a 249 192 0.975070966213913
0.8266086393752234 2
	a 192 235 0.9731918249221194
	a 235 192 0.9731918249221194
0.69040501949209 2
	a 193 245 0.9775080875824138
	a 245 193 0.9775080875824138
1.28340913278765 2
	a 194 244 0.9589987512963922
	a 244 194 0.9589987512963922
0.5294379043957786 2
	a 194 230 0.9826598871066465
	a 230 194 0.9826598871066465
2.349454702317066 2
	a 194 291 0.927510044896372
	a 291 194 0.927510044896372
0.8678838813832842 2
	a 195 256 0.9718915409211399
	a 256 195 0.9718915409211399
0.3981115513613038 2
	a 196 215 0.986904170385881
	a 215 196 0.986904170385881
0.6915073676175353 2
	a 196 249 0.9774729968621538
	a 249 196 0.9774729968621538
0.4217785570495555 2
	a 197 224 0.9861365385453571
	a 224 197 0.9861365385453571
1.669793565082048 2
	a 198 210 0.9473263990732125
	a 210 198 0.9473263990732125
0.6780787635912512 2
	a 198 249 0.9779006413097311
	a 249 198 0.9779006413097311
9.191312412625875 2
	a 199 366 0.7709282261321766
	a 366 199 0.7709282261321766
1.388046355412949 2
	a 199 284 0.9558080029685578
	a 284 199 0.9558080029685578
1.49240804751345 2
	a 199 204 0.9526477497314902
	a 204 199 0.9526477497314902
0.8266086393752234 2
	a 200 257 0.9731918249221194
	a 257 200 0.9731918249221194
0.3981115513613038 2
	a 200 225 0.986904170385881
	a 225 200 0.986904170385881
0.5143760708184569 2
	a 201 238 0.9831447800380628
	a 238 201 0.9831447800380628
1.356157527182502 2
	a 201 267 0.9567780459285045
	a 267 201 0.9567780459285045
2.210738904586905 2
	a 202 318 0.9314818749036914
	a 318 202 0.9314818749036914
4.386145064108334 2
	a 202 304 0.8732313346307385
	a 304 202 0.8732313346307385
0.6308226318210105 2
	a 203 249 0.9794085977807605
	a 249 203 0.9794085977807605
1.153879263547335 2
	a 203 206 0.9629795173791319
	a 206 203 0.9629795173791319
3.116950871645429 2
	a 203 260 0.9061860775303165
	a 260 203 0.9061860775303165
1.342527456914504 2
	a 204 284 0.9571932956869043
	a 284 204 0.9571932956869043
4.855664072945285 2
	a 204 267 0.8617296683092581
	a 267 204 0.8617296683092581
2.118024594011236 2
	a 204 272 0.9341571037570822
	a 272 204 0.9341571037570822
4.439690968599669 2
	a 204 315 0.8719013758780292
	a 315 204 0.8719013758780292
7.315045532104046 2
	a 204 437 0.8070278304106566
	a 437 204 0.8070278304106566
0.3981115513613038 2
	a 205 229 0.986904170385881
	a 229 205 0.986904170385881
1.808693321060247 2
	a 206 249 0.9432032833493454
	a 249 206 0.9432032833493454
0.7884591958105146 2
	a 206 260 0.9743968235948948
	a 260 206 0.9743968235948948
3.199966006874039 2
	a 207 260 0.9039443137859543
	a 260 207 0.9039443137859543
0.4068472581547501 2
	a 207 234 0.986620689469499
	a 234 207 0.986620689469499
1.126737926931244 2
	a 207 253 0.9638180012646471
	a 253 207 0.9638180012646471
0.726203378641899 2
	a 208 249 0.9763698459609977
	a 249 208 0.9763698459609977
0.4151947874586657 2
	a 208 237 0.9863499594430311
	a 237 208 0.9863499594430311
0.9493102690277512 2
	a 209 268 0.9693368529259123
	a 268 209 0.9693368529259123
1.227679281255588 2
	a 210 215 0.9607072519649303
	a 215 210 0.9607072519649303
0.4889695489932395 2
	a 210 249 0.9839638086911537
	a 249 210 0.9839638086911537
0.3835792746957232 2
	a 211 240 0.9873761207069657
	a 240 211 0.9873761207069657
0.9493102690277512 2
	a 212 249 0.9693368529259123
	a 249 212 0.9693368529259123
0.4068472581547501 2
	a 212 237 0.986620689469499
	a 237 212 0.986620689469499
0.1356157527182506 2
	a 212 221 0.9954998486103701
	a 221 212 0.9954998486103701
0.7241308354215087 2
	a 213 263 0.9764356703146633
	a 263 213 0.9764356703146633
0.9589481822187813 2
	a 214 273 0.9690353879296758
	a 273 214 0.9690353879296758
3.120560953941737 2
	a 214 293 0.906088331615315
	a 293 214 0.906088331615315
0.4068472581547501 2
	a 215 249 0.986620689469499
	a 249 215 0.986620689469499
0.3981115513613038 2
	a 216 249 0.986904170385881
	a 249 216 0.986904170385881
0.9583507903075323 2
	a 216 221 0.9690540681647766
	a 221 216 0.9690540681647766
1.604933260944054 2
	a 216 236 0.9492648353914381
	a 236 216 0.9492648353914381
2.313317498168041 2
	a 217 249 0.9285412210429368
	a 249 217 0.9285412210429368
0.6981164340668319 2
	a 217 257 0.9772626664842042
	a 257 217 0.9772626664842042
4.170593779358923 2
	a 217 258 0.8786334221464609
	a 258 217 0.8786334221464609
0.5488408072586609 2
	a 217 256 0.9820359572016657
	a 256 217 0.9820359572016657
8.570510745209972 2
	a 218 283 0.782376338635753
	a 283 218 0.782376338635753
3.571446267944701 2
	a 218 387 0.8940633489691538
	a 387 218 0.8940633489691538
7.128589915460002 2
	a 218 352 0.8108681199775585
