from,to,probability
0,563,0.5813752513037523
0,362,0.8122122079504506
0,220,0.7574567314655724
0,116,0.9200250655279731
0,495,0.6130530691124958
1,128,0.9381981204125796
2,309,0.7047187564817856
2,72,0.6700922369755932
2,300,0.8062987613159605
2,170,0.9137040921746717
2,275,0.6777570656777473
2,204,0.8684206235233114
3,40,0.9325135174178822
3,174,0.8511921460983393
3,58,0.973241378938998
4,309,0.8406024216667138
4,423,0.7703345196661695
4,161,0.9014965856039029
5,38,0.9821508484111854
6,68,0.973241378938998
7,189,0.781515433223275
7,309,0.8432948574211439
7,44,0.9042143276457492
8,212,0.8971855320143377
8,133,0.9076319992126715
9,154,0.9276130660231213
10,194,0.7305588928851164
10,149,0.9314733060428629
11,53,0.9828715992216289
12,222,0.895162157181291
13,143,0.9381981204125796
13,16,0.9623684211445606
14,241,0.8844537091600784
14,214,0.8609994848608125
15,171,0.8794336973996375
15,128,0.9471987816790822
16,143,0.9398663543806614
16,13,0.9623684211445606
17,88,0.973241378938998
18,309,0.8488569033683961
18,72,0.7618931004493658
19,122,0.9110087569730583
19,100,0.9652302536595252
20,60,0.9821508484111854
20,122,0.7741074810278227
21,89,0.9722730770907142
21,142,0.884351494543376
22,152,0.8268993381442635
22,73,0.9801847561502938
23,297,0.8584549542374794
24,122,0.9225797361323311
24,93,0.9722730770907142
25,420,0.7972183618225142
26,535,0.7430279651404985
26,718,0.475841553988066
27,224,0.8985296707828764
27,52,0.8841284630228493
28,95,0.9273962933690687
28,309,0.8521150196475515
29,210,0.9073075866954237
29,119,0.9131628725751649
30,47,0.9704542354364942
30,254,0.8860563248534263
31,122,0.9414093153986384
31,215,0.9059340820418489
31,57,0.8577507283049174
32,239,0.8909972356589364
32,175,0.8998813475436869
33,89,0.8496976848498543
33,87,0.9369812483497675
33,172,0.9276360025292943
33,257,0.851400302505
33,276,0.8055543301860655
34,81,0.9821508484111854
35,215,0.8620847213309052
35,82,0.9821508484111854
35,244,0.8540364404585744
35,286,0.7764510874564435
36,175,0.8146762476407373
36,98,0.973241378938998
36,353,0.7991503902891134
36,163,0.821956271362703
37,420,0.8019965144593972
37,369,0.8088416070708521
37,210,0.8963968692469961
38,118,0.9635139401772062
38,5,0.9821508484111854
39,119,0.9635139401772062
40,174,0.9298804969197713
40,3,0.9325135174178822
41,423,0.7175151874439124
41,161,0.8423441020346036
41,317,0.8487236080441856
41,290,0.7242529617451752
42,126,0.9606142271693334
43,215,0.9113150658887325
43,62,0.9041228461390493
44,7,0.9042143276457492
44,267,0.8808336754947304
44,91,0.9463427450445413
45,123,0.9625520007466786
46,563,0.7026005395495262
46,63,0.8654450886049539
46,336,0.8416925287736065
46,49,0.7439771617638281
47,258,0.8435472921169086
47,130,0.8018726691409938
47,263,0.883101487576
47,30,0.9704542354364942
48,476,0.7790415821906029
48,475,0.7182315903689065
48,547,0.7221928743592451
48,401,0.7593041819642151
49,46,0.7439771617638281
49,351,0.8229997060278255
49,311,0.8571490004483839
49,232,0.8204909557140445
49,276,0.8387487827035611
50,179,0.9314733060428629
50,103,0.9571641197707226
51,122,0.9652146743072774
52,224,0.906935442825665
52,27,0.8841284630228493
53,11,0.9828715992216289
53,124,0.9652146743072774
53,125,0.9621736428131291
54,385,0.6531290711618679
54,234,0.9026882102469709
54,185,0.8771220094082
55,121,0.968511557725705
55,180,0.8546998137082643
55,90,0.9113150658887325
56,122,0.9680141029402175
57,215,0.8453041293091522
57,31,0.8577507283049174
57,96,0.9821508484111854
57,113,0.8950298247012302
58,3,0.973241378938998
58,283,0.8769595567106208
59,331,0.8498130428640799
59,210,0.890700797753449
59,162,0.7205981554336909
60,20,0.9821508484111854
60,122,0.9703267583806774
61,126,0.9680141029402175
61,79,0.7521691891556024
62,215,0.9183740444181987
62,43,0.9041228461390493
63,379,0.6490190553136626
63,336,0.848031857021032
63,46,0.8654450886049539
64,224,0.9117908960763035
64,90,0.8082570616457427
65,295,0.866985469808208
65,167,0.9446132398187344
66,309,0.8650821776131814
66,183,0.8287677313868429
67,95,0.9087888754943829
67,189,0.9302253582882283
68,6,0.973241378938998
68,131,0.9652302536595252
69,300,0.8717177368842495
69,307,0.8648322874492876
70,92,0.9909996972207402
71,210,0.9225797361323311
71,119,0.7652484983771867
71,97,0.4403030714977989
71,315,0.3672797896697135
72,18,0.7618931004493658
72,96,0.9872954174986995
72,113,0.9528713406293264
72,170,0.7647387120852599
72,2,0.6700922369755932
73,152,0.9558491977655615
73,22,0.9801847561502938
74,139,0.8062987613159605
74,373,0.731013839620487
74,320,0.8573191827487529
74,229,0.7591530422777916
74,127,0.8243340491253225
75,306,0.7055732988609809
75,147,0.9355153839991557
75,220,0.9200400887774002
76,316,0.8621860052606684
76,248,0.9041228461390493
77,293,0.8800141327402164
78,125,0.9738083407717619
79,61,0.7521691891556024
79,467,0.7919637398887374
79,97,0.5046729771583568
79,421,0.5388910869555047
80,122,0.6498101261702521
80,215,0.9244449030381425
81,129,0.9722730770907142
81,34,0.9821508484111854
82,215,0.9251734417877704
82,35,0.9821508484111854
83,228,0.582509077218841
83,340,0.7427884267392829
83,297,0.8795590997714636
84,201,0.7900830157440288
84,159,0.9545253329684085
84,287,0.8254805009931181
85,244,0.8481191918151464
85,286,0.884351494543376
85,198,0.8937998387472451
85,186,0.8854786844658508
85,408,0.689508189031493
85,234,0.8188858417837053
86,382,0.8344007162056638
86,535,0.6100194599633904
87,89,0.8120961644760827
87,33,0.9369812483497675
87,257,0.9059512961069284
87,276,0.8397639035443974
88,109,0.7502647988225609
88,17,0.973241378938998
88,406,0.7620668658068188
88,169,0.9369812483497675
88,243,0.7749099600468727
88,200,0.9339123573120692
89,21,0.9722730770907142
89,142,0.9680141029402175
89,87,0.8120961644760827
89,172,0.9218530484106888
89,33,0.8496976848498543
90,224,0.9218390051298286
90,55,0.9113150658887325
90,211,0.913556091857009
90,64,0.8082570616457427
91,309,0.8542575326192744
91,44,0.9463427450445413
91,267,0.8978722430327766
91,176,0.8731780843417525
92,70,0.9909996972207402
92,144,0.9464902956121946
92,212,0.9298804969197713
93,122,0.9821508484111854
93,24,0.9722730770907142
94,144,0.9235808009025567
94,212,0.8300600661095571
94,137,0.973241378938998
95,67,0.9087888754943829
95,28,0.9273962933690687
95,189,0.8835803223217685
95,265,0.8990740815937551
95,309,0.8778507136781892
96,57,0.9821508484111854
96,72,0.9872954174986995
96,113,0.9909996972207402
97,79,0.5046729771583568
97,71,0.4403030714977989
97,315,0.8732781937716566
98,36,0.973241378938998
98,290,0.8895895385572373
98,231,0.9229387717219647
99,135,0.9644819118512427
99,287,0.8913003794604645
99,404,0.7170001861989267
100,122,0.9872954174986995
100,19,0.9652302536595252
101,210,0.9369812483497675
101,119,0.9528713406293264
102,274,0.8895895385572373
102,218,0.9338241719892809
102,143,0.8797456091065275
103,210,0.9384095649053928
103,179,0.9218530484106888
103,50,0.9571641197707226
104,420,0.8257996290988385
104,138,0.7623269711832119
105,409,0.8302340936011583
105,467,0.7691263386251741
106,194,0.7712401002602693
106,134,0.9821508484111854
107,351,0.728159995167359
107,495,0.7901541264455098
107,194,0.8860330970781489
107,224,0.7273151337446615
107,134,0.7753069756597573
108,166,0.8971855320143377
108,381,0.8203294419931803
108,418,0.8286233322159883
109,283,0.800842342186223
109,406,0.7533061926482165
109,190,0.9487936471897895
109,88,0.7502647988225609
110,242,0.9218390051298286
110,195,0.9313209421863069
110,150,0.9703267583806774
110,153,0.9381081363295531
111,235,0.9273312957094146
112,133,0.9471987816790822
112,206,0.9463836498442388
112,330,0.8631454327328397
113,215,0.9415466602470338
113,57,0.8950298247012302
113,72,0.9528713406293264
113,96,0.9909996972207402
113,300,0.8832516768981044
114,200,0.9501419324278259
115,224,0.9223900739679414
115,205,0.9487936471897895
115,180,0.9451909613112631
116,147,0.8968453867046987
116,220,0.9414093153986384
116,0,0.9200250655279731
117,295,0.820779608642769
117,167,0.9703267583806774
117,241,0.9227155337830817
117,151,0.9558491977655615
118,38,0.9635139401772062
118,136,0.9872954174986995
119,210,0.9463836498442388
119,101,0.9528713406293264
119,39,0.9635139401772062
119,71,0.7652484983771867
119,29,0.9131628725751649
120,209,0.9319412935813508
120,235,0.9318432884199691
121,276,0.8037549749804135
121,205,0.9509530557937554
121,128,0.720337787207761
121,180,0.8405082278552574
121,55,0.968511557725705
122,56,0.9680141029402175
122,20,0.7741074810278227
122,60,0.9703267583806774
122,93,0.9821508484111854
122,24,0.9225797361323311
122,80,0.6498101261702521
122,51,0.9652146743072774
122,100,0.9872954174986995
122,19,0.9110087569730583
122,215,0.9463836498442388
122,31,0.9414093153986384
123,309,0.8913003794604645
123,45,0.9625520007466786
124,53,0.9652146743072774
124,181,0.9635139401772062
124,125,0.9487936471897895
125,53,0.9621736428131291
125,209,0.8622250583911295
125,124,0.9487936471897895
125,181,0.9644819118512427
125,155,0.9344469060777219
125,78,0.9738083407717619
126,312,0.7254036219895049
126,138,0.9909996972207402
126,61,0.9680141029402175
126,42,0.9606142271693334
127,320,0.6629102919261893
127,74,0.8243340491253225
127,499,0.5382221929839984
127,229,0.9381981204125796
128,276,0.8816634702981748
128,171,0.973241378938998
128,121,0.720337787207761
128,15,0.9471987816790822
128,1,0.9381981204125796
129,171,0.973241378938998
129,81,0.9722730770907142
130,277,0.8835803223217685
130,258,0.9298804969197713
130,47,0.8018726691409938
131,292,0.9014965856039029
131,68,0.9652302536595252
131,233,0.9404329839028461
131,208,0.9041228461390493
132,219,0.8064039359961416
132,173,0.9738083407717619
132,364,0.840288019495536
133,212,0.9545253329684085
133,8,0.9076319992126715
133,112,0.9471987816790822
134,107,0.7753069756597573
134,224,0.9468945298998206
134,106,0.9821508484111854
135,99,0.9644819118512427
135,287,0.9117908960763035
136,118,0.9872954174986995
136,225,0.9491740977316223
136,156,0.896593562789905
137,94,0.973241378938998
137,144,0.9872954174986995
137,212,0.9575926614630027
138,420,0.8438711688362496
138,104,0.7623269711832119
138,126,0.9909996972207402
139,633,0.7408083516240628
139,445,0.6890627561420679
139,373,0.813149663206988
139,74,0.8062987613159605
140,212,0.8816634702981748
140,219,0.9558012826194622
140,363,0.8679683239010909
141,291,0.9136075472781886
141,281,0.6396923034266099
142,21,0.884351494543376
142,89,0.9680141029402175
142,172,0.9623684211445606
142,221,0.9545253329684085
143,102,0.8797456091065275
143,218,0.847435813197033
143,16,0.9398663543806614
143,442,0.8349207204504582
143,13,0.9381981204125796
144,92,0.9464902956121946
144,94,0.9235808009025567
144,212,0.9606142271693334
144,137,0.9872954174986995
145,215,0.9386737058518245
145,300,0.9094480181263624
146,219,0.8650821776131814
146,173,0.9821508484111854
147,658,0.731013839620487
147,646,0.6753188552204151
147,622,0.5246527054690736
147,75,0.9355153839991557
147,220,0.913556091857009
147,116,0.8968453867046987
147,545,0.4318872929847891
148,215,0.9623684211445606
148,193,0.7903344609262622
149,495,0.7589516876668645
149,191,0.973241378938998
149,194,0.8679676589696314
149,10,0.9314733060428629
150,210,0.9653197742132931
150,110,0.9703267583806774
150,179,0.8518072297569563
151,241,0.9471987816790822
151,117,0.9558491977655615
152,321,0.848587828954415
152,343,0.8866643834626358
152,288,0.9115925663617311
152,73,0.9558491977655615
152,22,0.8268993381442635
153,242,0.94836449145705
153,167,0.9801847561502938
153,241,0.9314733060428629
153,110,0.9381081363295531
153,214,0.9501419324278259
153,179,0.9100851990856139
154,235,0.9528713406293264
154,9,0.9276130660231213
154,332,0.7219061055691711
154,182,0.7492439720933227
155,209,0.9703267583806774
155,125,0.9344469060777219
156,136,0.896593562789905
156,225,0.9583247203620042
156,223,0.9509530557937554
156,202,0.973241378938998
157,309,0.8736149991505094
157,264,0.9368618471324957
158,332,0.8600561829792981
158,382,0.8731002738248943
159,84,0.9545253329684085
159,201,0.9775635533426917
160,295,0.9230610863712249
160,241,0.8842754254846615
161,4,0.9014965856039029
161,423,0.853502702787749
161,289,0.9214145039298607
161,41,0.8423441020346036
161,317,0.7840458576953303
162,59,0.7205981554336909
162,210,0.973241378938998
163,36,0.821956271362703
163,353,0.8889241318200837
164,215,0.9722730770907142
165,410,0.4386642908747911
165,639,0.6894606143382912
165,567,0.7412728495072645
165,237,0.4669978930559365
165,339,0.7864206680773322
165,365,0.8841284630228493
165,440,0.7088857828620945
166,305,0.9179975025927845
166,108,0.8971855320143377
167,65,0.9446132398187344
167,241,0.9558491977655615
167,153,0.9801847561502938
167,117,0.9703267583806774
168,215,0.973241378938998
169,406,0.8405957963283339
169,88,0.9369812483497675
169,321,0.9051393468000783
169,243,0.9202057633827514
170,72,0.7647387120852599
170,300,0.9251734417877704
170,2,0.9137040921746717
171,221,0.8747293395247265
171,276,0.9384095649053928
171,129,0.973241378938998
171,128,0.973241378938998
171,15,0.8794336973996375
172,89,0.9218530484106888
172,142,0.9623684211445606
172,33,0.9276360025292943
172,221,0.973241378938998
172,276,0.9045398032251166
173,146,0.9821508484111854
173,132,0.9738083407717619
173,364,0.8907769766035998
174,40,0.9298804969197713
174,197,0.9872954174986995
174,347,0.9000856288552439
174,3,0.8511921460983393
175,32,0.8998813475436869
175,36,0.8146762476407373
175,323,0.9001951510460674
175,269,0.9463836498442388
176,309,0.9225797361323311
176,91,0.8731780843417525
176,188,0.7926888787022922
177,215,0.9801847561502938
178,370,0.8572637197249371
178,199,0.973241378938998
178,616,0.7659163932788362
178,490,0.743256297458164
179,210,0.9821508484111854
179,150,0.8518072297569563
179,153,0.9100851990856139
179,103,0.9218530484106888
179,50,0.9314733060428629
180,224,0.9738083407717619
180,115,0.9451909613112631
180,121,0.8405082278552574
180,55,0.8546998137082643
181,209,0.9872954174986995
181,124,0.9635139401772062
181,125,0.9644819118512427
182,154,0.7492439720933227
182,332,0.7049806774445677
182,207,0.8994190350135673
182,390,0.8816634702981748
183,309,0.9075020908720377
183,66,0.8287677313868429
183,292,0.9386737058518245
184,210,0.9530151793505801
184,251,0.9640719144033315
185,385,0.8496054143220619
185,54,0.8771220094082
185,234,0.9386737058518245
185,548,0.8035617948673379
185,413,0.7398537424135401
186,198,0.8306861048894179
186,85,0.8854786844658508
186,234,0.973241378938998
187,224,0.9801847561502938
188,309,0.9300086433468401
188,176,0.7926888787022922
188,249,0.903919435030894
189,67,0.9302253582882283
189,95,0.8835803223217685
189,265,0.9558491977655615
189,7,0.781515433223275
190,283,0.8977154683324304
190,109,0.9487936471897895
190,406,0.8769595567106208
191,495,0.8346348329690547
191,149,0.973241378938998
192,411,0.8457055875723746
192,196,0.9505827415449388
192,447,0.8598213894266227
193,215,0.9131628725751649
193,148,0.7903344609262622
193,300,0.9384095649053928
194,495,0.83563606458377
194,107,0.8860330970781489
194,149,0.8679676589696314
194,10,0.7305588928851164
194,106,0.7712401002602693
195,242,0.973241378938998
195,110,0.9313209421863069
196,330,0.9083775496138666
196,352,0.692889275579548
196,411,0.7315067178773834
196,266,0.9201945322328581
196,201,0.9364430231446151
196,192,0.9505827415449388
196,287,0.9463836498442388
196,447,0.8285774273060031
197,394,0.8863103681023075
197,174,0.9872954174986995
197,347,0.9019305023371259
198,244,0.973241378938998
198,186,0.8306861048894179
198,85,0.8937998387472451
198,234,0.815346176689049
199,219,0.9899427146690853
199,178,0.973241378938998
200,88,0.9339123573120692
200,243,0.9738083407717619
200,114,0.9501419324278259
201,84,0.7900830157440288
201,196,0.9364430231446151
201,159,0.9775635533426917
201,238,0.9644819118512427
201,287,0.9471987816790822
202,156,0.973241378938998
202,223,0.9872954174986995
203,316,0.9281869347307676
204,300,0.9415466602470338
204,2,0.8684206235233114
205,276,0.9545253329684085
205,115,0.9487936471897895
205,121,0.9509530557937554
206,112,0.9463836498442388
206,330,0.9218530484106888
207,332,0.8185492222142337
207,182,0.8994190350135673
207,390,0.8914351084274457
207,415,0.7777130064767742
208,292,0.9487936471897895
208,131,0.9041228461390493
209,120,0.9319412935813508
209,181,0.9872954174986995
209,235,0.973241378938998
209,125,0.8622250583911295
209,332,0.9218390051298286
209,155,0.9703267583806774
210,331,0.9152682940533224
210,295,0.9026600840272484
210,59,0.890700797753449
210,369,0.8425868257232935
210,37,0.8963968692469961
210,268,0.8754316766788096
210,162,0.973241378938998
210,251,0.9076319992126715
210,184,0.9530151793505801
210,242,0.9801847561502938
210,101,0.9369812483497675
210,150,0.9653197742132931
210,119,0.9463836498442388
210,71,0.9225797361323311
210,29,0.9073075866954237
210,179,0.9821508484111854
210,103,0.9384095649053928
211,224,0.9909996972207402
211,90,0.913556091857009
212,92,0.9298804969197713
212,94,0.8300600661095571
212,144,0.9606142271693334
212,137,0.9575926614630027
212,8,0.8971855320143377
212,133,0.9545253329684085
212,140,0.8816634702981748
212,330,0.8955897478075493
212,352,0.8498130428640799
212,363,0.9091856712558638
212,411,0.8589163816465427
213,373,0.9041228461390493
214,241,0.9820803998915989
214,153,0.9501419324278259
214,14,0.8609994848608125
215,122,0.9463836498442388
215,80,0.9244449030381425
215,177,0.9801847561502938
215,43,0.9113150658887325
215,164,0.9722730770907142
215,62,0.9183740444181987
215,31,0.9059340820418489
215,168,0.973241378938998
215,57,0.8453041293091522
215,113,0.9415466602470338
215,148,0.9623684211445606
215,35,0.8620847213309052
215,300,0.9471987816790822
215,193,0.9131628725751649
215,82,0.9251734417877704
215,145,0.9386737058518245
215,374,0.7832739769738057
216,400,0.6394919366842017
216,494,0.6412849422672044
216,570,0.8047869842293214
216,316,0.8582516383439094
216,248,0.732152857293673
217,291,0.9545253329684085
217,281,0.5821283425607711
217,273,0.9244476739822332
217,329,0.4994851137848385
217,514,0.7024200983584886
218,274,0.9623684211445606
218,102,0.9338241719892809
218,143,0.847435813197033
218,348,0.7699614303783903
219,140,0.9558012826194622
219,363,0.9119948158727124
219,252,0.9644819118512427
219,199,0.9899427146690853
219,146,0.8650821776131814
219,132,0.8064039359961416
220,75,0.9200400887774002
220,147,0.913556091857009
220,362,0.9127900147357522
220,116,0.9414093153986384
220,0,0.7574567314655724
221,142,0.9545253329684085
221,172,0.973241378938998
221,276,0.9644819118512427
221,171,0.8747293395247265
222,309,0.9463836498442388
222,12,0.895162157181291
223,156,0.9509530557937554
223,202,0.9872954174986995
223,367,0.9143865913738085
224,351,0.9218530484106888
224,107,0.7273151337446615
224,134,0.9468945298998206
224,115,0.9223900739679414
224,180,0.9738083407717619
224,90,0.9218390051298286
224,211,0.9909996972207402
224,187,0.9801847561502938
224,64,0.9117908960763035
224,52,0.906935442825665
224,27,0.8985296707828764
225,136,0.9491740977316223
225,637,0.6149540867237061
225,416,0.8566306320041716
225,156,0.9583247203620042
225,638,0.7762647909531627
226,368,0.4977975347845062
226,274,0.7034066541248469
226,260,0.9801847561502938
227,391,0.8786494154585598
227,305,0.9545253329684085
228,404,0.8937998387472451
228,340,0.9318432884199691
228,83,0.582509077218841
229,373,0.6075065459573813
229,74,0.7591530422777916
229,127,0.9381981204125796
229,625,0.7500039279716891
229,486,0.8556370901807866
229,419,0.5596939242363747
229,443,0.815346176689049
229,574,0.8109800933224086
230,514,0.8224886443807908
230,335,0.9338241719892809
231,98,0.9229387717219647
231,262,0.9801847561502938
232,49,0.8204909557140445
232,311,0.7544613099444655
232,276,0.9722730770907142
233,292,0.9662032285945363
233,131,0.9404329839028461
234,198,0.815346176689049
234,186,0.973241378938998
234,85,0.8188858417837053
234,54,0.9026882102469709
234,408,0.5830123297829558
234,185,0.9386737058518245
234,413,0.8895895385572373
234,519,0.7178065710301766
234,333,0.9380707758593515
234,432,0.7976329142158907
235,209,0.973241378938998
235,120,0.9318432884199691
235,111,0.9273312957094146
235,154,0.9528713406293264
235,332,0.9386737058518245
236,309,0.9558012826194622
236,300,0.8560233111199229
237,301,0.9623684211445606
237,284,0.9471987816790822
237,294,0.9148743380689991
237,319,0.9083775496138666
237,165,0.4669978930559365
238,201,0.9644819118512427
238,287,0.9703267583806774
239,300,0.9635139401772062
239,32,0.8909972356589364
240,283,0.8494935234738548
240,282,0.8094629841796854
240,359,0.9271479306594969
241,295,0.9680141029402175
241,160,0.8842754254846615
241,167,0.9558491977655615
241,153,0.9314733060428629
241,117,0.9227155337830817
241,151,0.9471987816790822
241,214,0.9820803998915989
241,14,0.8844537091600784
242,295,0.968511557725705
242,210,0.9801847561502938
242,195,0.973241378938998
242,153,0.94836449145705
242,110,0.9218390051298286
243,88,0.7749099600468727
243,169,0.9202057633827514
243,321,0.9463836498442388
243,200,0.9738083407717619
244,35,0.8540364404585744
244,286,0.973241378938998
244,198,0.973241378938998
244,85,0.8481191918151464
245,424,0.8766766600114108
245,258,0.8983439678594585
245,338,0.787647268686827
245,263,0.9872954174986995
245,295,0.8261479640624577
246,406,0.7572668442929218
246,321,0.9044616776288923
246,343,0.8998101462900223
246,288,0.973241378938998
246,285,0.9510887940112148
247,686,0.5350362966254564
247,401,0.9083775496138666
247,748,0.4721360504813447
248,216,0.732152857293673
248,316,0.9528713406293264
248,76,0.9041228461390493
249,309,0.9605681082362557
249,188,0.903919435030894
250,309,0.9605681082362557
250,423,0.8456646986707417
251,268,0.9872954174986995
251,210,0.9076319992126715
251,184,0.9640719144033315
252,219,0.9644819118512427
252,418,0.9020513491110393
252,370,0.8754811676111143
253,324,0.9014965856039029
253,301,0.9680141029402175
253,294,0.8778507136781892
254,263,0.9722730770907142
254,295,0.9722730770907142
254,30,0.8860563248534263
255,514,0.8505758280931771
255,467,0.7979220328153631
255,315,0.745150387821168
256,514,0.7581900819654539
256,274,0.9821508484111854
256,496,0.8146462253163324
257,87,0.9059512961069284
257,33,0.851400302505
257,276,0.9820803998915989
258,316,0.8910554767773868
258,302,0.8968453867046987
258,376,0.8445950110693973
258,277,0.9821508484111854
258,245,0.8983439678594585
258,130,0.9298804969197713
258,47,0.8435472921169086
259,343,0.9437830818422798
260,226,0.9801847561502938
260,274,0.9872954174986995
261,375,0.7101039358471054
261,554,0.6829327033659915
261,298,0.905379195592468
261,520,0.8526504719938727
261,392,0.8725401872164539
261,460,0.8332298175832424
262,290,0.973241378938998
262,231,0.9801847561502938
262,328,0.9568060828351197
262,360,0.83563606458377
262,412,0.7971215321317052
263,245,0.9872954174986995
263,47,0.883101487576
263,295,0.9821508484111854
263,254,0.9722730770907142
264,309,0.973241378938998
264,157,0.9368618471324957
265,95,0.8990740815937551
265,189,0.9558491977655615
265,309,0.973241378938998
266,330,0.9583247203620042
266,352,0.8547569786847269
266,196,0.9201945322328581
267,309,0.9738083407717619
267,44,0.8808336754947304
267,91,0.8978722430327766
268,331,0.9575926614630027
268,210,0.8754316766788096
268,251,0.9872954174986995
269,175,0.9463836498442388
269,323,0.9489740375706385
269,378,0.9342612499401067
269,353,0.7549103295342768
270,581,0.7642939293914969
270,355,0.9463836498442388
270,386,0.6810858662656816
271,295,0.9872954174986995
272,304,0.9821508484111854
272,280,0.6263031676869946
273,345,0.9530151793505801
273,217,0.9244476739822332
273,514,0.8650821776131814
274,448,0.8891105905770373
274,368,0.5594955928236195
274,226,0.7034066541248469
274,260,0.9872954174986995
274,256,0.9821508484111854
274,496,0.8144959309729514
274,102,0.8895895385572373
274,464,0.8972305087020932
274,218,0.9623684211445606
275,309,0.9801847561502938
275,2,0.6777570656777473
276,351,0.9528713406293264
276,49,0.8387487827035611
276,87,0.8397639035443974
276,172,0.9045398032251166
276,33,0.8055543301860655
276,257,0.9820803998915989
276,232,0.9722730770907142
276,221,0.9644819118512427
276,171,0.9384095649053928
276,205,0.9545253329684085
276,128,0.8816634702981748
276,121,0.8037549749804135
277,316,0.9738083407717619
277,293,0.9244449030381425
277,258,0.9821508484111854
277,130,0.8835803223217685
278,428,0.8968398854260691
278,410,0.7990505510936233
278,334,0.9640719144033315
278,284,0.9083775496138666
279,407,0.9150619573547046
279,402,0.8435875328061784
279,280,0.8883812112096151
279,310,0.9821508484111854
280,522,0.8582531907618391
280,407,0.9059512961069284
280,272,0.6263031676869946
280,420,0.9214145039298607
280,279,0.8883812112096151
280,325,0.567733446151549
281,420,0.921919176583641
281,141,0.6396923034266099
281,217,0.5821283425607711
282,347,0.8261867348363134
282,240,0.8094629841796854
282,397,0.8923832136614579
282,359,0.9530151793505801
283,58,0.8769595567106208
283,240,0.8494935234738548
283,109,0.800842342186223
283,406,0.9276130660231213
283,190,0.8977154683324304
284,428,0.9041228461390493
284,278,0.9083775496138666
284,301,0.9909996972207402
284,237,0.9471987816790822
285,246,0.9510887940112148
285,343,0.9625520007466786
285,288,0.9653197742132931
286,35,0.7764510874564435
286,244,0.973241378938998
286,85,0.884351494543376
286,408,0.9281409595191212
287,84,0.8254805009931181
287,196,0.9463836498442388
287,201,0.9471987816790822
287,238,0.9703267583806774
287,135,0.9117908960763035
287,99,0.8913003794604645
287,447,0.803959742114691
287,404,0.9053338104244587
287,354,0.9300086433468401
287,438,0.9124847112550236
288,321,0.973241378938998
288,246,0.973241378938998
288,285,0.9653197742132931
288,152,0.9115925663617311
289,423,0.9214145039298607
289,161,0.9214145039298607
289,317,0.9679276173823074
290,423,0.9218390051298286
290,41,0.7242529617451752
290,98,0.8895895385572373
290,357,0.8495462545592452
290,262,0.973241378938998
290,328,0.9136075472781886
291,345,0.964229405292507
291,141,0.9136075472781886
291,217,0.9545253329684085
292,309,0.9872954174986995
292,183,0.9386737058518245
292,233,0.9662032285945363
292,131,0.9014965856039029
292,208,0.9487936471897895
292,391,0.8907769766035998
293,316,0.9801847561502938
293,277,0.9244449030381425
293,77,0.8800141327402164
294,324,0.9644819118512427
294,301,0.8659872472849438
294,253,0.8778507136781892
294,237,0.9148743380689991
294,346,0.9653197742132931
294,319,0.8463082564443137
295,331,0.973241378938998
295,338,0.8328226382555459
295,245,0.8261479640624577
295,263,0.9821508484111854
295,299,0.8406024216667138
295,326,0.973241378938998
295,254,0.9722730770907142
295,210,0.9026600840272484
295,271,0.9872954174986995
295,242,0.968511557725705
295,65,0.866985469808208
295,160,0.9230610863712249
295,241,0.9680141029402175
295,117,0.820779608642769
296,300,0.9217706753656504
296,374,0.9510996976913837
296,307,0.9742633661702257
297,340,0.7606707143642129
297,384,0.7764706948455566
297,516,0.8745151937794887
297,83,0.8795590997714636
297,23,0.8584549542374794
298,883,0.4601430752851086
298,798,0.397264183099552
298,261,0.905379195592468
298,392,0.9433113231217994
299,338,0.9738083407717619
299,295,0.8406024216667138
299,326,0.8389415422332784
300,215,0.9471987816790822
300,113,0.8832516768981044
300,193,0.9384095649053928
300,170,0.9251734417877704
300,145,0.9094480181263624
300,2,0.8062987613159605
300,204,0.9415466602470338
300,374,0.9545253329684085
300,296,0.9217706753656504
300,236,0.8560233111199229
300,69,0.8717177368842495
300,239,0.9635139401772062
300,426,0.6703655422978838
301,324,0.8285774273060031
301,428,0.9261529782953875
301,253,0.9680141029402175
301,284,0.9909996972207402
301,237,0.9623684211445606
301,294,0.8659872472849438
302,316,0.9872954174986995
302,258,0.8968453867046987
303,390,0.9483143562269498
304,324,0.9205396406312979
304,587,0.7021774417784626
304,272,0.9821508484111854
304,325,0.9821508484111854
305,227,0.9545253329684085
305,327,0.9821508484111854
305,166,0.9179975025927845
306,658,0.7443387957308902
306,564,0.8538694190129897
306,405,0.7162503823530399
306,75,0.7055732988609809
306,362,0.9137040921746717
307,374,0.9100851990856139
307,296,0.9742633661702257
307,69,0.8648322874492876
307,507,0.8884989321124196
308,429,0.90576355242228
308,331,0.9821508484111854
309,28,0.8521150196475515
309,95,0.8778507136781892
309,265,0.973241378938998
309,7,0.8432948574211439
309,267,0.9738083407717619
309,222,0.9463836498442388
309,91,0.8542575326192744
309,123,0.8913003794604645
309,176,0.9225797361323311
309,18,0.8488569033683961
309,66,0.8650821776131814
309,188,0.9300086433468401
309,183,0.9075020908720377
309,292,0.9872954174986995
309,249,0.9605681082362557
309,157,0.8736149991505094
309,275,0.9801847561502938
309,264,0.973241378938998
309,2,0.7047187564817856
309,250,0.9605681082362557
309,4,0.8406024216667138
309,391,0.9509530557937554
309,423,0.9319688023041177
309,236,0.9558012826194622
309,314,0.9803135280089719
310,402,0.8471358917043998
310,420,0.9373283612333432
310,279,0.9821508484111854
311,351,0.9747522414139314
311,49,0.8571490004483839
311,232,0.7544613099444655
312,420,0.9398663543806614
312,329,0.9558012826194622
312,126,0.7254036219895049
313,511,0.8556370901807866
313,355,0.9747522414139314
313,331,0.9703267583806774
313,399,0.7932299545844954
314,309,0.9803135280089719
314,391,0.9549459937243078
314,341,0.8800242870979362
315,71,0.3672797896697135
315,97,0.8732781937716566
315,421,0.9407762936823929
315,255,0.745150387821168
316,216,0.8582516383439094
316,248,0.9528713406293264
316,76,0.8621860052606684
316,457,0.9244449030381425
316,424,0.9259006636492924
316,203,0.9281869347307676
316,302,0.9872954174986995
316,293,0.9801847561502938
316,277,0.9738083407717619
316,258,0.8910554767773868
317,423,0.9433113231217994
317,161,0.7840458576953303
317,289,0.9679276173823074
317,41,0.8487236080441856
318,431,0.9392715785638494
318,510,0.8937998387472451
318,437,0.9231414344942847
318,402,0.9463836498442388
318,383,0.9053338104244587
318,420,0.8971855320143377
319,237,0.9083775496138666
319,294,0.8463082564443137
319,346,0.9623684211445606
319,388,0.9623684211445606
319,461,0.9053338104244587
320,445,0.75220040953037
320,74,0.8573191827487529
320,499,0.9053338104244587
320,127,0.6629102919261893
321,406,0.9545253329684085
321,169,0.9051393468000783
321,243,0.9463836498442388
321,246,0.9044616776288923
321,288,0.973241378938998
321,152,0.848587828954415
322,364,0.9801847561502938
322,366,0.847620409760358
323,175,0.9001951510460674
323,378,0.973241378938998
323,269,0.9489740375706385
324,789,0.5770161089751767
324,446,0.8943066002331957
324,428,0.836148925715985
324,304,0.9205396406312979
324,301,0.8285774273060031
324,253,0.9014965856039029
324,294,0.9644819118512427
324,346,0.9909996972207402
325,304,0.9821508484111854
325,280,0.567733446151549
325,346,0.9909996972207402
326,429,0.9446132398187344
326,331,0.8959827247084693
326,338,0.9201145110339601
326,299,0.8389415422332784
326,295,0.973241378938998
327,391,0.9653197742132931
327,305,0.9821508484111854
327,381,0.9369812483497675
328,423,0.9483143562269498
328,290,0.9136075472781886
328,357,0.9053338104244587
328,262,0.9568060828351197
328,360,0.9509530557937554
328,449,0.8025395608174143
329,420,0.9510887940112148
329,217,0.4994851137848385
329,312,0.9558012826194622
330,212,0.8955897478075493
330,206,0.9218530484106888
330,112,0.8631454327328397
330,352,0.9872954174986995
330,266,0.9583247203620042
330,196,0.9083775496138666
331,429,0.9463427450445413
331,355,0.8709079169470365
331,386,0.8090952929728855
331,313,0.9703267583806774
331,308,0.9821508484111854
331,295,0.973241378938998
331,326,0.8959827247084693
331,59,0.8498130428640799
331,268,0.9575926614630027
331,210,0.9152682940533224
332,209,0.9218390051298286
332,235,0.9386737058518245
332,154,0.7219061055691711
332,182,0.7049806774445677
332,207,0.8185492222142337
332,158,0.8600561829792981
332,382,0.973241378938998
332,415,0.7834027441434154
333,234,0.9380707758593515
333,548,0.7766820949335609
333,413,0.7735921407452871
333,633,0.6644091374489112
333,395,0.9653197742132931
334,505,0.8538694190129897
334,428,0.9486190642182526
334,410,0.7718712970906857
334,278,0.9640719144033315
335,514,0.9009256577333709
335,230,0.9338241719892809
336,379,0.7794306107199067
336,502,0.8211390720539455
336,563,0.8729851698473812
336,63,0.848031857021032
336,46,0.8416925287736065
337,864,0.530894001267604
337,375,0.9463427450445413
337,554,0.8793452440112806
338,424,0.9528713406293264
338,429,0.857156111702291
338,356,0.9722730770907142
338,245,0.787647268686827
338,299,0.9738083407717619
338,295,0.8328226382555459
338,326,0.9201145110339601
339,388,0.9722730770907142
339,165,0.7864206680773322
340,404,0.9623684211445606
340,228,0.9318432884199691
340,384,0.77120803083395
340,83,0.7427884267392829
340,297,0.7606707143642129
341,391,0.9722730770907142
341,314,0.8800242870979362
342,510,0.9076776741127682
342,420,0.9201145110339601
343,406,0.9640719144033315
343,246,0.8998101462900223
343,285,0.9625520007466786
343,152,0.8866643834626358
343,259,0.9437830818422798
344,370,0.9558012826194622
344,616,0.8498075788442305
345,346,0.9722730770907142
345,291,0.964229405292507
345,461,0.9381081363295531
345,273,0.9530151793505801
346,324,0.9909996972207402
346,420,0.5165222072991067
346,294,0.9653197742132931
346,325,0.9909996972207402
346,319,0.9623684211445606
346,461,0.9381981204125796
346,345,0.9722730770907142
347,394,0.9722730770907142
347,197,0.9019305023371259
347,174,0.9000856288552439
347,282,0.8261867348363134
348,464,0.7598147671872656
348,218,0.7699614303783903
348,488,0.8352709280516812
348,442,0.9471987816790822
349,392,0.9743504181289488
349,529,0.8509289366265533
350,499,0.6935981006710492
350,436,0.9491740977316223
350,521,0.892306453740211
351,563,0.8808603838965433
351,49,0.8229997060278255
351,311,0.9747522414139314
351,107,0.728159995167359
351,276,0.9528713406293264
351,224,0.9218530484106888
352,212,0.8498130428640799
352,330,0.9872954174986995
352,411,0.9680141029402175
352,266,0.8547569786847269
352,196,0.692889275579548
353,613,0.854171453906859
353,36,0.7991503902891134
353,378,0.7757120081025226
353,269,0.7549103295342768
353,163,0.8889241318200837
353,579,0.8729234626690084
354,287,0.9300086433468401
354,404,0.8716448237169279
354,438,0.9527396919219954
355,511,0.9137040921746717
355,270,0.9463836498442388
355,386,0.7217487372491216
355,313,0.9747522414139314
355,331,0.8709079169470365
356,424,0.9623684211445606
356,338,0.9722730770907142
357,423,0.9644819118512427
357,290,0.8495462545592452
357,328,0.9053338104244587
358,684,0.7551445003080879
358,385,0.9801847561502938
358,737,0.7705387267856026
358,676,0.6950534202710874
359,240,0.9271479306594969
359,282,0.9530151793505801
359,397,0.8304184392719646
359,406,0.973241378938998
359,538,0.8192571186291973
360,262,0.83563606458377
360,328,0.9509530557937554
360,449,0.9179975025927845
360,412,0.9722730770907142
361,432,0.7931444542170658
361,549,0.8031779917787812
361,445,0.9550161751648277
362,563,0.8854030699924088
362,405,0.7135939786915653
362,306,0.9137040921746717
362,220,0.9127900147357522
362,0,0.8122122079504506
363,212,0.9091856712558638
363,219,0.9119948158727124
363,140,0.8679683239010909
363,411,0.973241378938998
364,411,0.973241378938998
364,132,0.840288019495536
364,173,0.8907769766035998
364,490,0.8811083260575976
364,504,0.9127999357666516
364,322,0.9801847561502938
364,366,0.9180692042318234
364,478,0.9380707758593515
365,567,0.8854786844658508
365,165,0.8841284630228493
365,440,0.7148751814560742
366,364,0.9180692042318234
366,504,0.9225797361323311
366,322,0.847620409760358
366,478,0.7166639140169633
366,518,0.7128988121283797
367,223,0.9143865913738085
367,387,0.9872954174986995
368,389,0.639908768850149
368,448,0.9554437554669021
368,226,0.4977975347845062
368,274,0.5594955928236195
369,420,0.9722730770907142
369,37,0.8088416070708521
369,210,0.8425868257232935
370,418,0.9235808009025567
370,252,0.8754811676111143
370,616,0.8622197188047964
370,344,0.9558012826194622
370,178,0.8572637197249371
371,514,0.8033213334867859
371,467,0.9463427450445413
372,433,0.9653197742132931
372,713,0.654979893909401
373,481,0.9396605004494286
373,213,0.9041228461390493
373,139,0.813149663206988
373,74,0.731013839620487
373,229,0.6075065459573813
374,215,0.7832739769738057
374,300,0.9545253329684085
374,408,0.9801847561502938
374,296,0.9510996976913837
374,307,0.9100851990856139
375,864,0.6216489177977631
375,883,0.4988537274665961
375,337,0.9463427450445413
375,261,0.7101039358471054
376,424,0.973241378938998
376,403,0.973241378938998
376,258,0.8445950110693973
377,404,0.9821508484111854
378,613,0.7267374876605514
378,323,0.973241378938998
378,528,0.9137040921746717
378,269,0.9342612499401067
378,353,0.7757120081025226
378,551,0.7773526190985312
379,609,0.8730929737215269
379,451,0.8376041488917751
379,63,0.6490190553136626
379,336,0.7794306107199067
380,412,0.9821508484111854
381,435,0.9227155337830817
381,327,0.9369812483497675
381,108,0.8203294419931803
381,468,0.9509530557937554
381,523,0.9127039727123191
382,332,0.973241378938998
382,158,0.8731002738248943
382,86,0.8344007162056638
382,415,0.9820803998915989
383,510,0.9276360025292943
383,318,0.9053338104244587
383,420,0.9369812483497675
384,404,0.8652042743984474
384,340,0.77120803083395
384,516,0.9232841355062305
384,297,0.7764706948455566
385,358,0.9801847561502938
385,54,0.6531290711618679
385,185,0.8496054143220619
385,676,0.674883197396658
385,548,0.9064840983577179
385,703,0.7021315996304744
386,570,0.8956080376602044
386,270,0.6810858662656816
386,429,0.9472667280019401
386,355,0.7217487372491216
386,331,0.8090952929728855
387,367,0.9872954174986995
387,638,0.5930348544464055
387,433,0.973241378938998
387,808,0.5582478624166468
388,319,0.9623684211445606
388,339,0.9722730770907142
388,461,0.9623684211445606
388,440,0.9680141029402175
389,541,0.7189389726586259
389,567,0.8985296707828764
389,448,0.8495462545592452
389,368,0.639908768850149
390,182,0.8816634702981748
390,207,0.8914351084274457
390,303,0.9483143562269498
390,415,0.8316157786497426
390,466,0.9600460053862431
391,309,0.9509530557937554
391,292,0.8907769766035998
391,423,0.9821508484111854
391,314,0.9549459937243078
391,341,0.9722730770907142
391,227,0.8786494154585598
391,435,0.9459524411813659
391,327,0.9653197742132931
392,298,0.9433113231217994
392,261,0.8725401872164539
392,460,0.9644819118512427
392,349,0.9743504181289488
393,567,0.849337094754979
393,440,0.7690752085374843
393,454,0.846460926617414
393,514,0.9300086433468401
394,748,0.6203983211299677
394,517,0.7450474517624014
394,559,0.7151312876960289
394,477,0.812163651662954
394,444,0.973241378938998
394,197,0.8863103681023075
394,347,0.9722730770907142
395,333,0.9653197742132931
395,445,0.973241378938998
396,613,0.6823180313226483
396,445,0.973241378938998
396,455,0.8222419101592763
397,444,0.9738083407717619
397,282,0.8923832136614579
397,359,0.8304184392719646
397,538,0.7857365856418127
398,490,0.7068277804038477
398,606,0.8589537404969207
398,478,0.8990504388636601
398,604,0.884351494543376
399,510,0.9364430231446151
399,420,0.7876705186629233
399,313,0.7932299545844954
400,555,0.7831956702173196
400,631,0.8328628618014324
400,494,0.9487936471897895
400,216,0.6394919366842017
401,547,0.9166289835334482
401,48,0.7593041819642151
401,247,0.9083775496138666
402,318,0.9463836498442388
402,407,0.9747522414139314
402,420,0.9909996972207402
402,279,0.8435875328061784
402,310,0.8471358917043998
403,424,0.9899427146690853
403,376,0.973241378938998
404,99,0.7170001861989267
404,287,0.9053338104244587
404,354,0.8716448237169279
404,228,0.8937998387472451
404,340,0.9623684211445606
404,377,0.9821508484111854
404,438,0.9821508484111854
404,384,0.8652042743984474
405,564,0.8078886275719086
405,459,0.973241378938998
405,306,0.7162503823530399
405,483,0.9276360025292943
405,362,0.7135939786915653
406,283,0.9276130660231213
406,109,0.7533061926482165
406,359,0.973241378938998
406,190,0.8769595567106208
406,88,0.7620668658068188
406,538,0.8317526872864586
406,658,0.8570824420858736
406,169,0.8405957963283339
